{
  "feeds": [
    "Brazil | Folha de São Paulo",
    "Brazil | O Globo (via Google News)",
    "China | CGTN Politics",
    "China | CGTN World",
    "China | Global Times",
    "China | People's Daily CN",
    "China | Xinhua English",
    "India | Dainik Bhaskar",
    "India | NDTV World",
    "India | The Hindu Intl",
    "India | Times of India",
    "Iran (Opposition / Diaspora) | Iran International EN",
    "Iran (Opposition / Diaspora) | Iran International FA",
    "Iran (Opposition / Diaspora) | RFE/RL (was Radio Farda)",
    "Israel | Haaretz",
    "Israel | Jerusalem Post",
    "Israel | Times of Israel",
    "Israel | Ynet Hebrew",
    "Japan | Japan Times",
    "Japan | NHK Japanese",
    "Nigeria | Vanguard",
    "Qatar | Al Jazeera Arabic",
    "Qatar | Al Jazeera English",
    "Russia | Meduza",
    "Russia | Moscow Times",
    "Russia | RT",
    "Russia | TASS English",
    "Saudi Arabia | Al Arabiya English (via Google News)",
    "Saudi Arabia | Arab News (via Google News)",
    "South Korea | Korea Herald (via Google News)",
    "South Korea | Yonhap News",
    "Turkey | Daily Sabah",
    "Turkey | Hurriyet",
    "United Kingdom | BBC World",
    "United Kingdom | The Guardian World",
    "United Kingdom | The Telegraph",
    "United States | CNN World",
    "United States | Fox News World",
    "United States | NPR World",
    "Wire Services (Factual Baseline) | AFP / France 24 EN",
    "Wire Services (Factual Baseline) | AFP / France 24 FR",
    "Wire Services (Factual Baseline) | AP News",
    "Wire Services (Factual Baseline) | Reuters (via Google News)"
  ],
  "matrix": [
    [
      1.0,
      0.477,
      0.477,
      0.361,
      0.32,
      0.458,
      0.544,
      0.513,
      0.5,
      0.565,
      0.316,
      0.483,
      0.594,
      0.611,
      0.447,
      0.527,
      0.592,
      0.625,
      0.272,
      0.492,
      0.49,
      0.62,
      0.454,
      0.448,
      0.42,
      0.547,
      0.351,
      0.517,
      0.476,
      0.331,
      0.211,
      0.49,
      0.472,
      0.501,
      0.648,
      0.347,
      0.194,
      0.617,
      0.582,
      0.635,
      0.697,
      0.655,
      0.498
    ],
    [
      0.477,
      1.0,
      0.167,
      0.235,
      0.134,
      0.289,
      0.334,
      0.334,
      0.294,
      0.245,
      0.236,
      0.25,
      0.248,
      0.283,
      0.125,
      0.185,
      0.259,
      0.391,
      0.223,
      0.289,
      0.465,
      0.312,
      0.281,
      0.349,
      0.276,
      0.314,
      0.287,
      0.317,
      0.187,
      0.331,
      0.169,
      0.179,
      0.383,
      0.498,
      0.606,
      0.288,
      0.164,
      0.341,
      0.24,
      0.431,
      0.53,
      0.303,
      0.318
    ],
    [
      0.477,
      0.167,
      1.0,
      0.551,
      0.311,
      0.324,
      0.512,
      0.429,
      0.588,
      0.585,
      0.184,
      0.758,
      0.695,
      0.708,
      0.584,
      0.687,
      0.669,
      0.491,
      0.244,
      0.489,
      0.298,
      0.655,
      0.633,
      0.403,
      0.495,
      0.536,
      0.469,
      0.664,
      0.695,
      0.259,
      0.255,
      0.716,
      0.274,
      0.374,
      0.34,
      0.163,
      0.094,
      0.735,
      0.74,
      0.597,
      0.476,
      0.505,
      0.559
    ],
    [
      0.361,
      0.235,
      0.551,
      1.0,
      0.597,
      0.468,
      0.387,
      0.287,
      0.307,
      0.251,
      0.203,
      0.289,
      0.364,
      0.27,
      0.246,
      0.323,
      0.338,
      0.285,
      0.372,
      0.365,
      0.259,
      0.434,
      0.29,
      0.27,
      0.26,
      0.25,
      0.336,
      0.289,
      0.334,
      0.345,
      0.314,
      0.349,
      0.181,
      0.192,
      0.288,
      0.13,
      0.101,
      0.258,
      0.343,
      0.264,
      0.224,
      0.249,
      0.417
    ],
    [
      0.32,
      0.134,
      0.311,
      0.597,
      1.0,
      0.531,
      0.203,
      0.208,
      0.228,
      0.155,
      0.224,
      0.234,
      0.255,
      0.172,
      0.097,
      0.128,
      0.254,
      0.235,
      0.359,
      0.391,
      0.327,
      0.305,
      0.179,
      0.184,
      0.166,
      0.144,
      0.211,
      0.091,
      0.216,
      0.228,
      0.252,
      0.226,
      0.212,
      0.131,
      0.125,
      0.057,
      0.195,
      0.12,
      0.172,
      0.149,
      0.192,
      0.198,
      0.313
    ],
    [
      0.458,
      0.289,
      0.324,
      0.468,
      0.531,
      1.0,
      0.338,
      0.487,
      0.39,
      0.272,
      0.444,
      0.306,
      0.36,
      0.286,
      0.28,
      0.236,
      0.309,
      0.471,
      0.351,
      0.59,
      0.451,
      0.493,
      0.308,
      0.336,
      0.259,
      0.242,
      0.363,
      0.234,
      0.27,
      0.323,
      0.332,
      0.305,
      0.38,
      0.179,
      0.321,
      0.249,
      0.277,
      0.235,
      0.274,
      0.277,
      0.341,
      0.347,
      0.286
    ],
    [
      0.544,
      0.334,
      0.512,
      0.387,
      0.203,
      0.338,
      1.0,
      0.344,
      0.375,
      0.579,
      0.206,
      0.457,
      0.594,
      0.519,
      0.43,
      0.508,
      0.56,
      0.457,
      0.27,
      0.427,
      0.44,
      0.546,
      0.485,
      0.353,
      0.359,
      0.503,
      0.383,
      0.495,
      0.446,
      0.426,
      0.365,
      0.503,
      0.395,
      0.453,
      0.479,
      0.365,
      0.251,
      0.511,
      0.577,
      0.57,
      0.54,
      0.506,
      0.388
    ],
    [
      0.513,
      0.334,
      0.429,
      0.287,
      0.208,
      0.487,
      0.344,
      1.0,
      0.704,
      0.525,
      0.683,
      0.546,
      0.574,
      0.516,
      0.443,
      0.473,
      0.557,
      0.672,
      0.319,
      0.515,
      0.478,
      0.6,
      0.561,
      0.378,
      0.435,
      0.389,
      0.395,
      0.559,
      0.463,
      0.256,
      0.303,
      0.493,
      0.589,
      0.282,
      0.441,
      0.391,
      0.197,
      0.536,
      0.496,
      0.437,
      0.423,
      0.519,
      0.43
    ],
    [
      0.5,
      0.294,
      0.588,
      0.307,
      0.228,
      0.39,
      0.375,
      0.704,
      1.0,
      0.645,
      0.558,
      0.729,
      0.614,
      0.663,
      0.476,
      0.588,
      0.625,
      0.609,
      0.296,
      0.493,
      0.474,
      0.556,
      0.666,
      0.403,
      0.481,
      0.556,
      0.369,
      0.613,
      0.606,
      0.327,
      0.304,
      0.63,
      0.478,
      0.31,
      0.352,
      0.296,
      0.185,
      0.641,
      0.667,
      0.433,
      0.452,
      0.553,
      0.506
    ],
    [
      0.565,
      0.245,
      0.585,
      0.251,
      0.155,
      0.272,
      0.579,
      0.525,
      0.645,
      1.0,
      0.312,
      0.629,
      0.668,
      0.637,
      0.581,
      0.673,
      0.673,
      0.579,
      0.328,
      0.396,
      0.356,
      0.612,
      0.644,
      0.351,
      0.426,
      0.531,
      0.336,
      0.597,
      0.625,
      0.318,
      0.274,
      0.598,
      0.429,
      0.411,
      0.385,
      0.333,
      0.283,
      0.624,
      0.653,
      0.529,
      0.483,
      0.593,
      0.458
    ],
    [
      0.316,
      0.236,
      0.184,
      0.203,
      0.224,
      0.444,
      0.206,
      0.683,
      0.558,
      0.312,
      1.0,
      0.274,
      0.312,
      0.203,
      0.271,
      0.26,
      0.321,
      0.41,
      0.263,
      0.34,
      0.395,
      0.296,
      0.259,
      0.195,
      0.181,
      0.196,
      0.16,
      0.242,
      0.233,
      0.276,
      0.353,
      0.195,
      0.412,
      0.117,
      0.216,
      0.217,
      0.181,
      0.236,
      0.244,
      0.259,
      0.207,
      0.335,
      0.21
    ],
    [
      0.483,
      0.25,
      0.758,
      0.289,
      0.234,
      0.306,
      0.457,
      0.546,
      0.729,
      0.629,
      0.274,
      1.0,
      0.724,
      0.803,
      0.478,
      0.675,
      0.695,
      0.594,
      0.276,
      0.586,
      0.477,
      0.642,
      0.716,
      0.533,
      0.603,
      0.64,
      0.531,
      0.716,
      0.674,
      0.283,
      0.209,
      0.811,
      0.407,
      0.405,
      0.341,
      0.247,
      0.233,
      0.834,
      0.833,
      0.542,
      0.51,
      0.538,
      0.575
    ],
    [
      0.594,
      0.248,
      0.695,
      0.364,
      0.255,
      0.36,
      0.594,
      0.574,
      0.614,
      0.668,
      0.312,
      0.724,
      1.0,
      0.743,
      0.6,
      0.737,
      0.813,
      0.58,
      0.431,
      0.462,
      0.406,
      0.742,
      0.69,
      0.48,
      0.582,
      0.543,
      0.463,
      0.763,
      0.799,
      0.375,
      0.31,
      0.701,
      0.454,
      0.357,
      0.417,
      0.362,
      0.145,
      0.817,
      0.711,
      0.594,
      0.54,
      0.524,
      0.584
    ],
    [
      0.611,
      0.283,
      0.708,
      0.27,
      0.172,
      0.286,
      0.519,
      0.516,
      0.663,
      0.637,
      0.203,
      0.803,
      0.743,
      1.0,
      0.459,
      0.658,
      0.68,
      0.603,
      0.314,
      0.538,
      0.382,
      0.64,
      0.658,
      0.673,
      0.718,
      0.705,
      0.645,
      0.74,
      0.698,
      0.335,
      0.234,
      0.773,
      0.443,
      0.49,
      0.465,
      0.322,
      0.192,
      0.822,
      0.803,
      0.662,
      0.679,
      0.641,
      0.619
    ],
    [
      0.447,
      0.125,
      0.584,
      0.246,
      0.097,
      0.28,
      0.43,
      0.443,
      0.476,
      0.581,
      0.271,
      0.478,
      0.6,
      0.459,
      1.0,
      0.814,
      0.725,
      0.603,
      0.27,
      0.342,
      0.27,
      0.613,
      0.568,
      0.281,
      0.277,
      0.421,
      0.309,
      0.454,
      0.615,
      0.171,
      0.151,
      0.502,
      0.315,
      0.202,
      0.289,
      0.347,
      0.157,
      0.551,
      0.478,
      0.524,
      0.398,
      0.342,
      0.299
    ],
    [
      0.527,
      0.185,
      0.687,
      0.323,
      0.128,
      0.236,
      0.508,
      0.473,
      0.588,
      0.673,
      0.26,
      0.675,
      0.737,
      0.658,
      0.814,
      1.0,
      0.781,
      0.623,
      0.37,
      0.41,
      0.35,
      0.648,
      0.685,
      0.384,
      0.418,
      0.556,
      0.442,
      0.61,
      0.675,
      0.239,
      0.179,
      0.705,
      0.344,
      0.375,
      0.352,
      0.321,
      0.132,
      0.726,
      0.701,
      0.558,
      0.434,
      0.453,
      0.472
    ],
    [
      0.592,
      0.259,
      0.669,
      0.338,
      0.254,
      0.309,
      0.56,
      0.557,
      0.625,
      0.673,
      0.321,
      0.695,
      0.813,
      0.68,
      0.725,
      0.781,
      1.0,
      0.648,
      0.368,
      0.445,
      0.378,
      0.724,
      0.665,
      0.487,
      0.543,
      0.626,
      0.426,
      0.672,
      0.686,
      0.283,
      0.203,
      0.665,
      0.468,
      0.364,
      0.383,
      0.485,
      0.234,
      0.797,
      0.699,
      0.632,
      0.572,
      0.544,
      0.46
    ],
    [
      0.625,
      0.391,
      0.491,
      0.285,
      0.235,
      0.471,
      0.457,
      0.672,
      0.609,
      0.579,
      0.41,
      0.594,
      0.58,
      0.603,
      0.603,
      0.623,
      0.648,
      1.0,
      0.324,
      0.524,
      0.492,
      0.675,
      0.597,
      0.504,
      0.45,
      0.543,
      0.44,
      0.538,
      0.521,
      0.399,
      0.296,
      0.587,
      0.576,
      0.432,
      0.511,
      0.499,
      0.312,
      0.594,
      0.601,
      0.548,
      0.569,
      0.549,
      0.385
    ],
    [
      0.272,
      0.223,
      0.244,
      0.372,
      0.359,
      0.351,
      0.27,
      0.319,
      0.296,
      0.328,
      0.263,
      0.276,
      0.431,
      0.314,
      0.27,
      0.37,
      0.368,
      0.324,
      1.0,
      0.425,
      0.276,
      0.419,
      0.41,
      0.395,
      0.364,
      0.25,
      0.358,
      0.185,
      0.302,
      0.425,
      0.418,
      0.26,
      0.248,
      0.23,
      0.143,
      0.205,
      0.277,
      0.304,
      0.249,
      0.257,
      0.244,
      0.153,
      0.369
    ],
    [
      0.492,
      0.289,
      0.489,
      0.365,
      0.391,
      0.59,
      0.427,
      0.515,
      0.493,
      0.396,
      0.34,
      0.586,
      0.462,
      0.538,
      0.342,
      0.41,
      0.445,
      0.524,
      0.425,
      1.0,
      0.502,
      0.545,
      0.491,
      0.44,
      0.428,
      0.43,
      0.54,
      0.407,
      0.405,
      0.284,
      0.327,
      0.562,
      0.432,
      0.395,
      0.352,
      0.301,
      0.459,
      0.486,
      0.496,
      0.433,
      0.522,
      0.454,
      0.465
    ],
    [
      0.49,
      0.465,
      0.298,
      0.259,
      0.327,
      0.451,
      0.44,
      0.478,
      0.474,
      0.356,
      0.395,
      0.477,
      0.406,
      0.382,
      0.27,
      0.35,
      0.378,
      0.492,
      0.276,
      0.502,
      1.0,
      0.405,
      0.502,
      0.403,
      0.359,
      0.414,
      0.342,
      0.388,
      0.307,
      0.363,
      0.228,
      0.411,
      0.479,
      0.451,
      0.527,
      0.313,
      0.303,
      0.424,
      0.409,
      0.391,
      0.499,
      0.475,
      0.394
    ],
    [
      0.62,
      0.312,
      0.655,
      0.434,
      0.305,
      0.493,
      0.546,
      0.6,
      0.556,
      0.612,
      0.296,
      0.642,
      0.742,
      0.64,
      0.613,
      0.648,
      0.724,
      0.675,
      0.419,
      0.545,
      0.405,
      1.0,
      0.696,
      0.52,
      0.605,
      0.537,
      0.509,
      0.653,
      0.661,
      0.294,
      0.211,
      0.609,
      0.489,
      0.443,
      0.478,
      0.424,
      0.263,
      0.687,
      0.655,
      0.601,
      0.559,
      0.449,
      0.56
    ],
    [
      0.454,
      0.281,
      0.633,
      0.29,
      0.179,
      0.308,
      0.485,
      0.561,
      0.666,
      0.644,
      0.259,
      0.716,
      0.69,
      0.658,
      0.568,
      0.685,
      0.665,
      0.597,
      0.41,
      0.491,
      0.502,
      0.696,
      1.0,
      0.415,
      0.532,
      0.555,
      0.476,
      0.626,
      0.686,
      0.295,
      0.266,
      0.738,
      0.401,
      0.407,
      0.422,
      0.351,
      0.279,
      0.682,
      0.711,
      0.534,
      0.467,
      0.386,
      0.625
    ],
    [
      0.448,
      0.349,
      0.403,
      0.27,
      0.184,
      0.336,
      0.353,
      0.378,
      0.403,
      0.351,
      0.195,
      0.533,
      0.48,
      0.673,
      0.281,
      0.384,
      0.487,
      0.504,
      0.395,
      0.44,
      0.403,
      0.52,
      0.415,
      1.0,
      0.771,
      0.665,
      0.685,
      0.455,
      0.405,
      0.411,
      0.238,
      0.47,
      0.495,
      0.445,
      0.369,
      0.409,
      0.245,
      0.528,
      0.5,
      0.467,
      0.592,
      0.447,
      0.344
    ],
    [
      0.42,
      0.276,
      0.495,
      0.26,
      0.166,
      0.259,
      0.359,
      0.435,
      0.481,
      0.426,
      0.181,
      0.603,
      0.582,
      0.718,
      0.277,
      0.418,
      0.543,
      0.45,
      0.364,
      0.428,
      0.359,
      0.605,
      0.532,
      0.771,
      1.0,
      0.596,
      0.66,
      0.566,
      0.515,
      0.244,
      0.105,
      0.528,
      0.433,
      0.46,
      0.378,
      0.311,
      0.24,
      0.597,
      0.532,
      0.482,
      0.538,
      0.46,
      0.477
    ],
    [
      0.547,
      0.314,
      0.536,
      0.25,
      0.144,
      0.242,
      0.503,
      0.389,
      0.556,
      0.531,
      0.196,
      0.64,
      0.543,
      0.705,
      0.421,
      0.556,
      0.626,
      0.543,
      0.25,
      0.43,
      0.414,
      0.537,
      0.555,
      0.665,
      0.596,
      1.0,
      0.571,
      0.547,
      0.487,
      0.358,
      0.15,
      0.582,
      0.447,
      0.542,
      0.443,
      0.435,
      0.279,
      0.669,
      0.72,
      0.568,
      0.641,
      0.524,
      0.423
    ],
    [
      0.351,
      0.287,
      0.469,
      0.336,
      0.211,
      0.363,
      0.383,
      0.395,
      0.369,
      0.336,
      0.16,
      0.531,
      0.463,
      0.645,
      0.309,
      0.442,
      0.426,
      0.44,
      0.358,
      0.54,
      0.342,
      0.509,
      0.476,
      0.685,
      0.66,
      0.571,
      1.0,
      0.503,
      0.426,
      0.331,
      0.277,
      0.6,
      0.391,
      0.435,
      0.375,
      0.323,
      0.176,
      0.495,
      0.499,
      0.452,
      0.54,
      0.355,
      0.461
    ],
    [
      0.517,
      0.317,
      0.664,
      0.289,
      0.091,
      0.234,
      0.495,
      0.559,
      0.613,
      0.597,
      0.242,
      0.716,
      0.763,
      0.74,
      0.454,
      0.61,
      0.672,
      0.538,
      0.185,
      0.407,
      0.388,
      0.653,
      0.626,
      0.455,
      0.566,
      0.547,
      0.503,
      1.0,
      0.775,
      0.368,
      0.251,
      0.687,
      0.444,
      0.404,
      0.407,
      0.348,
      0.104,
      0.781,
      0.715,
      0.512,
      0.505,
      0.537,
      0.64
    ],
    [
      0.476,
      0.187,
      0.695,
      0.334,
      0.216,
      0.27,
      0.446,
      0.463,
      0.606,
      0.625,
      0.233,
      0.674,
      0.799,
      0.698,
      0.615,
      0.675,
      0.686,
      0.521,
      0.302,
      0.405,
      0.307,
      0.661,
      0.686,
      0.405,
      0.515,
      0.487,
      0.426,
      0.775,
      1.0,
      0.411,
      0.309,
      0.695,
      0.351,
      0.27,
      0.303,
      0.311,
      0.205,
      0.719,
      0.67,
      0.5,
      0.43,
      0.45,
      0.66
    ],
    [
      0.331,
      0.331,
      0.259,
      0.345,
      0.228,
      0.323,
      0.426,
      0.256,
      0.327,
      0.318,
      0.276,
      0.283,
      0.375,
      0.335,
      0.171,
      0.239,
      0.283,
      0.399,
      0.425,
      0.284,
      0.363,
      0.294,
      0.295,
      0.411,
      0.244,
      0.358,
      0.331,
      0.368,
      0.411,
      1.0,
      0.695,
      0.264,
      0.289,
      0.249,
      0.247,
      0.323,
      0.267,
      0.285,
      0.356,
      0.231,
      0.262,
      0.362,
      0.36
    ],
    [
      0.211,
      0.169,
      0.255,
      0.314,
      0.252,
      0.332,
      0.365,
      0.303,
      0.304,
      0.274,
      0.353,
      0.209,
      0.31,
      0.234,
      0.151,
      0.179,
      0.203,
      0.296,
      0.418,
      0.327,
      0.228,
      0.211,
      0.266,
      0.238,
      0.105,
      0.15,
      0.277,
      0.251,
      0.309,
      0.695,
      1.0,
      0.272,
      0.291,
      0.07,
      0.133,
      0.167,
      0.185,
      0.188,
      0.237,
      0.182,
      0.141,
      0.312,
      0.252
    ],
    [
      0.49,
      0.179,
      0.716,
      0.349,
      0.226,
      0.305,
      0.503,
      0.493,
      0.63,
      0.598,
      0.195,
      0.811,
      0.701,
      0.773,
      0.502,
      0.705,
      0.665,
      0.587,
      0.26,
      0.562,
      0.411,
      0.609,
      0.738,
      0.47,
      0.528,
      0.582,
      0.6,
      0.687,
      0.695,
      0.264,
      0.272,
      1.0,
      0.347,
      0.36,
      0.35,
      0.303,
      0.205,
      0.76,
      0.786,
      0.541,
      0.491,
      0.509,
      0.582
    ],
    [
      0.472,
      0.383,
      0.274,
      0.181,
      0.212,
      0.38,
      0.395,
      0.589,
      0.478,
      0.429,
      0.412,
      0.407,
      0.454,
      0.443,
      0.315,
      0.344,
      0.468,
      0.576,
      0.248,
      0.432,
      0.479,
      0.489,
      0.401,
      0.495,
      0.433,
      0.447,
      0.391,
      0.444,
      0.351,
      0.289,
      0.291,
      0.347,
      1.0,
      0.363,
      0.451,
      0.471,
      0.266,
      0.406,
      0.388,
      0.375,
      0.507,
      0.52,
      0.284
    ],
    [
      0.501,
      0.498,
      0.374,
      0.192,
      0.131,
      0.179,
      0.453,
      0.282,
      0.31,
      0.411,
      0.117,
      0.405,
      0.357,
      0.49,
      0.202,
      0.375,
      0.364,
      0.432,
      0.23,
      0.395,
      0.451,
      0.443,
      0.407,
      0.445,
      0.46,
      0.542,
      0.435,
      0.404,
      0.27,
      0.249,
      0.07,
      0.36,
      0.363,
      1.0,
      0.59,
      0.395,
      0.209,
      0.468,
      0.464,
      0.502,
      0.611,
      0.463,
      0.447
    ],
    [
      0.648,
      0.606,
      0.34,
      0.288,
      0.125,
      0.321,
      0.479,
      0.441,
      0.352,
      0.385,
      0.216,
      0.341,
      0.417,
      0.465,
      0.289,
      0.352,
      0.383,
      0.511,
      0.143,
      0.352,
      0.527,
      0.478,
      0.422,
      0.369,
      0.378,
      0.443,
      0.375,
      0.407,
      0.303,
      0.247,
      0.133,
      0.35,
      0.451,
      0.59,
      1.0,
      0.376,
      0.123,
      0.474,
      0.452,
      0.64,
      0.673,
      0.516,
      0.426
    ],
    [
      0.347,
      0.288,
      0.163,
      0.13,
      0.057,
      0.249,
      0.365,
      0.391,
      0.296,
      0.333,
      0.217,
      0.247,
      0.362,
      0.322,
      0.347,
      0.321,
      0.485,
      0.499,
      0.205,
      0.301,
      0.313,
      0.424,
      0.351,
      0.409,
      0.311,
      0.435,
      0.323,
      0.348,
      0.311,
      0.323,
      0.167,
      0.303,
      0.471,
      0.395,
      0.376,
      1.0,
      0.296,
      0.384,
      0.297,
      0.299,
      0.445,
      0.345,
      0.174
    ],
    [
      0.194,
      0.164,
      0.094,
      0.101,
      0.195,
      0.277,
      0.251,
      0.197,
      0.185,
      0.283,
      0.181,
      0.233,
      0.145,
      0.192,
      0.157,
      0.132,
      0.234,
      0.312,
      0.277,
      0.459,
      0.303,
      0.263,
      0.279,
      0.245,
      0.24,
      0.279,
      0.176,
      0.104,
      0.205,
      0.267,
      0.185,
      0.205,
      0.266,
      0.209,
      0.123,
      0.296,
      1.0,
      0.148,
      0.196,
      0.183,
      0.255,
      0.305,
      0.244
    ],
    [
      0.617,
      0.341,
      0.735,
      0.258,
      0.12,
      0.235,
      0.511,
      0.536,
      0.641,
      0.624,
      0.236,
      0.834,
      0.817,
      0.822,
      0.551,
      0.726,
      0.797,
      0.594,
      0.304,
      0.486,
      0.424,
      0.687,
      0.682,
      0.528,
      0.597,
      0.669,
      0.495,
      0.781,
      0.719,
      0.285,
      0.188,
      0.76,
      0.406,
      0.468,
      0.474,
      0.384,
      0.148,
      1.0,
      0.785,
      0.674,
      0.633,
      0.572,
      0.582
    ],
    [
      0.582,
      0.24,
      0.74,
      0.343,
      0.172,
      0.274,
      0.577,
      0.496,
      0.667,
      0.653,
      0.244,
      0.833,
      0.711,
      0.803,
      0.478,
      0.701,
      0.699,
      0.601,
      0.249,
      0.496,
      0.409,
      0.655,
      0.711,
      0.5,
      0.532,
      0.72,
      0.499,
      0.715,
      0.67,
      0.356,
      0.237,
      0.786,
      0.388,
      0.464,
      0.452,
      0.297,
      0.196,
      0.785,
      1.0,
      0.626,
      0.53,
      0.557,
      0.571
    ],
    [
      0.635,
      0.431,
      0.597,
      0.264,
      0.149,
      0.277,
      0.57,
      0.437,
      0.433,
      0.529,
      0.259,
      0.542,
      0.594,
      0.662,
      0.524,
      0.558,
      0.632,
      0.548,
      0.257,
      0.433,
      0.391,
      0.601,
      0.534,
      0.467,
      0.482,
      0.568,
      0.452,
      0.512,
      0.5,
      0.231,
      0.182,
      0.541,
      0.375,
      0.502,
      0.64,
      0.299,
      0.183,
      0.674,
      0.626,
      1.0,
      0.795,
      0.595,
      0.456
    ],
    [
      0.697,
      0.53,
      0.476,
      0.224,
      0.192,
      0.341,
      0.54,
      0.423,
      0.452,
      0.483,
      0.207,
      0.51,
      0.54,
      0.679,
      0.398,
      0.434,
      0.572,
      0.569,
      0.244,
      0.522,
      0.499,
      0.559,
      0.467,
      0.592,
      0.538,
      0.641,
      0.54,
      0.505,
      0.43,
      0.262,
      0.141,
      0.491,
      0.507,
      0.611,
      0.673,
      0.445,
      0.255,
      0.633,
      0.53,
      0.795,
      1.0,
      0.594,
      0.463
    ],
    [
      0.655,
      0.303,
      0.505,
      0.249,
      0.198,
      0.347,
      0.506,
      0.519,
      0.553,
      0.593,
      0.335,
      0.538,
      0.524,
      0.641,
      0.342,
      0.453,
      0.544,
      0.549,
      0.153,
      0.454,
      0.475,
      0.449,
      0.386,
      0.447,
      0.46,
      0.524,
      0.355,
      0.537,
      0.45,
      0.362,
      0.312,
      0.509,
      0.52,
      0.463,
      0.516,
      0.345,
      0.305,
      0.572,
      0.557,
      0.595,
      0.594,
      1.0,
      0.397
    ],
    [
      0.498,
      0.318,
      0.559,
      0.417,
      0.313,
      0.286,
      0.388,
      0.43,
      0.506,
      0.458,
      0.21,
      0.575,
      0.584,
      0.619,
      0.299,
      0.472,
      0.46,
      0.385,
      0.369,
      0.465,
      0.394,
      0.56,
      0.625,
      0.344,
      0.477,
      0.423,
      0.461,
      0.64,
      0.66,
      0.36,
      0.252,
      0.582,
      0.284,
      0.447,
      0.426,
      0.174,
      0.244,
      0.582,
      0.571,
      0.456,
      0.463,
      0.397,
      1.0
    ]
  ]
}