{
  "feeds": [
    "Brazil | Folha de São Paulo",
    "Brazil | O Globo (via Google News)",
    "China | CGTN Politics",
    "China | CGTN World",
    "China | Global Times",
    "China | People's Daily CN",
    "China | Xinhua English",
    "India | Dainik Bhaskar",
    "India | NDTV World",
    "India | The Hindu Intl",
    "India | Times of India",
    "Iran (Opposition / Diaspora) | Iran International EN",
    "Iran (Opposition / Diaspora) | Iran International FA",
    "Iran (Opposition / Diaspora) | RFE/RL (was Radio Farda)",
    "Iran (State) | IRNA Farsi",
    "Iran (State) | Tehran Times",
    "Israel | Haaretz",
    "Israel | Jerusalem Post",
    "Israel | Times of Israel",
    "Israel | Ynet Hebrew",
    "Japan | Japan Times",
    "Japan | NHK Japanese",
    "Nigeria | The Punch",
    "Nigeria | Vanguard",
    "Qatar | Al Jazeera Arabic",
    "Qatar | Al Jazeera English",
    "Russia | Meduza",
    "Russia | Moscow Times",
    "Russia | RT",
    "Russia | TASS English",
    "Saudi Arabia | Al Arabiya English (via Google News)",
    "Saudi Arabia | Arab News (via Google News)",
    "South Korea | Korea Herald (via Google News)",
    "South Korea | Yonhap News",
    "Turkey | Daily Sabah",
    "Turkey | Hurriyet",
    "United Kingdom | BBC World",
    "United Kingdom | The Guardian World",
    "United Kingdom | The Telegraph",
    "United States | CNN World",
    "United States | Fox News World",
    "United States | NPR World",
    "Wire Services (Factual Baseline) | AFP / France 24 EN",
    "Wire Services (Factual Baseline) | AFP / France 24 FR",
    "Wire Services (Factual Baseline) | AP News",
    "Wire Services (Factual Baseline) | Reuters (via Google News)"
  ],
  "matrix": [
    [
      1.0,
      0.455,
      0.503,
      0.47,
      0.214,
      0.335,
      0.5,
      0.378,
      0.514,
      0.703,
      0.375,
      0.569,
      0.622,
      0.548,
      0.517,
      0.548,
      0.71,
      0.673,
      0.475,
      0.612,
      0.446,
      0.333,
      0.5,
      0.454,
      0.616,
      0.65,
      0.282,
      0.376,
      0.521,
      0.464,
      0.573,
      0.608,
      0.254,
      0.223,
      0.668,
      0.521,
      0.555,
      0.575,
      0.464,
      0.273,
      0.638,
      0.652,
      0.653,
      0.745,
      0.488,
      0.53
    ],
    [
      0.455,
      1.0,
      0.467,
      0.474,
      0.216,
      0.369,
      0.396,
      0.391,
      0.459,
      0.533,
      0.335,
      0.408,
      0.527,
      0.41,
      0.445,
      0.428,
      0.316,
      0.378,
      0.327,
      0.577,
      0.407,
      0.366,
      0.558,
      0.441,
      0.499,
      0.438,
      0.42,
      0.475,
      0.391,
      0.388,
      0.492,
      0.49,
      0.379,
      0.365,
      0.432,
      0.615,
      0.494,
      0.531,
      0.305,
      0.096,
      0.482,
      0.483,
      0.375,
      0.454,
      0.342,
      0.537
    ],
    [
      0.503,
      0.467,
      1.0,
      0.751,
      0.469,
      0.505,
      0.524,
      0.363,
      0.345,
      0.671,
      0.279,
      0.607,
      0.592,
      0.485,
      0.424,
      0.578,
      0.472,
      0.568,
      0.45,
      0.522,
      0.393,
      0.229,
      0.383,
      0.506,
      0.524,
      0.504,
      0.421,
      0.368,
      0.413,
      0.413,
      0.609,
      0.663,
      0.441,
      0.396,
      0.54,
      0.385,
      0.234,
      0.355,
      0.206,
      0.069,
      0.513,
      0.585,
      0.449,
      0.507,
      0.378,
      0.581
    ],
    [
      0.47,
      0.474,
      0.751,
      1.0,
      0.563,
      0.522,
      0.471,
      0.294,
      0.421,
      0.642,
      0.293,
      0.581,
      0.562,
      0.388,
      0.382,
      0.449,
      0.496,
      0.608,
      0.453,
      0.471,
      0.453,
      0.267,
      0.38,
      0.469,
      0.563,
      0.531,
      0.35,
      0.307,
      0.391,
      0.356,
      0.572,
      0.606,
      0.393,
      0.303,
      0.495,
      0.314,
      0.272,
      0.299,
      0.242,
      0.165,
      0.516,
      0.558,
      0.486,
      0.488,
      0.303,
      0.602
    ],
    [
      0.214,
      0.216,
      0.469,
      0.563,
      1.0,
      0.557,
      0.253,
      0.224,
      0.167,
      0.322,
      0.162,
      0.329,
      0.269,
      0.216,
      0.341,
      0.293,
      0.225,
      0.332,
      0.169,
      0.241,
      0.376,
      0.266,
      0.216,
      0.309,
      0.266,
      0.201,
      0.244,
      0.18,
      0.121,
      0.201,
      0.151,
      0.258,
      0.32,
      0.265,
      0.242,
      0.114,
      0.139,
      0.133,
      0.078,
      0.191,
      0.266,
      0.338,
      0.227,
      0.215,
      0.255,
      0.348
    ],
    [
      0.335,
      0.369,
      0.505,
      0.522,
      0.557,
      1.0,
      0.338,
      0.445,
      0.28,
      0.465,
      0.336,
      0.333,
      0.507,
      0.189,
      0.56,
      0.377,
      0.301,
      0.341,
      0.244,
      0.454,
      0.391,
      0.509,
      0.339,
      0.418,
      0.464,
      0.291,
      0.269,
      0.214,
      0.152,
      0.26,
      0.282,
      0.27,
      0.319,
      0.335,
      0.221,
      0.375,
      0.134,
      0.279,
      0.249,
      0.277,
      0.241,
      0.382,
      0.319,
      0.357,
      0.381,
      0.393
    ],
    [
      0.5,
      0.396,
      0.524,
      0.471,
      0.253,
      0.338,
      1.0,
      0.231,
      0.34,
      0.62,
      0.329,
      0.508,
      0.464,
      0.474,
      0.357,
      0.364,
      0.5,
      0.501,
      0.445,
      0.568,
      0.498,
      0.314,
      0.444,
      0.451,
      0.574,
      0.552,
      0.345,
      0.378,
      0.475,
      0.394,
      0.465,
      0.448,
      0.457,
      0.393,
      0.597,
      0.414,
      0.424,
      0.359,
      0.365,
      0.251,
      0.512,
      0.488,
      0.547,
      0.551,
      0.382,
      0.465
    ],
    [
      0.378,
      0.391,
      0.363,
      0.294,
      0.224,
      0.445,
      0.231,
      1.0,
      0.361,
      0.37,
      0.711,
      0.265,
      0.512,
      0.134,
      0.492,
      0.328,
      0.286,
      0.31,
      0.322,
      0.55,
      0.345,
      0.471,
      0.463,
      0.384,
      0.315,
      0.251,
      0.212,
      0.248,
      0.148,
      0.231,
      0.264,
      0.331,
      0.283,
      0.38,
      0.248,
      0.598,
      0.329,
      0.347,
      0.36,
      0.227,
      0.178,
      0.358,
      0.356,
      0.323,
      0.292,
      0.323
    ],
    [
      0.514,
      0.459,
      0.345,
      0.421,
      0.167,
      0.28,
      0.34,
      0.361,
      1.0,
      0.514,
      0.497,
      0.518,
      0.539,
      0.369,
      0.339,
      0.307,
      0.439,
      0.519,
      0.452,
      0.574,
      0.505,
      0.399,
      0.585,
      0.413,
      0.454,
      0.511,
      0.261,
      0.338,
      0.468,
      0.423,
      0.501,
      0.517,
      0.452,
      0.376,
      0.437,
      0.447,
      0.439,
      0.492,
      0.375,
      0.196,
      0.542,
      0.437,
      0.466,
      0.492,
      0.284,
      0.523
    ],
    [
      0.703,
      0.533,
      0.671,
      0.642,
      0.322,
      0.465,
      0.62,
      0.37,
      0.514,
      1.0,
      0.453,
      0.697,
      0.679,
      0.607,
      0.496,
      0.566,
      0.616,
      0.693,
      0.557,
      0.674,
      0.483,
      0.296,
      0.517,
      0.566,
      0.686,
      0.675,
      0.395,
      0.458,
      0.555,
      0.468,
      0.642,
      0.677,
      0.366,
      0.314,
      0.712,
      0.468,
      0.45,
      0.469,
      0.388,
      0.234,
      0.643,
      0.662,
      0.638,
      0.7,
      0.568,
      0.641
    ],
    [
      0.375,
      0.335,
      0.279,
      0.293,
      0.162,
      0.336,
      0.329,
      0.711,
      0.497,
      0.453,
      1.0,
      0.312,
      0.42,
      0.214,
      0.389,
      0.29,
      0.289,
      0.353,
      0.361,
      0.573,
      0.419,
      0.431,
      0.441,
      0.33,
      0.339,
      0.315,
      0.151,
      0.246,
      0.26,
      0.205,
      0.264,
      0.285,
      0.313,
      0.413,
      0.38,
      0.507,
      0.393,
      0.376,
      0.367,
      0.226,
      0.277,
      0.384,
      0.536,
      0.363,
      0.278,
      0.285
    ],
    [
      0.569,
      0.408,
      0.607,
      0.581,
      0.329,
      0.333,
      0.508,
      0.265,
      0.518,
      0.697,
      0.312,
      1.0,
      0.744,
      0.571,
      0.52,
      0.717,
      0.648,
      0.758,
      0.579,
      0.618,
      0.52,
      0.237,
      0.422,
      0.516,
      0.592,
      0.68,
      0.569,
      0.595,
      0.598,
      0.646,
      0.702,
      0.674,
      0.365,
      0.255,
      0.581,
      0.382,
      0.397,
      0.424,
      0.337,
      0.243,
      0.711,
      0.618,
      0.522,
      0.628,
      0.347,
      0.631
    ],
    [
      0.622,
      0.527,
      0.592,
      0.562,
      0.269,
      0.507,
      0.464,
      0.512,
      0.539,
      0.679,
      0.42,
      0.744,
      1.0,
      0.482,
      0.649,
      0.678,
      0.649,
      0.692,
      0.515,
      0.726,
      0.531,
      0.44,
      0.505,
      0.582,
      0.611,
      0.603,
      0.482,
      0.484,
      0.515,
      0.56,
      0.647,
      0.634,
      0.363,
      0.323,
      0.502,
      0.562,
      0.364,
      0.447,
      0.313,
      0.294,
      0.565,
      0.546,
      0.503,
      0.63,
      0.402,
      0.595
    ],
    [
      0.548,
      0.41,
      0.485,
      0.388,
      0.216,
      0.189,
      0.474,
      0.134,
      0.369,
      0.607,
      0.214,
      0.571,
      0.482,
      1.0,
      0.262,
      0.46,
      0.397,
      0.547,
      0.343,
      0.513,
      0.364,
      0.116,
      0.311,
      0.387,
      0.438,
      0.567,
      0.535,
      0.551,
      0.686,
      0.527,
      0.541,
      0.576,
      0.269,
      0.202,
      0.733,
      0.363,
      0.585,
      0.407,
      0.334,
      0.106,
      0.726,
      0.559,
      0.485,
      0.619,
      0.574,
      0.549
    ],
    [
      0.517,
      0.445,
      0.424,
      0.382,
      0.341,
      0.56,
      0.357,
      0.492,
      0.339,
      0.496,
      0.389,
      0.52,
      0.649,
      0.262,
      1.0,
      0.635,
      0.513,
      0.493,
      0.361,
      0.574,
      0.472,
      0.412,
      0.449,
      0.421,
      0.549,
      0.413,
      0.418,
      0.443,
      0.261,
      0.496,
      0.466,
      0.465,
      0.329,
      0.295,
      0.3,
      0.531,
      0.249,
      0.392,
      0.355,
      0.305,
      0.369,
      0.433,
      0.382,
      0.459,
      0.321,
      0.456
    ],
    [
      0.548,
      0.428,
      0.578,
      0.449,
      0.293,
      0.377,
      0.364,
      0.328,
      0.307,
      0.566,
      0.29,
      0.717,
      0.678,
      0.46,
      0.635,
      1.0,
      0.554,
      0.639,
      0.465,
      0.591,
      0.382,
      0.18,
      0.333,
      0.403,
      0.481,
      0.545,
      0.566,
      0.548,
      0.459,
      0.557,
      0.601,
      0.564,
      0.322,
      0.229,
      0.443,
      0.452,
      0.281,
      0.351,
      0.296,
      0.191,
      0.519,
      0.548,
      0.406,
      0.558,
      0.327,
      0.53
    ],
    [
      0.71,
      0.316,
      0.472,
      0.496,
      0.225,
      0.301,
      0.5,
      0.286,
      0.439,
      0.616,
      0.289,
      0.648,
      0.649,
      0.397,
      0.513,
      0.554,
      1.0,
      0.809,
      0.725,
      0.643,
      0.495,
      0.333,
      0.424,
      0.499,
      0.668,
      0.701,
      0.357,
      0.373,
      0.513,
      0.463,
      0.605,
      0.625,
      0.295,
      0.174,
      0.552,
      0.371,
      0.285,
      0.351,
      0.408,
      0.281,
      0.538,
      0.567,
      0.649,
      0.653,
      0.298,
      0.512
    ],
    [
      0.673,
      0.378,
      0.568,
      0.608,
      0.332,
      0.341,
      0.501,
      0.31,
      0.519,
      0.693,
      0.353,
      0.758,
      0.692,
      0.547,
      0.493,
      0.639,
      0.809,
      1.0,
      0.727,
      0.668,
      0.553,
      0.297,
      0.384,
      0.519,
      0.571,
      0.755,
      0.383,
      0.453,
      0.532,
      0.492,
      0.673,
      0.663,
      0.314,
      0.21,
      0.651,
      0.361,
      0.331,
      0.369,
      0.384,
      0.232,
      0.597,
      0.606,
      0.643,
      0.617,
      0.367,
      0.607
    ],
    [
      0.475,
      0.327,
      0.45,
      0.453,
      0.169,
      0.244,
      0.445,
      0.322,
      0.452,
      0.557,
      0.361,
      0.579,
      0.515,
      0.343,
      0.361,
      0.465,
      0.725,
      0.727,
      1.0,
      0.653,
      0.497,
      0.349,
      0.403,
      0.465,
      0.524,
      0.639,
      0.363,
      0.424,
      0.497,
      0.384,
      0.546,
      0.572,
      0.4,
      0.256,
      0.455,
      0.343,
      0.239,
      0.322,
      0.434,
      0.258,
      0.438,
      0.53,
      0.55,
      0.515,
      0.23,
      0.483
    ],
    [
      0.612,
      0.577,
      0.522,
      0.471,
      0.241,
      0.454,
      0.568,
      0.55,
      0.574,
      0.674,
      0.573,
      0.618,
      0.726,
      0.513,
      0.574,
      0.591,
      0.643,
      0.668,
      0.653,
      1.0,
      0.572,
      0.53,
      0.598,
      0.519,
      0.672,
      0.661,
      0.559,
      0.616,
      0.594,
      0.568,
      0.591,
      0.583,
      0.443,
      0.417,
      0.562,
      0.675,
      0.491,
      0.541,
      0.526,
      0.221,
      0.532,
      0.657,
      0.619,
      0.63,
      0.447,
      0.529
    ],
    [
      0.446,
      0.407,
      0.393,
      0.453,
      0.376,
      0.391,
      0.498,
      0.345,
      0.505,
      0.483,
      0.419,
      0.52,
      0.531,
      0.364,
      0.472,
      0.382,
      0.495,
      0.553,
      0.497,
      0.572,
      1.0,
      0.541,
      0.476,
      0.447,
      0.487,
      0.464,
      0.354,
      0.443,
      0.438,
      0.518,
      0.429,
      0.416,
      0.533,
      0.446,
      0.434,
      0.401,
      0.384,
      0.384,
      0.382,
      0.423,
      0.501,
      0.493,
      0.462,
      0.463,
      0.315,
      0.485
    ],
    [
      0.333,
      0.366,
      0.229,
      0.267,
      0.266,
      0.509,
      0.314,
      0.471,
      0.399,
      0.296,
      0.431,
      0.237,
      0.44,
      0.116,
      0.412,
      0.18,
      0.333,
      0.297,
      0.349,
      0.53,
      0.541,
      1.0,
      0.422,
      0.403,
      0.377,
      0.257,
      0.154,
      0.198,
      0.131,
      0.19,
      0.164,
      0.196,
      0.352,
      0.424,
      0.184,
      0.435,
      0.268,
      0.318,
      0.408,
      0.42,
      0.192,
      0.383,
      0.295,
      0.366,
      0.382,
      0.323
    ],
    [
      0.5,
      0.558,
      0.383,
      0.38,
      0.216,
      0.339,
      0.444,
      0.463,
      0.585,
      0.517,
      0.441,
      0.422,
      0.505,
      0.311,
      0.449,
      0.333,
      0.424,
      0.384,
      0.403,
      0.598,
      0.476,
      0.422,
      1.0,
      0.633,
      0.501,
      0.484,
      0.299,
      0.392,
      0.47,
      0.414,
      0.435,
      0.46,
      0.443,
      0.377,
      0.383,
      0.539,
      0.504,
      0.559,
      0.373,
      0.169,
      0.465,
      0.413,
      0.563,
      0.549,
      0.381,
      0.493
    ],
    [
      0.454,
      0.441,
      0.506,
      0.469,
      0.309,
      0.418,
      0.451,
      0.384,
      0.413,
      0.566,
      0.33,
      0.516,
      0.582,
      0.387,
      0.421,
      0.403,
      0.499,
      0.519,
      0.465,
      0.519,
      0.447,
      0.403,
      0.633,
      1.0,
      0.545,
      0.519,
      0.272,
      0.269,
      0.429,
      0.367,
      0.491,
      0.517,
      0.379,
      0.318,
      0.41,
      0.404,
      0.321,
      0.357,
      0.311,
      0.259,
      0.461,
      0.491,
      0.543,
      0.624,
      0.354,
      0.52
    ],
    [
      0.616,
      0.499,
      0.524,
      0.563,
      0.266,
      0.464,
      0.574,
      0.315,
      0.454,
      0.686,
      0.339,
      0.592,
      0.611,
      0.438,
      0.549,
      0.481,
      0.668,
      0.571,
      0.524,
      0.672,
      0.487,
      0.377,
      0.501,
      0.545,
      1.0,
      0.616,
      0.452,
      0.534,
      0.511,
      0.589,
      0.568,
      0.611,
      0.35,
      0.253,
      0.525,
      0.442,
      0.429,
      0.496,
      0.409,
      0.314,
      0.601,
      0.666,
      0.614,
      0.667,
      0.379,
      0.587
    ],
    [
      0.65,
      0.438,
      0.504,
      0.531,
      0.201,
      0.291,
      0.552,
      0.251,
      0.511,
      0.675,
      0.315,
      0.68,
      0.603,
      0.567,
      0.413,
      0.545,
      0.701,
      0.755,
      0.639,
      0.661,
      0.464,
      0.257,
      0.484,
      0.519,
      0.616,
      1.0,
      0.444,
      0.548,
      0.694,
      0.549,
      0.691,
      0.654,
      0.331,
      0.256,
      0.66,
      0.323,
      0.443,
      0.421,
      0.399,
      0.178,
      0.69,
      0.659,
      0.678,
      0.667,
      0.355,
      0.608
    ],
    [
      0.282,
      0.42,
      0.421,
      0.35,
      0.244,
      0.269,
      0.345,
      0.212,
      0.261,
      0.395,
      0.151,
      0.569,
      0.482,
      0.535,
      0.418,
      0.566,
      0.357,
      0.383,
      0.363,
      0.559,
      0.354,
      0.154,
      0.299,
      0.272,
      0.452,
      0.444,
      1.0,
      0.829,
      0.535,
      0.681,
      0.471,
      0.447,
      0.303,
      0.164,
      0.37,
      0.436,
      0.383,
      0.388,
      0.284,
      0.067,
      0.448,
      0.478,
      0.336,
      0.413,
      0.261,
      0.426
    ],
    [
      0.376,
      0.475,
      0.368,
      0.307,
      0.18,
      0.214,
      0.378,
      0.248,
      0.338,
      0.458,
      0.246,
      0.595,
      0.484,
      0.551,
      0.443,
      0.548,
      0.373,
      0.453,
      0.424,
      0.616,
      0.443,
      0.198,
      0.392,
      0.269,
      0.534,
      0.548,
      0.829,
      1.0,
      0.572,
      0.762,
      0.498,
      0.438,
      0.288,
      0.175,
      0.466,
      0.445,
      0.516,
      0.506,
      0.299,
      0.151,
      0.544,
      0.549,
      0.433,
      0.452,
      0.279,
      0.488
    ],
    [
      0.521,
      0.391,
      0.413,
      0.391,
      0.121,
      0.152,
      0.475,
      0.148,
      0.468,
      0.555,
      0.26,
      0.598,
      0.515,
      0.686,
      0.261,
      0.459,
      0.513,
      0.532,
      0.497,
      0.594,
      0.438,
      0.131,
      0.47,
      0.429,
      0.511,
      0.694,
      0.535,
      0.572,
      1.0,
      0.58,
      0.628,
      0.578,
      0.347,
      0.182,
      0.696,
      0.349,
      0.547,
      0.38,
      0.399,
      0.133,
      0.714,
      0.465,
      0.58,
      0.624,
      0.371,
      0.552
    ],
    [
      0.464,
      0.388,
      0.413,
      0.356,
      0.201,
      0.26,
      0.394,
      0.231,
      0.423,
      0.468,
      0.205,
      0.646,
      0.56,
      0.527,
      0.496,
      0.557,
      0.463,
      0.492,
      0.384,
      0.568,
      0.518,
      0.19,
      0.414,
      0.367,
      0.589,
      0.549,
      0.681,
      0.762,
      0.58,
      1.0,
      0.585,
      0.55,
      0.378,
      0.253,
      0.466,
      0.382,
      0.423,
      0.501,
      0.303,
      0.201,
      0.595,
      0.541,
      0.473,
      0.532,
      0.266,
      0.525
    ],
    [
      0.573,
      0.492,
      0.609,
      0.572,
      0.151,
      0.282,
      0.465,
      0.264,
      0.501,
      0.642,
      0.264,
      0.702,
      0.647,
      0.541,
      0.466,
      0.601,
      0.605,
      0.673,
      0.546,
      0.591,
      0.429,
      0.164,
      0.435,
      0.491,
      0.568,
      0.691,
      0.471,
      0.498,
      0.628,
      0.585,
      1.0,
      0.824,
      0.445,
      0.329,
      0.615,
      0.391,
      0.338,
      0.325,
      0.338,
      0.124,
      0.625,
      0.548,
      0.511,
      0.573,
      0.277,
      0.704
    ],
    [
      0.608,
      0.49,
      0.663,
      0.606,
      0.258,
      0.27,
      0.448,
      0.331,
      0.517,
      0.677,
      0.285,
      0.674,
      0.634,
      0.576,
      0.465,
      0.564,
      0.625,
      0.663,
      0.572,
      0.583,
      0.416,
      0.196,
      0.46,
      0.517,
      0.611,
      0.654,
      0.447,
      0.438,
      0.578,
      0.55,
      0.824,
      1.0,
      0.499,
      0.385,
      0.593,
      0.391,
      0.362,
      0.361,
      0.388,
      0.195,
      0.626,
      0.581,
      0.524,
      0.637,
      0.332,
      0.736
    ],
    [
      0.254,
      0.379,
      0.441,
      0.393,
      0.32,
      0.319,
      0.457,
      0.283,
      0.452,
      0.366,
      0.313,
      0.365,
      0.363,
      0.269,
      0.329,
      0.322,
      0.295,
      0.314,
      0.4,
      0.443,
      0.533,
      0.352,
      0.443,
      0.379,
      0.35,
      0.331,
      0.303,
      0.288,
      0.347,
      0.378,
      0.445,
      0.499,
      1.0,
      0.713,
      0.363,
      0.258,
      0.228,
      0.265,
      0.381,
      0.282,
      0.334,
      0.281,
      0.268,
      0.316,
      0.174,
      0.554
    ],
    [
      0.223,
      0.365,
      0.396,
      0.303,
      0.265,
      0.335,
      0.393,
      0.38,
      0.376,
      0.314,
      0.413,
      0.255,
      0.323,
      0.202,
      0.295,
      0.229,
      0.174,
      0.21,
      0.256,
      0.417,
      0.446,
      0.424,
      0.377,
      0.318,
      0.253,
      0.256,
      0.164,
      0.175,
      0.182,
      0.253,
      0.329,
      0.385,
      0.713,
      1.0,
      0.275,
      0.33,
      0.187,
      0.197,
      0.269,
      0.251,
      0.187,
      0.303,
      0.181,
      0.258,
      0.204,
      0.361
    ],
    [
      0.668,
      0.432,
      0.54,
      0.495,
      0.242,
      0.221,
      0.597,
      0.248,
      0.437,
      0.712,
      0.38,
      0.581,
      0.502,
      0.733,
      0.3,
      0.443,
      0.552,
      0.651,
      0.455,
      0.562,
      0.434,
      0.184,
      0.383,
      0.41,
      0.525,
      0.66,
      0.37,
      0.466,
      0.696,
      0.466,
      0.615,
      0.593,
      0.363,
      0.275,
      1.0,
      0.394,
      0.588,
      0.443,
      0.431,
      0.17,
      0.728,
      0.58,
      0.637,
      0.61,
      0.504,
      0.568
    ],
    [
      0.521,
      0.615,
      0.385,
      0.314,
      0.114,
      0.375,
      0.414,
      0.598,
      0.447,
      0.468,
      0.507,
      0.382,
      0.562,
      0.363,
      0.531,
      0.452,
      0.371,
      0.361,
      0.343,
      0.675,
      0.401,
      0.435,
      0.539,
      0.404,
      0.442,
      0.323,
      0.436,
      0.445,
      0.349,
      0.382,
      0.391,
      0.391,
      0.258,
      0.33,
      0.394,
      1.0,
      0.498,
      0.521,
      0.447,
      0.159,
      0.384,
      0.474,
      0.427,
      0.46,
      0.337,
      0.332
    ],
    [
      0.555,
      0.494,
      0.234,
      0.272,
      0.139,
      0.134,
      0.424,
      0.329,
      0.439,
      0.45,
      0.393,
      0.397,
      0.364,
      0.585,
      0.249,
      0.281,
      0.285,
      0.331,
      0.239,
      0.491,
      0.384,
      0.268,
      0.504,
      0.321,
      0.429,
      0.443,
      0.383,
      0.516,
      0.547,
      0.423,
      0.338,
      0.362,
      0.228,
      0.187,
      0.588,
      0.498,
      1.0,
      0.634,
      0.376,
      0.133,
      0.631,
      0.463,
      0.503,
      0.516,
      0.405,
      0.3
    ],
    [
      0.575,
      0.531,
      0.355,
      0.299,
      0.133,
      0.279,
      0.359,
      0.347,
      0.492,
      0.469,
      0.376,
      0.424,
      0.447,
      0.407,
      0.392,
      0.351,
      0.351,
      0.369,
      0.322,
      0.541,
      0.384,
      0.318,
      0.559,
      0.357,
      0.496,
      0.421,
      0.388,
      0.506,
      0.38,
      0.501,
      0.325,
      0.361,
      0.265,
      0.197,
      0.443,
      0.521,
      0.634,
      1.0,
      0.385,
      0.162,
      0.577,
      0.437,
      0.556,
      0.516,
      0.39,
      0.297
    ],
    [
      0.464,
      0.305,
      0.206,
      0.242,
      0.078,
      0.249,
      0.365,
      0.36,
      0.375,
      0.388,
      0.367,
      0.337,
      0.313,
      0.334,
      0.355,
      0.296,
      0.408,
      0.384,
      0.434,
      0.526,
      0.382,
      0.408,
      0.373,
      0.311,
      0.409,
      0.399,
      0.284,
      0.299,
      0.399,
      0.303,
      0.338,
      0.388,
      0.381,
      0.269,
      0.431,
      0.447,
      0.376,
      0.385,
      1.0,
      0.296,
      0.391,
      0.395,
      0.439,
      0.46,
      0.324,
      0.436
    ],
    [
      0.273,
      0.096,
      0.069,
      0.165,
      0.191,
      0.277,
      0.251,
      0.227,
      0.196,
      0.234,
      0.226,
      0.243,
      0.294,
      0.106,
      0.305,
      0.191,
      0.281,
      0.232,
      0.258,
      0.221,
      0.423,
      0.42,
      0.169,
      0.259,
      0.314,
      0.178,
      0.067,
      0.151,
      0.133,
      0.201,
      0.124,
      0.195,
      0.282,
      0.251,
      0.17,
      0.159,
      0.133,
      0.162,
      0.296,
      1.0,
      0.163,
      0.261,
      0.187,
      0.332,
      0.325,
      0.309
    ],
    [
      0.638,
      0.482,
      0.513,
      0.516,
      0.266,
      0.241,
      0.512,
      0.178,
      0.542,
      0.643,
      0.277,
      0.711,
      0.565,
      0.726,
      0.369,
      0.519,
      0.538,
      0.597,
      0.438,
      0.532,
      0.501,
      0.192,
      0.465,
      0.461,
      0.601,
      0.69,
      0.448,
      0.544,
      0.714,
      0.595,
      0.625,
      0.626,
      0.334,
      0.187,
      0.728,
      0.384,
      0.631,
      0.577,
      0.391,
      0.163,
      1.0,
      0.56,
      0.588,
      0.656,
      0.47,
      0.598
    ],
    [
      0.652,
      0.483,
      0.585,
      0.558,
      0.338,
      0.382,
      0.488,
      0.358,
      0.437,
      0.662,
      0.384,
      0.618,
      0.546,
      0.559,
      0.433,
      0.548,
      0.567,
      0.606,
      0.53,
      0.657,
      0.493,
      0.383,
      0.413,
      0.491,
      0.666,
      0.659,
      0.478,
      0.549,
      0.465,
      0.541,
      0.548,
      0.581,
      0.281,
      0.303,
      0.58,
      0.474,
      0.463,
      0.437,
      0.395,
      0.261,
      0.56,
      1.0,
      0.62,
      0.697,
      0.415,
      0.578
    ],
    [
      0.653,
      0.375,
      0.449,
      0.486,
      0.227,
      0.319,
      0.547,
      0.356,
      0.466,
      0.638,
      0.536,
      0.522,
      0.503,
      0.485,
      0.382,
      0.406,
      0.649,
      0.643,
      0.55,
      0.619,
      0.462,
      0.295,
      0.563,
      0.543,
      0.614,
      0.678,
      0.336,
      0.433,
      0.58,
      0.473,
      0.511,
      0.524,
      0.268,
      0.181,
      0.637,
      0.427,
      0.503,
      0.556,
      0.439,
      0.187,
      0.588,
      0.62,
      1.0,
      0.732,
      0.362,
      0.478
    ],
    [
      0.745,
      0.454,
      0.507,
      0.488,
      0.215,
      0.357,
      0.551,
      0.323,
      0.492,
      0.7,
      0.363,
      0.628,
      0.63,
      0.619,
      0.459,
      0.558,
      0.653,
      0.617,
      0.515,
      0.63,
      0.463,
      0.366,
      0.549,
      0.624,
      0.667,
      0.667,
      0.413,
      0.452,
      0.624,
      0.532,
      0.573,
      0.637,
      0.316,
      0.258,
      0.61,
      0.46,
      0.516,
      0.516,
      0.46,
      0.332,
      0.656,
      0.697,
      0.732,
      1.0,
      0.493,
      0.59
    ],
    [
      0.488,
      0.342,
      0.378,
      0.303,
      0.255,
      0.381,
      0.382,
      0.292,
      0.284,
      0.568,
      0.278,
      0.347,
      0.402,
      0.574,
      0.321,
      0.327,
      0.298,
      0.367,
      0.23,
      0.447,
      0.315,
      0.382,
      0.381,
      0.354,
      0.379,
      0.355,
      0.261,
      0.279,
      0.371,
      0.266,
      0.277,
      0.332,
      0.174,
      0.204,
      0.504,
      0.337,
      0.405,
      0.39,
      0.324,
      0.325,
      0.47,
      0.415,
      0.362,
      0.493,
      1.0,
      0.395
    ],
    [
      0.53,
      0.537,
      0.581,
      0.602,
      0.348,
      0.393,
      0.465,
      0.323,
      0.523,
      0.641,
      0.285,
      0.631,
      0.595,
      0.549,
      0.456,
      0.53,
      0.512,
      0.607,
      0.483,
      0.529,
      0.485,
      0.323,
      0.493,
      0.52,
      0.587,
      0.608,
      0.426,
      0.488,
      0.552,
      0.525,
      0.704,
      0.736,
      0.554,
      0.361,
      0.568,
      0.332,
      0.3,
      0.297,
      0.436,
      0.309,
      0.598,
      0.578,
      0.478,
      0.59,
      0.395,
      1.0
    ]
  ]
}