{
  "feeds": [
    "Brazil | Folha de São Paulo",
    "Brazil | O Globo (via Google News)",
    "China | CGTN Politics",
    "China | CGTN World",
    "China | Global Times",
    "China | People's Daily CN",
    "China | Xinhua English",
    "India | Dainik Bhaskar",
    "India | NDTV World",
    "India | The Hindu Intl",
    "India | Times of India",
    "Iran (Opposition / Diaspora) | Iran International EN",
    "Iran (Opposition / Diaspora) | Iran International FA",
    "Iran (Opposition / Diaspora) | RFE/RL (was Radio Farda)",
    "Israel | Haaretz",
    "Israel | Jerusalem Post",
    "Israel | Times of Israel",
    "Israel | Ynet Hebrew",
    "Japan | Japan Times",
    "Japan | NHK Japanese",
    "Nigeria | Vanguard",
    "Qatar | Al Jazeera Arabic",
    "Qatar | Al Jazeera English",
    "Russia | Meduza",
    "Russia | Moscow Times",
    "Russia | RT",
    "Russia | TASS English",
    "Saudi Arabia | Al Arabiya English (via Google News)",
    "Saudi Arabia | Arab News (via Google News)",
    "South Korea | Korea Herald (via Google News)",
    "South Korea | Yonhap News",
    "Turkey | Daily Sabah",
    "Turkey | Hurriyet",
    "United Kingdom | BBC World",
    "United Kingdom | The Guardian World",
    "United Kingdom | The Telegraph",
    "United States | CNN World",
    "United States | Fox News World",
    "United States | NPR World",
    "Wire Services (Factual Baseline) | AFP / France 24 EN",
    "Wire Services (Factual Baseline) | AFP / France 24 FR",
    "Wire Services (Factual Baseline) | AP News",
    "Wire Services (Factual Baseline) | Reuters (via Google News)"
  ],
  "matrix": [
    [
      1.0,
      0.269,
      0.598,
      0.743,
      0.43,
      0.478,
      0.541,
      0.33,
      0.718,
      0.679,
      0.385,
      0.721,
      0.612,
      0.758,
      0.644,
      0.625,
      0.555,
      0.618,
      0.461,
      0.525,
      0.348,
      0.6,
      0.536,
      0.515,
      0.481,
      0.741,
      0.634,
      0.65,
      0.565,
      0.355,
      0.352,
      0.581,
      0.353,
      0.455,
      0.496,
      0.296,
      0.306,
      0.683,
      0.763,
      0.672,
      0.619,
      0.58,
      0.558
    ],
    [
      0.269,
      1.0,
      0.313,
      0.179,
      0.094,
      0.343,
      0.343,
      0.425,
      0.219,
      0.181,
      0.29,
      0.182,
      0.317,
      0.167,
      0.324,
      0.322,
      0.277,
      0.382,
      0.307,
      0.394,
      0.371,
      0.252,
      0.287,
      0.284,
      0.128,
      0.14,
      0.298,
      0.368,
      0.268,
      0.443,
      0.367,
      0.245,
      0.339,
      0.411,
      0.392,
      0.399,
      0.248,
      0.252,
      0.194,
      0.242,
      0.404,
      0.382,
      0.309
    ],
    [
      0.598,
      0.313,
      1.0,
      0.584,
      0.586,
      0.522,
      0.546,
      0.322,
      0.433,
      0.687,
      0.242,
      0.49,
      0.451,
      0.388,
      0.381,
      0.396,
      0.36,
      0.375,
      0.456,
      0.452,
      0.298,
      0.283,
      0.32,
      0.313,
      0.291,
      0.443,
      0.348,
      0.385,
      0.419,
      0.409,
      0.488,
      0.418,
      0.231,
      0.287,
      0.406,
      0.163,
      0.137,
      0.446,
      0.428,
      0.434,
      0.391,
      0.466,
      0.399
    ],
    [
      0.743,
      0.179,
      0.584,
      1.0,
      0.357,
      0.298,
      0.454,
      0.198,
      0.561,
      0.602,
      0.269,
      0.616,
      0.469,
      0.653,
      0.464,
      0.489,
      0.412,
      0.441,
      0.378,
      0.372,
      0.302,
      0.463,
      0.475,
      0.384,
      0.488,
      0.622,
      0.549,
      0.642,
      0.531,
      0.252,
      0.256,
      0.488,
      0.346,
      0.394,
      0.504,
      0.15,
      0.174,
      0.663,
      0.676,
      0.649,
      0.451,
      0.448,
      0.51
    ],
    [
      0.43,
      0.094,
      0.586,
      0.357,
      1.0,
      0.538,
      0.232,
      0.287,
      0.306,
      0.471,
      0.263,
      0.295,
      0.301,
      0.181,
      0.247,
      0.176,
      0.168,
      0.268,
      0.403,
      0.387,
      0.355,
      0.162,
      0.098,
      0.22,
      0.173,
      0.164,
      0.184,
      0.097,
      0.171,
      0.259,
      0.326,
      0.144,
      0.057,
      0.155,
      0.157,
      0.077,
      0.186,
      0.206,
      0.154,
      0.155,
      0.25,
      0.256,
      0.244
    ],
    [
      0.478,
      0.343,
      0.522,
      0.298,
      0.538,
      1.0,
      0.338,
      0.495,
      0.317,
      0.396,
      0.445,
      0.317,
      0.381,
      0.228,
      0.337,
      0.258,
      0.265,
      0.473,
      0.381,
      0.502,
      0.434,
      0.318,
      0.274,
      0.334,
      0.211,
      0.266,
      0.285,
      0.26,
      0.24,
      0.358,
      0.405,
      0.224,
      0.299,
      0.228,
      0.3,
      0.249,
      0.277,
      0.207,
      0.251,
      0.221,
      0.413,
      0.376,
      0.262
    ],
    [
      0.541,
      0.343,
      0.546,
      0.454,
      0.232,
      0.338,
      1.0,
      0.263,
      0.515,
      0.487,
      0.337,
      0.453,
      0.523,
      0.448,
      0.486,
      0.527,
      0.473,
      0.442,
      0.458,
      0.393,
      0.38,
      0.468,
      0.464,
      0.348,
      0.309,
      0.499,
      0.43,
      0.447,
      0.393,
      0.404,
      0.402,
      0.556,
      0.368,
      0.497,
      0.371,
      0.365,
      0.251,
      0.475,
      0.461,
      0.486,
      0.518,
      0.503,
      0.46
    ],
    [
      0.33,
      0.425,
      0.322,
      0.198,
      0.287,
      0.495,
      0.263,
      1.0,
      0.304,
      0.332,
      0.49,
      0.278,
      0.414,
      0.139,
      0.338,
      0.341,
      0.253,
      0.457,
      0.37,
      0.494,
      0.543,
      0.342,
      0.337,
      0.287,
      0.14,
      0.172,
      0.294,
      0.307,
      0.238,
      0.291,
      0.353,
      0.28,
      0.457,
      0.435,
      0.307,
      0.399,
      0.285,
      0.154,
      0.213,
      0.153,
      0.469,
      0.425,
      0.352
    ],
    [
      0.718,
      0.219,
      0.433,
      0.561,
      0.306,
      0.317,
      0.515,
      0.304,
      1.0,
      0.656,
      0.383,
      0.773,
      0.773,
      0.7,
      0.773,
      0.781,
      0.71,
      0.752,
      0.402,
      0.53,
      0.346,
      0.699,
      0.64,
      0.462,
      0.444,
      0.693,
      0.677,
      0.687,
      0.63,
      0.261,
      0.256,
      0.679,
      0.303,
      0.433,
      0.29,
      0.384,
      0.227,
      0.669,
      0.654,
      0.54,
      0.648,
      0.404,
      0.624
    ],
    [
      0.679,
      0.181,
      0.687,
      0.602,
      0.471,
      0.396,
      0.487,
      0.332,
      0.656,
      1.0,
      0.251,
      0.688,
      0.628,
      0.568,
      0.581,
      0.567,
      0.536,
      0.543,
      0.513,
      0.421,
      0.316,
      0.524,
      0.52,
      0.382,
      0.389,
      0.587,
      0.545,
      0.547,
      0.546,
      0.302,
      0.419,
      0.582,
      0.264,
      0.383,
      0.315,
      0.23,
      0.103,
      0.586,
      0.535,
      0.54,
      0.515,
      0.496,
      0.561
    ],
    [
      0.385,
      0.29,
      0.242,
      0.269,
      0.263,
      0.445,
      0.337,
      0.49,
      0.383,
      0.251,
      1.0,
      0.324,
      0.371,
      0.291,
      0.287,
      0.286,
      0.228,
      0.354,
      0.311,
      0.368,
      0.365,
      0.348,
      0.269,
      0.275,
      0.187,
      0.306,
      0.319,
      0.373,
      0.253,
      0.342,
      0.333,
      0.222,
      0.283,
      0.33,
      0.2,
      0.322,
      0.4,
      0.212,
      0.309,
      0.223,
      0.316,
      0.328,
      0.364
    ],
    [
      0.721,
      0.182,
      0.49,
      0.616,
      0.295,
      0.317,
      0.453,
      0.278,
      0.773,
      0.688,
      0.324,
      1.0,
      0.648,
      0.759,
      0.679,
      0.643,
      0.521,
      0.59,
      0.383,
      0.552,
      0.296,
      0.634,
      0.569,
      0.447,
      0.478,
      0.706,
      0.673,
      0.694,
      0.596,
      0.259,
      0.271,
      0.588,
      0.317,
      0.301,
      0.314,
      0.242,
      0.212,
      0.651,
      0.67,
      0.59,
      0.582,
      0.429,
      0.543
    ],
    [
      0.612,
      0.317,
      0.451,
      0.469,
      0.301,
      0.381,
      0.523,
      0.414,
      0.773,
      0.628,
      0.371,
      0.648,
      1.0,
      0.59,
      0.688,
      0.78,
      0.775,
      0.693,
      0.362,
      0.512,
      0.38,
      0.732,
      0.646,
      0.457,
      0.403,
      0.519,
      0.614,
      0.654,
      0.685,
      0.264,
      0.34,
      0.78,
      0.376,
      0.47,
      0.196,
      0.367,
      0.148,
      0.547,
      0.484,
      0.465,
      0.703,
      0.434,
      0.477
    ],
    [
      0.758,
      0.167,
      0.388,
      0.653,
      0.181,
      0.228,
      0.448,
      0.139,
      0.7,
      0.568,
      0.291,
      0.759,
      0.59,
      1.0,
      0.589,
      0.659,
      0.528,
      0.517,
      0.313,
      0.433,
      0.203,
      0.609,
      0.506,
      0.575,
      0.681,
      0.77,
      0.774,
      0.68,
      0.541,
      0.267,
      0.204,
      0.573,
      0.276,
      0.368,
      0.358,
      0.245,
      0.159,
      0.728,
      0.737,
      0.693,
      0.553,
      0.44,
      0.456
    ],
    [
      0.644,
      0.324,
      0.381,
      0.464,
      0.247,
      0.337,
      0.486,
      0.338,
      0.773,
      0.581,
      0.287,
      0.679,
      0.688,
      0.589,
      1.0,
      0.781,
      0.773,
      0.799,
      0.424,
      0.435,
      0.394,
      0.696,
      0.626,
      0.434,
      0.434,
      0.562,
      0.612,
      0.589,
      0.602,
      0.259,
      0.314,
      0.692,
      0.344,
      0.491,
      0.252,
      0.424,
      0.265,
      0.613,
      0.556,
      0.535,
      0.69,
      0.449,
      0.524
    ],
    [
      0.625,
      0.322,
      0.396,
      0.489,
      0.176,
      0.258,
      0.527,
      0.341,
      0.781,
      0.567,
      0.286,
      0.643,
      0.78,
      0.659,
      0.781,
      1.0,
      0.805,
      0.755,
      0.368,
      0.442,
      0.378,
      0.725,
      0.657,
      0.456,
      0.491,
      0.591,
      0.664,
      0.652,
      0.627,
      0.236,
      0.272,
      0.748,
      0.435,
      0.578,
      0.257,
      0.454,
      0.167,
      0.719,
      0.613,
      0.609,
      0.711,
      0.43,
      0.505
    ],
    [
      0.555,
      0.277,
      0.36,
      0.412,
      0.168,
      0.265,
      0.473,
      0.253,
      0.71,
      0.536,
      0.228,
      0.521,
      0.775,
      0.528,
      0.773,
      0.805,
      1.0,
      0.69,
      0.33,
      0.293,
      0.286,
      0.652,
      0.66,
      0.307,
      0.342,
      0.449,
      0.486,
      0.565,
      0.643,
      0.181,
      0.234,
      0.797,
      0.298,
      0.5,
      0.153,
      0.395,
      0.151,
      0.561,
      0.491,
      0.505,
      0.647,
      0.38,
      0.462
    ],
    [
      0.618,
      0.382,
      0.375,
      0.441,
      0.268,
      0.473,
      0.442,
      0.457,
      0.752,
      0.543,
      0.354,
      0.59,
      0.693,
      0.517,
      0.799,
      0.755,
      0.69,
      1.0,
      0.477,
      0.541,
      0.459,
      0.679,
      0.604,
      0.5,
      0.416,
      0.505,
      0.63,
      0.525,
      0.476,
      0.271,
      0.294,
      0.584,
      0.412,
      0.501,
      0.302,
      0.483,
      0.308,
      0.556,
      0.537,
      0.526,
      0.765,
      0.439,
      0.522
    ],
    [
      0.461,
      0.307,
      0.456,
      0.378,
      0.403,
      0.381,
      0.458,
      0.37,
      0.402,
      0.513,
      0.311,
      0.383,
      0.362,
      0.313,
      0.424,
      0.368,
      0.33,
      0.477,
      1.0,
      0.516,
      0.418,
      0.306,
      0.369,
      0.462,
      0.347,
      0.362,
      0.421,
      0.381,
      0.349,
      0.443,
      0.514,
      0.313,
      0.303,
      0.311,
      0.241,
      0.405,
      0.431,
      0.342,
      0.32,
      0.324,
      0.373,
      0.401,
      0.422
    ],
    [
      0.525,
      0.394,
      0.452,
      0.372,
      0.387,
      0.502,
      0.393,
      0.494,
      0.53,
      0.421,
      0.368,
      0.552,
      0.512,
      0.433,
      0.435,
      0.442,
      0.293,
      0.541,
      0.516,
      1.0,
      0.466,
      0.418,
      0.34,
      0.489,
      0.324,
      0.492,
      0.476,
      0.463,
      0.356,
      0.355,
      0.31,
      0.316,
      0.373,
      0.393,
      0.324,
      0.394,
      0.357,
      0.447,
      0.338,
      0.347,
      0.521,
      0.353,
      0.403
    ],
    [
      0.348,
      0.371,
      0.298,
      0.302,
      0.355,
      0.434,
      0.38,
      0.543,
      0.346,
      0.316,
      0.365,
      0.296,
      0.38,
      0.203,
      0.394,
      0.378,
      0.286,
      0.459,
      0.418,
      0.466,
      1.0,
      0.383,
      0.293,
      0.341,
      0.207,
      0.236,
      0.314,
      0.274,
      0.286,
      0.329,
      0.387,
      0.303,
      0.381,
      0.392,
      0.399,
      0.407,
      0.376,
      0.274,
      0.257,
      0.324,
      0.505,
      0.409,
      0.403
    ],
    [
      0.6,
      0.252,
      0.283,
      0.463,
      0.162,
      0.318,
      0.468,
      0.342,
      0.699,
      0.524,
      0.348,
      0.634,
      0.732,
      0.609,
      0.696,
      0.725,
      0.652,
      0.679,
      0.306,
      0.418,
      0.383,
      1.0,
      0.659,
      0.319,
      0.321,
      0.589,
      0.562,
      0.626,
      0.583,
      0.204,
      0.274,
      0.688,
      0.307,
      0.468,
      0.256,
      0.373,
      0.157,
      0.593,
      0.575,
      0.548,
      0.705,
      0.43,
      0.452
    ],
    [
      0.536,
      0.287,
      0.32,
      0.475,
      0.098,
      0.274,
      0.464,
      0.337,
      0.64,
      0.52,
      0.269,
      0.569,
      0.646,
      0.506,
      0.626,
      0.657,
      0.66,
      0.604,
      0.369,
      0.34,
      0.293,
      0.659,
      1.0,
      0.269,
      0.298,
      0.514,
      0.447,
      0.597,
      0.612,
      0.186,
      0.262,
      0.678,
      0.432,
      0.417,
      0.351,
      0.368,
      0.226,
      0.51,
      0.58,
      0.465,
      0.59,
      0.454,
      0.442
    ],
    [
      0.515,
      0.284,
      0.313,
      0.384,
      0.22,
      0.334,
      0.348,
      0.287,
      0.462,
      0.382,
      0.275,
      0.447,
      0.457,
      0.575,
      0.434,
      0.456,
      0.307,
      0.5,
      0.462,
      0.489,
      0.341,
      0.319,
      0.269,
      1.0,
      0.762,
      0.486,
      0.715,
      0.456,
      0.38,
      0.367,
      0.278,
      0.343,
      0.43,
      0.299,
      0.334,
      0.419,
      0.268,
      0.448,
      0.416,
      0.472,
      0.475,
      0.442,
      0.355
    ],
    [
      0.481,
      0.128,
      0.291,
      0.488,
      0.173,
      0.211,
      0.309,
      0.14,
      0.444,
      0.389,
      0.187,
      0.478,
      0.403,
      0.681,
      0.434,
      0.491,
      0.342,
      0.416,
      0.347,
      0.324,
      0.207,
      0.321,
      0.298,
      0.762,
      1.0,
      0.523,
      0.74,
      0.507,
      0.37,
      0.199,
      0.151,
      0.361,
      0.384,
      0.318,
      0.299,
      0.282,
      0.153,
      0.557,
      0.494,
      0.536,
      0.415,
      0.315,
      0.298
    ],
    [
      0.741,
      0.14,
      0.443,
      0.622,
      0.164,
      0.266,
      0.499,
      0.172,
      0.693,
      0.587,
      0.306,
      0.706,
      0.519,
      0.77,
      0.562,
      0.591,
      0.449,
      0.505,
      0.362,
      0.492,
      0.236,
      0.589,
      0.514,
      0.486,
      0.523,
      1.0,
      0.679,
      0.685,
      0.567,
      0.366,
      0.304,
      0.518,
      0.326,
      0.421,
      0.367,
      0.3,
      0.233,
      0.731,
      0.699,
      0.635,
      0.529,
      0.482,
      0.549
    ],
    [
      0.634,
      0.298,
      0.348,
      0.549,
      0.184,
      0.285,
      0.43,
      0.294,
      0.677,
      0.545,
      0.319,
      0.673,
      0.614,
      0.774,
      0.612,
      0.664,
      0.486,
      0.63,
      0.421,
      0.476,
      0.314,
      0.562,
      0.447,
      0.715,
      0.74,
      0.679,
      1.0,
      0.688,
      0.473,
      0.278,
      0.28,
      0.507,
      0.412,
      0.427,
      0.321,
      0.389,
      0.172,
      0.662,
      0.575,
      0.606,
      0.611,
      0.457,
      0.52
    ],
    [
      0.65,
      0.368,
      0.385,
      0.642,
      0.097,
      0.26,
      0.447,
      0.307,
      0.687,
      0.547,
      0.373,
      0.694,
      0.654,
      0.68,
      0.589,
      0.652,
      0.565,
      0.525,
      0.381,
      0.463,
      0.274,
      0.626,
      0.597,
      0.456,
      0.507,
      0.685,
      0.688,
      1.0,
      0.74,
      0.407,
      0.364,
      0.636,
      0.443,
      0.387,
      0.303,
      0.357,
      0.168,
      0.654,
      0.616,
      0.513,
      0.527,
      0.457,
      0.578
    ],
    [
      0.565,
      0.268,
      0.419,
      0.531,
      0.171,
      0.24,
      0.393,
      0.238,
      0.63,
      0.546,
      0.253,
      0.596,
      0.685,
      0.541,
      0.602,
      0.627,
      0.643,
      0.476,
      0.349,
      0.356,
      0.286,
      0.583,
      0.612,
      0.38,
      0.37,
      0.567,
      0.473,
      0.74,
      1.0,
      0.39,
      0.401,
      0.771,
      0.27,
      0.299,
      0.193,
      0.313,
      0.16,
      0.562,
      0.497,
      0.482,
      0.467,
      0.319,
      0.463
    ],
    [
      0.355,
      0.443,
      0.409,
      0.252,
      0.259,
      0.358,
      0.404,
      0.291,
      0.261,
      0.302,
      0.342,
      0.259,
      0.264,
      0.267,
      0.259,
      0.236,
      0.181,
      0.271,
      0.443,
      0.355,
      0.329,
      0.204,
      0.186,
      0.367,
      0.199,
      0.366,
      0.278,
      0.407,
      0.39,
      1.0,
      0.789,
      0.279,
      0.239,
      0.217,
      0.191,
      0.314,
      0.317,
      0.342,
      0.275,
      0.124,
      0.209,
      0.45,
      0.3
    ],
    [
      0.352,
      0.367,
      0.488,
      0.256,
      0.326,
      0.405,
      0.402,
      0.353,
      0.256,
      0.419,
      0.333,
      0.271,
      0.34,
      0.204,
      0.314,
      0.272,
      0.234,
      0.294,
      0.514,
      0.31,
      0.387,
      0.274,
      0.262,
      0.278,
      0.151,
      0.304,
      0.28,
      0.364,
      0.401,
      0.789,
      1.0,
      0.354,
      0.264,
      0.204,
      0.172,
      0.242,
      0.34,
      0.313,
      0.258,
      0.153,
      0.291,
      0.524,
      0.296
    ],
    [
      0.581,
      0.245,
      0.418,
      0.488,
      0.144,
      0.224,
      0.556,
      0.28,
      0.679,
      0.582,
      0.222,
      0.588,
      0.78,
      0.573,
      0.692,
      0.748,
      0.797,
      0.584,
      0.313,
      0.316,
      0.303,
      0.688,
      0.678,
      0.343,
      0.361,
      0.518,
      0.507,
      0.636,
      0.771,
      0.279,
      0.354,
      1.0,
      0.337,
      0.498,
      0.192,
      0.376,
      0.169,
      0.558,
      0.542,
      0.538,
      0.62,
      0.451,
      0.411
    ],
    [
      0.353,
      0.339,
      0.231,
      0.346,
      0.057,
      0.299,
      0.368,
      0.457,
      0.303,
      0.264,
      0.283,
      0.317,
      0.376,
      0.276,
      0.344,
      0.435,
      0.298,
      0.412,
      0.303,
      0.373,
      0.381,
      0.307,
      0.432,
      0.43,
      0.384,
      0.326,
      0.412,
      0.443,
      0.27,
      0.239,
      0.264,
      0.337,
      1.0,
      0.453,
      0.365,
      0.404,
      0.24,
      0.336,
      0.411,
      0.33,
      0.492,
      0.462,
      0.287
    ],
    [
      0.455,
      0.411,
      0.287,
      0.394,
      0.155,
      0.228,
      0.497,
      0.435,
      0.433,
      0.383,
      0.33,
      0.301,
      0.47,
      0.368,
      0.491,
      0.578,
      0.5,
      0.501,
      0.311,
      0.393,
      0.392,
      0.468,
      0.417,
      0.299,
      0.318,
      0.421,
      0.427,
      0.387,
      0.299,
      0.217,
      0.204,
      0.498,
      0.453,
      1.0,
      0.378,
      0.466,
      0.256,
      0.502,
      0.407,
      0.505,
      0.546,
      0.517,
      0.376
    ],
    [
      0.496,
      0.392,
      0.406,
      0.504,
      0.157,
      0.3,
      0.371,
      0.307,
      0.29,
      0.315,
      0.2,
      0.314,
      0.196,
      0.358,
      0.252,
      0.257,
      0.153,
      0.302,
      0.241,
      0.324,
      0.399,
      0.256,
      0.351,
      0.334,
      0.299,
      0.367,
      0.321,
      0.303,
      0.193,
      0.191,
      0.172,
      0.192,
      0.365,
      0.378,
      1.0,
      0.297,
      0.107,
      0.451,
      0.552,
      0.51,
      0.43,
      0.38,
      0.26
    ],
    [
      0.296,
      0.399,
      0.163,
      0.15,
      0.077,
      0.249,
      0.365,
      0.399,
      0.384,
      0.23,
      0.322,
      0.242,
      0.367,
      0.245,
      0.424,
      0.454,
      0.395,
      0.483,
      0.405,
      0.394,
      0.407,
      0.373,
      0.368,
      0.419,
      0.282,
      0.3,
      0.389,
      0.357,
      0.313,
      0.314,
      0.242,
      0.376,
      0.404,
      0.466,
      0.297,
      1.0,
      0.296,
      0.257,
      0.31,
      0.321,
      0.514,
      0.322,
      0.384
    ],
    [
      0.306,
      0.248,
      0.137,
      0.174,
      0.186,
      0.277,
      0.251,
      0.285,
      0.227,
      0.103,
      0.4,
      0.212,
      0.148,
      0.159,
      0.265,
      0.167,
      0.151,
      0.308,
      0.431,
      0.357,
      0.376,
      0.157,
      0.226,
      0.268,
      0.153,
      0.233,
      0.172,
      0.168,
      0.16,
      0.317,
      0.34,
      0.169,
      0.24,
      0.256,
      0.107,
      0.296,
      1.0,
      0.108,
      0.182,
      0.127,
      0.201,
      0.338,
      0.336
    ],
    [
      0.683,
      0.252,
      0.446,
      0.663,
      0.206,
      0.207,
      0.475,
      0.154,
      0.669,
      0.586,
      0.212,
      0.651,
      0.547,
      0.728,
      0.613,
      0.719,
      0.561,
      0.556,
      0.342,
      0.447,
      0.274,
      0.593,
      0.51,
      0.448,
      0.557,
      0.731,
      0.662,
      0.654,
      0.562,
      0.342,
      0.313,
      0.558,
      0.336,
      0.502,
      0.451,
      0.257,
      0.108,
      1.0,
      0.695,
      0.659,
      0.53,
      0.441,
      0.451
    ],
    [
      0.763,
      0.194,
      0.428,
      0.676,
      0.154,
      0.251,
      0.461,
      0.213,
      0.654,
      0.535,
      0.309,
      0.67,
      0.484,
      0.737,
      0.556,
      0.613,
      0.491,
      0.537,
      0.32,
      0.338,
      0.257,
      0.575,
      0.58,
      0.416,
      0.494,
      0.699,
      0.575,
      0.616,
      0.497,
      0.275,
      0.258,
      0.542,
      0.411,
      0.407,
      0.552,
      0.31,
      0.182,
      0.695,
      1.0,
      0.675,
      0.54,
      0.507,
      0.422
    ],
    [
      0.672,
      0.242,
      0.434,
      0.649,
      0.155,
      0.221,
      0.486,
      0.153,
      0.54,
      0.54,
      0.223,
      0.59,
      0.465,
      0.693,
      0.535,
      0.609,
      0.505,
      0.526,
      0.324,
      0.347,
      0.324,
      0.548,
      0.465,
      0.472,
      0.536,
      0.635,
      0.606,
      0.513,
      0.482,
      0.124,
      0.153,
      0.538,
      0.33,
      0.505,
      0.51,
      0.321,
      0.127,
      0.659,
      0.675,
      1.0,
      0.661,
      0.467,
      0.464
    ],
    [
      0.619,
      0.404,
      0.391,
      0.451,
      0.25,
      0.413,
      0.518,
      0.469,
      0.648,
      0.515,
      0.316,
      0.582,
      0.703,
      0.553,
      0.69,
      0.711,
      0.647,
      0.765,
      0.373,
      0.521,
      0.505,
      0.705,
      0.59,
      0.475,
      0.415,
      0.529,
      0.611,
      0.527,
      0.467,
      0.209,
      0.291,
      0.62,
      0.492,
      0.546,
      0.43,
      0.514,
      0.201,
      0.53,
      0.54,
      0.661,
      1.0,
      0.493,
      0.519
    ],
    [
      0.58,
      0.382,
      0.466,
      0.448,
      0.256,
      0.376,
      0.503,
      0.425,
      0.404,
      0.496,
      0.328,
      0.429,
      0.434,
      0.44,
      0.449,
      0.43,
      0.38,
      0.439,
      0.401,
      0.353,
      0.409,
      0.43,
      0.454,
      0.442,
      0.315,
      0.482,
      0.457,
      0.457,
      0.319,
      0.45,
      0.524,
      0.451,
      0.462,
      0.517,
      0.38,
      0.322,
      0.338,
      0.441,
      0.507,
      0.467,
      0.493,
      1.0,
      0.369
    ],
    [
      0.558,
      0.309,
      0.399,
      0.51,
      0.244,
      0.262,
      0.46,
      0.352,
      0.624,
      0.561,
      0.364,
      0.543,
      0.477,
      0.456,
      0.524,
      0.505,
      0.462,
      0.522,
      0.422,
      0.403,
      0.403,
      0.452,
      0.442,
      0.355,
      0.298,
      0.549,
      0.52,
      0.578,
      0.463,
      0.3,
      0.296,
      0.411,
      0.287,
      0.376,
      0.26,
      0.384,
      0.336,
      0.451,
      0.422,
      0.464,
      0.519,
      0.369,
      1.0
    ]
  ]
}