{
  "feeds": [
    "Brazil | Folha de São Paulo",
    "Brazil | O Globo (via Google News)",
    "China | CGTN Politics",
    "China | CGTN World",
    "China | Global Times",
    "China | People's Daily CN",
    "China | Xinhua English",
    "India | Dainik Bhaskar",
    "India | NDTV World",
    "India | The Hindu Intl",
    "India | Times of India",
    "Iran (Opposition / Diaspora) | Iran International EN",
    "Iran (Opposition / Diaspora) | Iran International FA",
    "Iran (Opposition / Diaspora) | RFE/RL (was Radio Farda)",
    "Israel | Haaretz",
    "Israel | Jerusalem Post",
    "Israel | Ynet Hebrew",
    "Japan | Japan Times",
    "Japan | NHK Japanese",
    "Nigeria | The Punch",
    "Nigeria | Vanguard",
    "Qatar | Al Jazeera Arabic",
    "Qatar | Al Jazeera English",
    "Russia | Meduza",
    "Russia | Moscow Times",
    "Russia | RT",
    "Russia | TASS English",
    "Saudi Arabia | Al Arabiya English (via Google News)",
    "Saudi Arabia | Arab News (via Google News)",
    "South Korea | Korea Herald (via Google News)",
    "South Korea | Yonhap News",
    "Turkey | Daily Sabah",
    "Turkey | Hurriyet",
    "United Kingdom | BBC World",
    "United Kingdom | The Guardian World",
    "United Kingdom | The Telegraph",
    "United States | CNN World",
    "United States | Fox News World",
    "United States | NPR World",
    "Wire Services (Factual Baseline) | AFP / France 24 EN",
    "Wire Services (Factual Baseline) | AFP / France 24 FR",
    "Wire Services (Factual Baseline) | AP News",
    "Wire Services (Factual Baseline) | Reuters (via Google News)"
  ],
  "matrix": [
    [
      1.0,
      0.361,
      0.617,
      0.467,
      0.253,
      0.41,
      0.567,
      0.384,
      0.723,
      0.683,
      0.415,
      0.645,
      0.735,
      0.641,
      0.761,
      0.749,
      0.736,
      0.638,
      0.517,
      0.342,
      0.546,
      0.419,
      0.627,
      0.482,
      0.462,
      0.737,
      0.606,
      0.674,
      0.56,
      0.3,
      0.164,
      0.664,
      0.421,
      0.625,
      0.527,
      0.416,
      0.239,
      0.695,
      0.671,
      0.618,
      0.608,
      0.718,
      0.584
    ],
    [
      0.361,
      1.0,
      0.326,
      0.336,
      0.074,
      0.293,
      0.33,
      0.386,
      0.389,
      0.287,
      0.389,
      0.339,
      0.412,
      0.296,
      0.284,
      0.336,
      0.43,
      0.321,
      0.412,
      0.475,
      0.354,
      0.439,
      0.371,
      0.352,
      0.276,
      0.356,
      0.368,
      0.413,
      0.31,
      0.349,
      0.305,
      0.305,
      0.431,
      0.362,
      0.562,
      0.316,
      0.154,
      0.244,
      0.434,
      0.355,
      0.52,
      0.347,
      0.337
    ],
    [
      0.617,
      0.326,
      1.0,
      0.608,
      0.481,
      0.556,
      0.522,
      0.466,
      0.629,
      0.614,
      0.397,
      0.527,
      0.576,
      0.523,
      0.508,
      0.603,
      0.563,
      0.552,
      0.439,
      0.31,
      0.501,
      0.354,
      0.593,
      0.434,
      0.458,
      0.545,
      0.619,
      0.549,
      0.555,
      0.332,
      0.218,
      0.559,
      0.321,
      0.456,
      0.469,
      0.343,
      0.279,
      0.507,
      0.413,
      0.444,
      0.495,
      0.536,
      0.495
    ],
    [
      0.467,
      0.336,
      0.608,
      1.0,
      0.243,
      0.287,
      0.453,
      0.214,
      0.557,
      0.539,
      0.234,
      0.448,
      0.383,
      0.574,
      0.342,
      0.459,
      0.374,
      0.47,
      0.31,
      0.313,
      0.428,
      0.337,
      0.517,
      0.331,
      0.313,
      0.486,
      0.443,
      0.454,
      0.456,
      0.25,
      0.185,
      0.508,
      0.253,
      0.443,
      0.528,
      0.182,
      0.233,
      0.475,
      0.355,
      0.42,
      0.398,
      0.416,
      0.397
    ],
    [
      0.253,
      0.074,
      0.481,
      0.243,
      1.0,
      0.538,
      0.232,
      0.312,
      0.388,
      0.277,
      0.215,
      0.261,
      0.259,
      0.148,
      0.172,
      0.263,
      0.215,
      0.29,
      0.222,
      0.148,
      0.273,
      0.158,
      0.173,
      0.097,
      0.168,
      0.112,
      0.344,
      0.086,
      0.201,
      0.19,
      0.298,
      0.165,
      0.077,
      0.206,
      0.205,
      0.077,
      0.186,
      0.2,
      0.105,
      0.096,
      0.17,
      0.161,
      0.373
    ],
    [
      0.41,
      0.293,
      0.556,
      0.287,
      0.538,
      1.0,
      0.338,
      0.52,
      0.345,
      0.31,
      0.398,
      0.23,
      0.39,
      0.158,
      0.278,
      0.372,
      0.447,
      0.342,
      0.342,
      0.319,
      0.395,
      0.207,
      0.294,
      0.255,
      0.217,
      0.22,
      0.44,
      0.261,
      0.273,
      0.323,
      0.314,
      0.242,
      0.293,
      0.315,
      0.291,
      0.249,
      0.277,
      0.228,
      0.243,
      0.197,
      0.493,
      0.306,
      0.357
    ],
    [
      0.567,
      0.33,
      0.522,
      0.453,
      0.232,
      0.338,
      1.0,
      0.339,
      0.525,
      0.479,
      0.304,
      0.395,
      0.495,
      0.415,
      0.501,
      0.523,
      0.448,
      0.453,
      0.422,
      0.318,
      0.51,
      0.235,
      0.391,
      0.395,
      0.323,
      0.505,
      0.504,
      0.461,
      0.414,
      0.487,
      0.302,
      0.463,
      0.329,
      0.534,
      0.468,
      0.365,
      0.251,
      0.492,
      0.525,
      0.469,
      0.504,
      0.489,
      0.535
    ],
    [
      0.384,
      0.386,
      0.466,
      0.214,
      0.312,
      0.52,
      0.339,
      1.0,
      0.443,
      0.389,
      0.655,
      0.284,
      0.534,
      0.151,
      0.329,
      0.303,
      0.512,
      0.29,
      0.367,
      0.398,
      0.394,
      0.22,
      0.465,
      0.318,
      0.189,
      0.279,
      0.347,
      0.315,
      0.28,
      0.242,
      0.34,
      0.275,
      0.528,
      0.384,
      0.505,
      0.352,
      0.178,
      0.287,
      0.319,
      0.309,
      0.475,
      0.378,
      0.318
    ],
    [
      0.723,
      0.389,
      0.629,
      0.557,
      0.388,
      0.345,
      0.525,
      0.443,
      1.0,
      0.731,
      0.506,
      0.714,
      0.683,
      0.707,
      0.659,
      0.769,
      0.697,
      0.692,
      0.529,
      0.36,
      0.49,
      0.443,
      0.684,
      0.482,
      0.5,
      0.663,
      0.63,
      0.61,
      0.582,
      0.33,
      0.251,
      0.695,
      0.374,
      0.619,
      0.534,
      0.404,
      0.263,
      0.609,
      0.655,
      0.631,
      0.49,
      0.652,
      0.634
    ],
    [
      0.683,
      0.287,
      0.614,
      0.539,
      0.277,
      0.31,
      0.479,
      0.389,
      0.731,
      1.0,
      0.373,
      0.616,
      0.688,
      0.644,
      0.597,
      0.738,
      0.673,
      0.623,
      0.5,
      0.404,
      0.493,
      0.421,
      0.572,
      0.468,
      0.473,
      0.605,
      0.578,
      0.64,
      0.584,
      0.301,
      0.176,
      0.715,
      0.404,
      0.527,
      0.467,
      0.334,
      0.157,
      0.6,
      0.555,
      0.678,
      0.438,
      0.588,
      0.617
    ],
    [
      0.415,
      0.389,
      0.397,
      0.234,
      0.215,
      0.398,
      0.304,
      0.655,
      0.506,
      0.373,
      1.0,
      0.244,
      0.481,
      0.216,
      0.384,
      0.368,
      0.54,
      0.367,
      0.348,
      0.384,
      0.423,
      0.312,
      0.447,
      0.255,
      0.187,
      0.296,
      0.349,
      0.314,
      0.343,
      0.203,
      0.204,
      0.213,
      0.398,
      0.355,
      0.379,
      0.303,
      0.244,
      0.254,
      0.368,
      0.309,
      0.487,
      0.319,
      0.283
    ],
    [
      0.645,
      0.339,
      0.527,
      0.448,
      0.261,
      0.23,
      0.395,
      0.284,
      0.714,
      0.616,
      0.244,
      1.0,
      0.71,
      0.713,
      0.567,
      0.723,
      0.642,
      0.593,
      0.319,
      0.306,
      0.474,
      0.431,
      0.654,
      0.473,
      0.535,
      0.681,
      0.558,
      0.604,
      0.477,
      0.202,
      0.175,
      0.732,
      0.415,
      0.527,
      0.467,
      0.301,
      0.192,
      0.649,
      0.53,
      0.594,
      0.401,
      0.595,
      0.519
    ],
    [
      0.735,
      0.412,
      0.576,
      0.383,
      0.259,
      0.39,
      0.495,
      0.534,
      0.683,
      0.688,
      0.481,
      0.71,
      1.0,
      0.567,
      0.681,
      0.774,
      0.797,
      0.578,
      0.459,
      0.401,
      0.588,
      0.421,
      0.617,
      0.437,
      0.437,
      0.599,
      0.606,
      0.675,
      0.611,
      0.312,
      0.282,
      0.674,
      0.545,
      0.547,
      0.548,
      0.302,
      0.127,
      0.567,
      0.631,
      0.648,
      0.602,
      0.643,
      0.561
    ],
    [
      0.641,
      0.296,
      0.523,
      0.574,
      0.148,
      0.158,
      0.415,
      0.151,
      0.707,
      0.644,
      0.216,
      0.713,
      0.567,
      1.0,
      0.498,
      0.711,
      0.556,
      0.586,
      0.33,
      0.267,
      0.418,
      0.388,
      0.64,
      0.609,
      0.66,
      0.741,
      0.681,
      0.587,
      0.441,
      0.203,
      0.102,
      0.754,
      0.343,
      0.589,
      0.436,
      0.237,
      0.156,
      0.551,
      0.604,
      0.647,
      0.323,
      0.677,
      0.513
    ],
    [
      0.761,
      0.284,
      0.508,
      0.342,
      0.172,
      0.278,
      0.501,
      0.329,
      0.659,
      0.597,
      0.384,
      0.567,
      0.681,
      0.498,
      1.0,
      0.709,
      0.717,
      0.506,
      0.415,
      0.411,
      0.574,
      0.292,
      0.619,
      0.311,
      0.343,
      0.588,
      0.485,
      0.644,
      0.562,
      0.34,
      0.177,
      0.574,
      0.375,
      0.479,
      0.355,
      0.419,
      0.166,
      0.657,
      0.598,
      0.596,
      0.613,
      0.619,
      0.521
    ],
    [
      0.749,
      0.336,
      0.603,
      0.459,
      0.263,
      0.372,
      0.523,
      0.303,
      0.769,
      0.738,
      0.368,
      0.723,
      0.774,
      0.711,
      0.709,
      1.0,
      0.702,
      0.657,
      0.453,
      0.406,
      0.564,
      0.448,
      0.673,
      0.46,
      0.493,
      0.673,
      0.648,
      0.677,
      0.557,
      0.325,
      0.171,
      0.752,
      0.393,
      0.585,
      0.43,
      0.291,
      0.121,
      0.58,
      0.649,
      0.639,
      0.503,
      0.624,
      0.665
    ],
    [
      0.736,
      0.43,
      0.563,
      0.374,
      0.215,
      0.447,
      0.448,
      0.512,
      0.697,
      0.673,
      0.54,
      0.642,
      0.797,
      0.556,
      0.717,
      0.702,
      1.0,
      0.541,
      0.48,
      0.446,
      0.569,
      0.439,
      0.628,
      0.438,
      0.451,
      0.598,
      0.592,
      0.679,
      0.633,
      0.379,
      0.292,
      0.594,
      0.574,
      0.518,
      0.507,
      0.455,
      0.178,
      0.562,
      0.613,
      0.626,
      0.599,
      0.651,
      0.558
    ],
    [
      0.638,
      0.321,
      0.552,
      0.47,
      0.29,
      0.342,
      0.453,
      0.29,
      0.692,
      0.623,
      0.367,
      0.593,
      0.578,
      0.586,
      0.506,
      0.657,
      0.541,
      1.0,
      0.564,
      0.341,
      0.408,
      0.414,
      0.636,
      0.43,
      0.484,
      0.551,
      0.631,
      0.533,
      0.535,
      0.434,
      0.368,
      0.673,
      0.328,
      0.465,
      0.383,
      0.246,
      0.312,
      0.527,
      0.515,
      0.45,
      0.335,
      0.428,
      0.689
    ],
    [
      0.517,
      0.412,
      0.439,
      0.31,
      0.222,
      0.342,
      0.422,
      0.367,
      0.529,
      0.5,
      0.348,
      0.319,
      0.459,
      0.33,
      0.415,
      0.453,
      0.48,
      0.564,
      1.0,
      0.307,
      0.3,
      0.426,
      0.404,
      0.381,
      0.384,
      0.349,
      0.532,
      0.395,
      0.458,
      0.423,
      0.377,
      0.4,
      0.256,
      0.328,
      0.333,
      0.302,
      0.297,
      0.335,
      0.412,
      0.376,
      0.306,
      0.374,
      0.481
    ],
    [
      0.342,
      0.475,
      0.31,
      0.313,
      0.148,
      0.319,
      0.318,
      0.398,
      0.36,
      0.404,
      0.384,
      0.306,
      0.401,
      0.267,
      0.411,
      0.406,
      0.446,
      0.341,
      0.307,
      1.0,
      0.648,
      0.371,
      0.447,
      0.31,
      0.251,
      0.316,
      0.414,
      0.424,
      0.387,
      0.339,
      0.247,
      0.334,
      0.357,
      0.323,
      0.431,
      0.392,
      0.067,
      0.332,
      0.396,
      0.458,
      0.614,
      0.322,
      0.405
    ],
    [
      0.546,
      0.354,
      0.501,
      0.428,
      0.273,
      0.395,
      0.51,
      0.394,
      0.49,
      0.493,
      0.423,
      0.474,
      0.588,
      0.418,
      0.574,
      0.564,
      0.569,
      0.408,
      0.3,
      0.648,
      1.0,
      0.344,
      0.46,
      0.369,
      0.377,
      0.496,
      0.54,
      0.508,
      0.484,
      0.365,
      0.288,
      0.442,
      0.401,
      0.346,
      0.495,
      0.437,
      0.192,
      0.464,
      0.433,
      0.513,
      0.663,
      0.416,
      0.438
    ],
    [
      0.419,
      0.439,
      0.354,
      0.337,
      0.158,
      0.207,
      0.235,
      0.22,
      0.443,
      0.421,
      0.312,
      0.431,
      0.421,
      0.388,
      0.292,
      0.448,
      0.439,
      0.414,
      0.426,
      0.371,
      0.344,
      1.0,
      0.406,
      0.327,
      0.347,
      0.432,
      0.381,
      0.364,
      0.313,
      0.155,
      0.122,
      0.404,
      0.319,
      0.341,
      0.366,
      0.272,
      0.168,
      0.317,
      0.286,
      0.377,
      0.348,
      0.41,
      0.361
    ],
    [
      0.627,
      0.371,
      0.593,
      0.517,
      0.173,
      0.294,
      0.391,
      0.465,
      0.684,
      0.572,
      0.447,
      0.654,
      0.617,
      0.64,
      0.619,
      0.673,
      0.628,
      0.636,
      0.404,
      0.447,
      0.46,
      0.406,
      1.0,
      0.465,
      0.502,
      0.632,
      0.597,
      0.658,
      0.58,
      0.333,
      0.263,
      0.672,
      0.439,
      0.522,
      0.474,
      0.37,
      0.228,
      0.577,
      0.556,
      0.581,
      0.46,
      0.624,
      0.555
    ],
    [
      0.482,
      0.352,
      0.434,
      0.331,
      0.097,
      0.255,
      0.395,
      0.318,
      0.482,
      0.468,
      0.255,
      0.473,
      0.437,
      0.609,
      0.311,
      0.46,
      0.438,
      0.43,
      0.381,
      0.31,
      0.369,
      0.327,
      0.465,
      1.0,
      0.832,
      0.588,
      0.658,
      0.478,
      0.345,
      0.216,
      0.075,
      0.513,
      0.409,
      0.494,
      0.471,
      0.363,
      0.239,
      0.448,
      0.461,
      0.513,
      0.375,
      0.437,
      0.378
    ],
    [
      0.462,
      0.276,
      0.458,
      0.313,
      0.168,
      0.217,
      0.323,
      0.189,
      0.5,
      0.473,
      0.187,
      0.535,
      0.437,
      0.66,
      0.343,
      0.493,
      0.451,
      0.484,
      0.384,
      0.251,
      0.377,
      0.347,
      0.502,
      0.832,
      1.0,
      0.564,
      0.738,
      0.481,
      0.416,
      0.17,
      0.072,
      0.558,
      0.35,
      0.389,
      0.396,
      0.321,
      0.209,
      0.422,
      0.418,
      0.502,
      0.299,
      0.407,
      0.389
    ],
    [
      0.737,
      0.356,
      0.545,
      0.486,
      0.112,
      0.22,
      0.505,
      0.279,
      0.663,
      0.605,
      0.296,
      0.681,
      0.599,
      0.741,
      0.588,
      0.673,
      0.598,
      0.551,
      0.349,
      0.316,
      0.496,
      0.432,
      0.632,
      0.588,
      0.564,
      1.0,
      0.637,
      0.65,
      0.485,
      0.198,
      0.049,
      0.717,
      0.385,
      0.632,
      0.501,
      0.434,
      0.173,
      0.651,
      0.656,
      0.621,
      0.491,
      0.659,
      0.495
    ],
    [
      0.606,
      0.368,
      0.619,
      0.443,
      0.344,
      0.44,
      0.504,
      0.347,
      0.63,
      0.578,
      0.349,
      0.558,
      0.606,
      0.681,
      0.485,
      0.648,
      0.592,
      0.631,
      0.532,
      0.414,
      0.54,
      0.381,
      0.597,
      0.658,
      0.738,
      0.637,
      1.0,
      0.576,
      0.559,
      0.359,
      0.286,
      0.601,
      0.359,
      0.554,
      0.453,
      0.318,
      0.214,
      0.471,
      0.575,
      0.563,
      0.445,
      0.521,
      0.532
    ],
    [
      0.674,
      0.413,
      0.549,
      0.454,
      0.086,
      0.261,
      0.461,
      0.315,
      0.61,
      0.64,
      0.314,
      0.604,
      0.675,
      0.587,
      0.644,
      0.677,
      0.679,
      0.533,
      0.395,
      0.424,
      0.508,
      0.364,
      0.658,
      0.478,
      0.481,
      0.65,
      0.576,
      1.0,
      0.755,
      0.462,
      0.216,
      0.71,
      0.366,
      0.452,
      0.428,
      0.349,
      0.072,
      0.572,
      0.519,
      0.573,
      0.424,
      0.59,
      0.667
    ],
    [
      0.56,
      0.31,
      0.555,
      0.456,
      0.201,
      0.273,
      0.414,
      0.28,
      0.582,
      0.584,
      0.343,
      0.477,
      0.611,
      0.441,
      0.562,
      0.557,
      0.633,
      0.535,
      0.458,
      0.387,
      0.484,
      0.313,
      0.58,
      0.345,
      0.416,
      0.485,
      0.559,
      0.755,
      1.0,
      0.523,
      0.353,
      0.551,
      0.298,
      0.344,
      0.423,
      0.34,
      0.175,
      0.443,
      0.445,
      0.435,
      0.388,
      0.493,
      0.629
    ],
    [
      0.3,
      0.349,
      0.332,
      0.25,
      0.19,
      0.323,
      0.487,
      0.242,
      0.33,
      0.301,
      0.203,
      0.202,
      0.312,
      0.203,
      0.34,
      0.325,
      0.379,
      0.434,
      0.423,
      0.339,
      0.365,
      0.155,
      0.333,
      0.216,
      0.17,
      0.198,
      0.359,
      0.462,
      0.523,
      1.0,
      0.67,
      0.324,
      0.154,
      0.242,
      0.216,
      0.222,
      0.153,
      0.259,
      0.236,
      0.181,
      0.245,
      0.192,
      0.706
    ],
    [
      0.164,
      0.305,
      0.218,
      0.185,
      0.298,
      0.314,
      0.302,
      0.34,
      0.251,
      0.176,
      0.204,
      0.175,
      0.282,
      0.102,
      0.177,
      0.171,
      0.292,
      0.368,
      0.377,
      0.247,
      0.288,
      0.122,
      0.263,
      0.075,
      0.072,
      0.049,
      0.286,
      0.216,
      0.353,
      0.67,
      1.0,
      0.216,
      0.164,
      0.154,
      0.157,
      0.145,
      0.188,
      0.15,
      0.152,
      0.124,
      0.144,
      0.128,
      0.505
    ],
    [
      0.664,
      0.305,
      0.559,
      0.508,
      0.165,
      0.242,
      0.463,
      0.275,
      0.695,
      0.715,
      0.213,
      0.732,
      0.674,
      0.754,
      0.574,
      0.752,
      0.594,
      0.673,
      0.4,
      0.334,
      0.442,
      0.404,
      0.672,
      0.513,
      0.558,
      0.717,
      0.601,
      0.71,
      0.551,
      0.324,
      0.216,
      1.0,
      0.371,
      0.539,
      0.395,
      0.238,
      0.089,
      0.559,
      0.54,
      0.646,
      0.381,
      0.604,
      0.647
    ],
    [
      0.421,
      0.431,
      0.321,
      0.253,
      0.077,
      0.293,
      0.329,
      0.528,
      0.374,
      0.404,
      0.398,
      0.415,
      0.545,
      0.343,
      0.375,
      0.393,
      0.574,
      0.328,
      0.256,
      0.357,
      0.401,
      0.319,
      0.439,
      0.409,
      0.35,
      0.385,
      0.359,
      0.366,
      0.298,
      0.154,
      0.164,
      0.371,
      1.0,
      0.444,
      0.493,
      0.448,
      0.249,
      0.355,
      0.43,
      0.402,
      0.482,
      0.441,
      0.254
    ],
    [
      0.625,
      0.362,
      0.456,
      0.443,
      0.206,
      0.315,
      0.534,
      0.384,
      0.619,
      0.527,
      0.355,
      0.527,
      0.547,
      0.589,
      0.479,
      0.585,
      0.518,
      0.465,
      0.328,
      0.323,
      0.346,
      0.341,
      0.522,
      0.494,
      0.389,
      0.632,
      0.554,
      0.452,
      0.344,
      0.242,
      0.154,
      0.539,
      0.444,
      1.0,
      0.533,
      0.454,
      0.174,
      0.592,
      0.696,
      0.578,
      0.523,
      0.628,
      0.476
    ],
    [
      0.527,
      0.562,
      0.469,
      0.528,
      0.205,
      0.291,
      0.468,
      0.505,
      0.534,
      0.467,
      0.379,
      0.467,
      0.548,
      0.436,
      0.355,
      0.43,
      0.507,
      0.383,
      0.333,
      0.431,
      0.495,
      0.366,
      0.474,
      0.471,
      0.396,
      0.501,
      0.453,
      0.428,
      0.423,
      0.216,
      0.157,
      0.395,
      0.493,
      0.533,
      1.0,
      0.36,
      0.14,
      0.45,
      0.475,
      0.473,
      0.586,
      0.494,
      0.378
    ],
    [
      0.416,
      0.316,
      0.343,
      0.182,
      0.077,
      0.249,
      0.365,
      0.352,
      0.404,
      0.334,
      0.303,
      0.301,
      0.302,
      0.237,
      0.419,
      0.291,
      0.455,
      0.246,
      0.302,
      0.392,
      0.437,
      0.272,
      0.37,
      0.363,
      0.321,
      0.434,
      0.318,
      0.349,
      0.34,
      0.222,
      0.145,
      0.238,
      0.448,
      0.454,
      0.36,
      1.0,
      0.296,
      0.482,
      0.5,
      0.332,
      0.526,
      0.367,
      0.258
    ],
    [
      0.239,
      0.154,
      0.279,
      0.233,
      0.186,
      0.277,
      0.251,
      0.178,
      0.263,
      0.157,
      0.244,
      0.192,
      0.127,
      0.156,
      0.166,
      0.121,
      0.178,
      0.312,
      0.297,
      0.067,
      0.192,
      0.168,
      0.228,
      0.239,
      0.209,
      0.173,
      0.214,
      0.072,
      0.175,
      0.153,
      0.188,
      0.089,
      0.249,
      0.174,
      0.14,
      0.296,
      1.0,
      0.259,
      0.222,
      0.14,
      0.176,
      0.25,
      0.14
    ],
    [
      0.695,
      0.244,
      0.507,
      0.475,
      0.2,
      0.228,
      0.492,
      0.287,
      0.609,
      0.6,
      0.254,
      0.649,
      0.567,
      0.551,
      0.657,
      0.58,
      0.562,
      0.527,
      0.335,
      0.332,
      0.464,
      0.317,
      0.577,
      0.448,
      0.422,
      0.651,
      0.471,
      0.572,
      0.443,
      0.259,
      0.15,
      0.559,
      0.355,
      0.592,
      0.45,
      0.482,
      0.259,
      1.0,
      0.556,
      0.557,
      0.515,
      0.58,
      0.472
    ],
    [
      0.671,
      0.434,
      0.413,
      0.355,
      0.105,
      0.243,
      0.525,
      0.319,
      0.655,
      0.555,
      0.368,
      0.53,
      0.631,
      0.604,
      0.598,
      0.649,
      0.613,
      0.515,
      0.412,
      0.396,
      0.433,
      0.286,
      0.556,
      0.461,
      0.418,
      0.656,
      0.575,
      0.519,
      0.445,
      0.236,
      0.152,
      0.54,
      0.43,
      0.696,
      0.475,
      0.5,
      0.222,
      0.556,
      1.0,
      0.661,
      0.583,
      0.641,
      0.431
    ],
    [
      0.618,
      0.355,
      0.444,
      0.42,
      0.096,
      0.197,
      0.469,
      0.309,
      0.631,
      0.678,
      0.309,
      0.594,
      0.648,
      0.647,
      0.596,
      0.639,
      0.626,
      0.45,
      0.376,
      0.458,
      0.513,
      0.377,
      0.581,
      0.513,
      0.502,
      0.621,
      0.563,
      0.573,
      0.435,
      0.181,
      0.124,
      0.646,
      0.402,
      0.578,
      0.473,
      0.332,
      0.14,
      0.557,
      0.661,
      1.0,
      0.626,
      0.646,
      0.413
    ],
    [
      0.608,
      0.52,
      0.495,
      0.398,
      0.17,
      0.493,
      0.504,
      0.475,
      0.49,
      0.438,
      0.487,
      0.401,
      0.602,
      0.323,
      0.613,
      0.503,
      0.599,
      0.335,
      0.306,
      0.614,
      0.663,
      0.348,
      0.46,
      0.375,
      0.299,
      0.491,
      0.445,
      0.424,
      0.388,
      0.245,
      0.144,
      0.381,
      0.482,
      0.523,
      0.586,
      0.526,
      0.176,
      0.515,
      0.583,
      0.626,
      1.0,
      0.495,
      0.3
    ],
    [
      0.718,
      0.347,
      0.536,
      0.416,
      0.161,
      0.306,
      0.489,
      0.378,
      0.652,
      0.588,
      0.319,
      0.595,
      0.643,
      0.677,
      0.619,
      0.624,
      0.651,
      0.428,
      0.374,
      0.322,
      0.416,
      0.41,
      0.624,
      0.437,
      0.407,
      0.659,
      0.521,
      0.59,
      0.493,
      0.192,
      0.128,
      0.604,
      0.441,
      0.628,
      0.494,
      0.367,
      0.25,
      0.58,
      0.641,
      0.646,
      0.495,
      1.0,
      0.45
    ],
    [
      0.584,
      0.337,
      0.495,
      0.397,
      0.373,
      0.357,
      0.535,
      0.318,
      0.634,
      0.617,
      0.283,
      0.519,
      0.561,
      0.513,
      0.521,
      0.665,
      0.558,
      0.689,
      0.481,
      0.405,
      0.438,
      0.361,
      0.555,
      0.378,
      0.389,
      0.495,
      0.532,
      0.667,
      0.629,
      0.706,
      0.505,
      0.647,
      0.254,
      0.476,
      0.378,
      0.258,
      0.14,
      0.472,
      0.431,
      0.413,
      0.3,
      0.45,
      1.0
    ]
  ]
}