{
  "feeds": [
    "Brazil | Folha de São Paulo",
    "Brazil | O Globo (via Google News)",
    "China | CGTN Politics",
    "China | CGTN World",
    "China | Global Times",
    "China | People's Daily CN",
    "China | Xinhua English",
    "India | Dainik Bhaskar",
    "India | NDTV World",
    "India | The Hindu Intl",
    "India | Times of India",
    "Iran (Opposition / Diaspora) | Iran International EN",
    "Iran (Opposition / Diaspora) | Iran International FA",
    "Iran (Opposition / Diaspora) | RFE/RL (was Radio Farda)",
    "Israel | Haaretz",
    "Israel | Jerusalem Post",
    "Israel | Times of Israel",
    "Israel | Ynet Hebrew",
    "Japan | Japan Times",
    "Japan | NHK Japanese",
    "Nigeria | The Punch",
    "Nigeria | Vanguard",
    "Qatar | Al Jazeera Arabic",
    "Qatar | Al Jazeera English",
    "Russia | Meduza",
    "Russia | Moscow Times",
    "Russia | RT",
    "Russia | TASS English",
    "Saudi Arabia | Al Arabiya English (via Google News)",
    "Saudi Arabia | Arab News (via Google News)",
    "South Korea | Korea Herald (via Google News)",
    "South Korea | Yonhap News",
    "Turkey | Hurriyet",
    "United Kingdom | BBC World",
    "United Kingdom | The Guardian World",
    "United Kingdom | The Telegraph",
    "United States | CNN World",
    "United States | Fox News World",
    "United States | NPR World",
    "Wire Services (Factual Baseline) | AFP / France 24 EN",
    "Wire Services (Factual Baseline) | AFP / France 24 FR",
    "Wire Services (Factual Baseline) | AP News",
    "Wire Services (Factual Baseline) | Reuters (via Google News)"
  ],
  "matrix": [
    [
      1.0,
      0.423,
      0.74,
      0.667,
      0.307,
      0.403,
      0.521,
      0.418,
      0.786,
      0.774,
      0.672,
      0.653,
      0.783,
      0.718,
      0.619,
      0.684,
      0.72,
      0.77,
      0.398,
      0.625,
      0.319,
      0.526,
      0.655,
      0.738,
      0.408,
      0.496,
      0.683,
      0.34,
      0.586,
      0.609,
      0.262,
      0.354,
      0.303,
      0.466,
      0.339,
      0.332,
      0.192,
      0.725,
      0.811,
      0.459,
      0.669,
      0.416,
      0.435
    ],
    [
      0.423,
      1.0,
      0.336,
      0.267,
      0.167,
      0.334,
      0.308,
      0.472,
      0.264,
      0.281,
      0.321,
      0.252,
      0.339,
      0.298,
      0.161,
      0.184,
      0.21,
      0.431,
      0.256,
      0.416,
      0.404,
      0.42,
      0.394,
      0.259,
      0.357,
      0.258,
      0.312,
      0.202,
      0.31,
      0.22,
      0.364,
      0.357,
      0.372,
      0.292,
      0.448,
      0.31,
      0.203,
      0.283,
      0.361,
      0.197,
      0.414,
      0.204,
      0.281
    ],
    [
      0.74,
      0.336,
      1.0,
      0.742,
      0.419,
      0.516,
      0.553,
      0.312,
      0.71,
      0.734,
      0.649,
      0.708,
      0.691,
      0.754,
      0.545,
      0.603,
      0.664,
      0.581,
      0.447,
      0.555,
      0.296,
      0.523,
      0.643,
      0.693,
      0.461,
      0.52,
      0.62,
      0.483,
      0.557,
      0.61,
      0.309,
      0.406,
      0.182,
      0.383,
      0.206,
      0.297,
      0.273,
      0.712,
      0.732,
      0.408,
      0.575,
      0.337,
      0.504
    ],
    [
      0.667,
      0.267,
      0.742,
      1.0,
      0.383,
      0.499,
      0.457,
      0.225,
      0.653,
      0.678,
      0.592,
      0.59,
      0.623,
      0.658,
      0.578,
      0.639,
      0.694,
      0.584,
      0.39,
      0.523,
      0.3,
      0.463,
      0.645,
      0.707,
      0.401,
      0.45,
      0.573,
      0.423,
      0.584,
      0.668,
      0.285,
      0.272,
      0.242,
      0.28,
      0.273,
      0.271,
      0.235,
      0.654,
      0.622,
      0.386,
      0.583,
      0.275,
      0.423
    ],
    [
      0.307,
      0.167,
      0.419,
      0.383,
      1.0,
      0.531,
      0.203,
      0.244,
      0.219,
      0.185,
      0.349,
      0.202,
      0.231,
      0.245,
      0.148,
      0.224,
      0.188,
      0.121,
      0.271,
      0.353,
      0.255,
      0.308,
      0.206,
      0.15,
      0.163,
      0.204,
      0.252,
      0.206,
      0.074,
      0.202,
      0.197,
      0.306,
      0.063,
      0.201,
      0.135,
      0.057,
      0.195,
      0.24,
      0.289,
      0.159,
      0.154,
      0.18,
      0.111
    ],
    [
      0.403,
      0.334,
      0.516,
      0.499,
      0.531,
      1.0,
      0.338,
      0.484,
      0.274,
      0.302,
      0.415,
      0.256,
      0.427,
      0.341,
      0.24,
      0.297,
      0.267,
      0.382,
      0.401,
      0.465,
      0.407,
      0.478,
      0.439,
      0.305,
      0.344,
      0.303,
      0.284,
      0.261,
      0.286,
      0.3,
      0.301,
      0.38,
      0.245,
      0.262,
      0.253,
      0.249,
      0.277,
      0.301,
      0.316,
      0.366,
      0.39,
      0.282,
      0.173
    ],
    [
      0.521,
      0.308,
      0.553,
      0.457,
      0.203,
      0.338,
      1.0,
      0.349,
      0.509,
      0.516,
      0.403,
      0.509,
      0.587,
      0.51,
      0.5,
      0.518,
      0.528,
      0.456,
      0.347,
      0.485,
      0.357,
      0.505,
      0.521,
      0.473,
      0.331,
      0.454,
      0.471,
      0.292,
      0.459,
      0.415,
      0.38,
      0.461,
      0.383,
      0.348,
      0.358,
      0.365,
      0.251,
      0.46,
      0.47,
      0.392,
      0.519,
      0.42,
      0.358
    ],
    [
      0.418,
      0.472,
      0.312,
      0.225,
      0.244,
      0.484,
      0.349,
      1.0,
      0.313,
      0.343,
      0.533,
      0.296,
      0.49,
      0.27,
      0.308,
      0.282,
      0.303,
      0.501,
      0.354,
      0.534,
      0.481,
      0.584,
      0.418,
      0.309,
      0.248,
      0.231,
      0.363,
      0.15,
      0.407,
      0.245,
      0.293,
      0.392,
      0.422,
      0.352,
      0.388,
      0.293,
      0.17,
      0.277,
      0.336,
      0.364,
      0.377,
      0.404,
      0.242
    ],
    [
      0.786,
      0.264,
      0.71,
      0.653,
      0.219,
      0.274,
      0.509,
      0.313,
      1.0,
      0.838,
      0.68,
      0.737,
      0.738,
      0.785,
      0.622,
      0.631,
      0.813,
      0.656,
      0.351,
      0.512,
      0.232,
      0.473,
      0.606,
      0.811,
      0.395,
      0.558,
      0.73,
      0.429,
      0.667,
      0.658,
      0.14,
      0.307,
      0.277,
      0.326,
      0.261,
      0.267,
      0.205,
      0.789,
      0.796,
      0.352,
      0.649,
      0.339,
      0.568
    ],
    [
      0.774,
      0.281,
      0.734,
      0.678,
      0.185,
      0.302,
      0.516,
      0.343,
      0.838,
      1.0,
      0.672,
      0.776,
      0.802,
      0.736,
      0.66,
      0.673,
      0.785,
      0.682,
      0.385,
      0.584,
      0.277,
      0.525,
      0.663,
      0.838,
      0.419,
      0.536,
      0.725,
      0.431,
      0.715,
      0.717,
      0.246,
      0.365,
      0.319,
      0.384,
      0.274,
      0.352,
      0.155,
      0.813,
      0.79,
      0.402,
      0.595,
      0.383,
      0.54
    ],
    [
      0.672,
      0.321,
      0.649,
      0.592,
      0.349,
      0.415,
      0.403,
      0.533,
      0.68,
      0.672,
      1.0,
      0.596,
      0.677,
      0.632,
      0.495,
      0.534,
      0.61,
      0.648,
      0.456,
      0.532,
      0.355,
      0.524,
      0.643,
      0.679,
      0.383,
      0.366,
      0.645,
      0.332,
      0.546,
      0.546,
      0.286,
      0.334,
      0.353,
      0.377,
      0.286,
      0.326,
      0.289,
      0.601,
      0.597,
      0.46,
      0.541,
      0.348,
      0.493
    ],
    [
      0.653,
      0.252,
      0.708,
      0.59,
      0.202,
      0.256,
      0.509,
      0.296,
      0.737,
      0.776,
      0.596,
      1.0,
      0.777,
      0.787,
      0.625,
      0.619,
      0.762,
      0.633,
      0.349,
      0.505,
      0.322,
      0.517,
      0.634,
      0.751,
      0.501,
      0.542,
      0.696,
      0.51,
      0.691,
      0.612,
      0.31,
      0.36,
      0.355,
      0.382,
      0.188,
      0.36,
      0.178,
      0.794,
      0.7,
      0.423,
      0.575,
      0.407,
      0.468
    ],
    [
      0.783,
      0.339,
      0.691,
      0.623,
      0.231,
      0.427,
      0.587,
      0.49,
      0.738,
      0.802,
      0.677,
      0.777,
      1.0,
      0.696,
      0.742,
      0.764,
      0.801,
      0.81,
      0.435,
      0.626,
      0.355,
      0.573,
      0.743,
      0.709,
      0.5,
      0.527,
      0.753,
      0.369,
      0.776,
      0.719,
      0.355,
      0.406,
      0.481,
      0.458,
      0.367,
      0.457,
      0.198,
      0.725,
      0.706,
      0.532,
      0.636,
      0.518,
      0.454
    ],
    [
      0.718,
      0.298,
      0.754,
      0.658,
      0.245,
      0.341,
      0.51,
      0.27,
      0.785,
      0.736,
      0.632,
      0.787,
      0.696,
      1.0,
      0.509,
      0.511,
      0.665,
      0.56,
      0.422,
      0.503,
      0.271,
      0.466,
      0.644,
      0.721,
      0.656,
      0.756,
      0.686,
      0.679,
      0.594,
      0.627,
      0.252,
      0.35,
      0.348,
      0.309,
      0.245,
      0.301,
      0.238,
      0.765,
      0.74,
      0.414,
      0.695,
      0.426,
      0.544
    ],
    [
      0.619,
      0.161,
      0.545,
      0.578,
      0.148,
      0.24,
      0.5,
      0.308,
      0.622,
      0.66,
      0.495,
      0.625,
      0.742,
      0.509,
      1.0,
      0.876,
      0.839,
      0.705,
      0.38,
      0.483,
      0.247,
      0.416,
      0.642,
      0.632,
      0.334,
      0.37,
      0.572,
      0.281,
      0.62,
      0.576,
      0.181,
      0.271,
      0.354,
      0.344,
      0.23,
      0.363,
      0.163,
      0.602,
      0.554,
      0.478,
      0.547,
      0.334,
      0.253
    ],
    [
      0.684,
      0.184,
      0.603,
      0.639,
      0.224,
      0.297,
      0.518,
      0.282,
      0.631,
      0.673,
      0.534,
      0.619,
      0.764,
      0.511,
      0.876,
      1.0,
      0.813,
      0.685,
      0.32,
      0.482,
      0.261,
      0.461,
      0.596,
      0.674,
      0.296,
      0.344,
      0.598,
      0.208,
      0.637,
      0.617,
      0.164,
      0.221,
      0.317,
      0.295,
      0.232,
      0.338,
      0.133,
      0.651,
      0.62,
      0.486,
      0.548,
      0.384,
      0.258
    ],
    [
      0.72,
      0.21,
      0.664,
      0.694,
      0.188,
      0.267,
      0.528,
      0.303,
      0.813,
      0.785,
      0.61,
      0.762,
      0.801,
      0.665,
      0.839,
      0.813,
      1.0,
      0.735,
      0.365,
      0.554,
      0.229,
      0.456,
      0.666,
      0.778,
      0.404,
      0.458,
      0.715,
      0.391,
      0.697,
      0.654,
      0.186,
      0.316,
      0.326,
      0.31,
      0.232,
      0.377,
      0.223,
      0.724,
      0.682,
      0.48,
      0.611,
      0.386,
      0.421
    ],
    [
      0.77,
      0.431,
      0.581,
      0.584,
      0.121,
      0.382,
      0.456,
      0.501,
      0.656,
      0.682,
      0.648,
      0.633,
      0.81,
      0.56,
      0.705,
      0.685,
      0.735,
      1.0,
      0.412,
      0.641,
      0.352,
      0.511,
      0.722,
      0.674,
      0.473,
      0.37,
      0.645,
      0.276,
      0.666,
      0.567,
      0.323,
      0.294,
      0.438,
      0.492,
      0.448,
      0.456,
      0.248,
      0.582,
      0.623,
      0.51,
      0.617,
      0.452,
      0.4
    ],
    [
      0.398,
      0.256,
      0.447,
      0.39,
      0.271,
      0.401,
      0.347,
      0.354,
      0.351,
      0.385,
      0.456,
      0.349,
      0.435,
      0.422,
      0.38,
      0.32,
      0.365,
      0.412,
      1.0,
      0.543,
      0.384,
      0.354,
      0.469,
      0.359,
      0.381,
      0.386,
      0.388,
      0.342,
      0.379,
      0.373,
      0.383,
      0.479,
      0.205,
      0.117,
      0.114,
      0.132,
      0.174,
      0.341,
      0.331,
      0.316,
      0.33,
      0.191,
      0.297
    ],
    [
      0.625,
      0.416,
      0.555,
      0.523,
      0.353,
      0.465,
      0.485,
      0.534,
      0.512,
      0.584,
      0.532,
      0.505,
      0.626,
      0.503,
      0.483,
      0.482,
      0.554,
      0.641,
      0.543,
      1.0,
      0.32,
      0.5,
      0.527,
      0.518,
      0.42,
      0.419,
      0.538,
      0.311,
      0.522,
      0.42,
      0.297,
      0.414,
      0.342,
      0.341,
      0.395,
      0.407,
      0.284,
      0.492,
      0.488,
      0.441,
      0.485,
      0.367,
      0.338
    ],
    [
      0.319,
      0.404,
      0.296,
      0.3,
      0.255,
      0.407,
      0.357,
      0.481,
      0.232,
      0.277,
      0.355,
      0.322,
      0.355,
      0.271,
      0.247,
      0.261,
      0.229,
      0.352,
      0.384,
      0.32,
      1.0,
      0.723,
      0.411,
      0.328,
      0.282,
      0.234,
      0.229,
      0.138,
      0.287,
      0.272,
      0.321,
      0.339,
      0.448,
      0.484,
      0.389,
      0.245,
      0.112,
      0.346,
      0.28,
      0.356,
      0.497,
      0.264,
      0.209
    ],
    [
      0.526,
      0.42,
      0.523,
      0.463,
      0.308,
      0.478,
      0.505,
      0.584,
      0.473,
      0.525,
      0.524,
      0.517,
      0.573,
      0.466,
      0.416,
      0.461,
      0.456,
      0.511,
      0.354,
      0.5,
      0.723,
      1.0,
      0.572,
      0.54,
      0.394,
      0.41,
      0.435,
      0.358,
      0.47,
      0.401,
      0.263,
      0.354,
      0.413,
      0.508,
      0.402,
      0.309,
      0.154,
      0.538,
      0.528,
      0.435,
      0.598,
      0.341,
      0.363
    ],
    [
      0.655,
      0.394,
      0.643,
      0.645,
      0.206,
      0.439,
      0.521,
      0.418,
      0.606,
      0.663,
      0.643,
      0.634,
      0.743,
      0.644,
      0.642,
      0.596,
      0.666,
      0.722,
      0.469,
      0.527,
      0.411,
      0.572,
      1.0,
      0.667,
      0.573,
      0.546,
      0.621,
      0.47,
      0.649,
      0.623,
      0.357,
      0.442,
      0.453,
      0.417,
      0.426,
      0.382,
      0.184,
      0.61,
      0.56,
      0.559,
      0.713,
      0.401,
      0.455
    ],
    [
      0.738,
      0.259,
      0.693,
      0.707,
      0.15,
      0.305,
      0.473,
      0.309,
      0.811,
      0.838,
      0.679,
      0.751,
      0.709,
      0.721,
      0.632,
      0.674,
      0.778,
      0.674,
      0.359,
      0.518,
      0.328,
      0.54,
      0.667,
      1.0,
      0.412,
      0.495,
      0.688,
      0.462,
      0.685,
      0.647,
      0.216,
      0.297,
      0.316,
      0.354,
      0.223,
      0.335,
      0.223,
      0.804,
      0.73,
      0.428,
      0.664,
      0.3,
      0.518
    ],
    [
      0.408,
      0.357,
      0.461,
      0.401,
      0.163,
      0.344,
      0.331,
      0.248,
      0.395,
      0.419,
      0.383,
      0.501,
      0.5,
      0.656,
      0.334,
      0.296,
      0.404,
      0.473,
      0.381,
      0.42,
      0.282,
      0.394,
      0.573,
      0.412,
      1.0,
      0.702,
      0.563,
      0.681,
      0.4,
      0.364,
      0.319,
      0.274,
      0.426,
      0.194,
      0.298,
      0.415,
      0.231,
      0.492,
      0.393,
      0.437,
      0.531,
      0.424,
      0.331
    ],
    [
      0.496,
      0.258,
      0.52,
      0.45,
      0.204,
      0.303,
      0.454,
      0.231,
      0.558,
      0.536,
      0.366,
      0.542,
      0.527,
      0.756,
      0.37,
      0.344,
      0.458,
      0.37,
      0.386,
      0.419,
      0.234,
      0.41,
      0.546,
      0.495,
      0.702,
      1.0,
      0.539,
      0.68,
      0.432,
      0.414,
      0.166,
      0.383,
      0.375,
      0.295,
      0.249,
      0.211,
      0.103,
      0.584,
      0.571,
      0.353,
      0.621,
      0.437,
      0.468
    ],
    [
      0.683,
      0.312,
      0.62,
      0.573,
      0.252,
      0.284,
      0.471,
      0.363,
      0.73,
      0.725,
      0.645,
      0.696,
      0.753,
      0.686,
      0.572,
      0.598,
      0.715,
      0.645,
      0.388,
      0.538,
      0.229,
      0.435,
      0.621,
      0.688,
      0.563,
      0.539,
      1.0,
      0.481,
      0.623,
      0.557,
      0.236,
      0.319,
      0.357,
      0.279,
      0.26,
      0.399,
      0.277,
      0.639,
      0.658,
      0.433,
      0.569,
      0.439,
      0.546
    ],
    [
      0.34,
      0.202,
      0.483,
      0.423,
      0.206,
      0.261,
      0.292,
      0.15,
      0.429,
      0.431,
      0.332,
      0.51,
      0.369,
      0.679,
      0.281,
      0.208,
      0.391,
      0.276,
      0.342,
      0.311,
      0.138,
      0.358,
      0.47,
      0.462,
      0.681,
      0.68,
      0.481,
      1.0,
      0.358,
      0.34,
      0.14,
      0.334,
      0.205,
      0.15,
      0.106,
      0.192,
      0.283,
      0.504,
      0.418,
      0.209,
      0.478,
      0.225,
      0.46
    ],
    [
      0.586,
      0.31,
      0.557,
      0.584,
      0.074,
      0.286,
      0.459,
      0.407,
      0.667,
      0.715,
      0.546,
      0.691,
      0.776,
      0.594,
      0.62,
      0.637,
      0.697,
      0.666,
      0.379,
      0.522,
      0.287,
      0.47,
      0.649,
      0.685,
      0.4,
      0.432,
      0.623,
      0.358,
      1.0,
      0.802,
      0.395,
      0.396,
      0.464,
      0.252,
      0.293,
      0.385,
      0.151,
      0.653,
      0.571,
      0.385,
      0.519,
      0.381,
      0.536
    ],
    [
      0.609,
      0.22,
      0.61,
      0.668,
      0.202,
      0.3,
      0.415,
      0.245,
      0.658,
      0.717,
      0.546,
      0.612,
      0.719,
      0.627,
      0.576,
      0.617,
      0.654,
      0.567,
      0.373,
      0.42,
      0.272,
      0.401,
      0.623,
      0.647,
      0.364,
      0.414,
      0.557,
      0.34,
      0.802,
      1.0,
      0.428,
      0.371,
      0.322,
      0.219,
      0.197,
      0.318,
      0.157,
      0.61,
      0.581,
      0.341,
      0.495,
      0.315,
      0.521
    ],
    [
      0.262,
      0.364,
      0.309,
      0.285,
      0.197,
      0.301,
      0.38,
      0.293,
      0.14,
      0.246,
      0.286,
      0.31,
      0.355,
      0.252,
      0.181,
      0.164,
      0.186,
      0.323,
      0.383,
      0.297,
      0.321,
      0.263,
      0.357,
      0.216,
      0.319,
      0.166,
      0.236,
      0.14,
      0.395,
      0.428,
      1.0,
      0.535,
      0.245,
      0.222,
      0.124,
      0.356,
      0.317,
      0.203,
      0.165,
      0.184,
      0.164,
      0.279,
      0.324
    ],
    [
      0.354,
      0.357,
      0.406,
      0.272,
      0.306,
      0.38,
      0.461,
      0.392,
      0.307,
      0.365,
      0.334,
      0.36,
      0.406,
      0.35,
      0.271,
      0.221,
      0.316,
      0.294,
      0.479,
      0.414,
      0.339,
      0.354,
      0.442,
      0.297,
      0.274,
      0.383,
      0.319,
      0.334,
      0.396,
      0.371,
      0.535,
      1.0,
      0.238,
      0.191,
      0.177,
      0.192,
      0.17,
      0.316,
      0.322,
      0.269,
      0.317,
      0.315,
      0.324
    ],
    [
      0.303,
      0.372,
      0.182,
      0.242,
      0.063,
      0.245,
      0.383,
      0.422,
      0.277,
      0.319,
      0.353,
      0.355,
      0.481,
      0.348,
      0.354,
      0.317,
      0.326,
      0.438,
      0.205,
      0.342,
      0.448,
      0.413,
      0.453,
      0.316,
      0.426,
      0.375,
      0.357,
      0.205,
      0.464,
      0.322,
      0.245,
      0.238,
      1.0,
      0.401,
      0.494,
      0.395,
      0.076,
      0.337,
      0.219,
      0.388,
      0.516,
      0.392,
      0.267
    ],
    [
      0.466,
      0.292,
      0.383,
      0.28,
      0.201,
      0.262,
      0.348,
      0.352,
      0.326,
      0.384,
      0.377,
      0.382,
      0.458,
      0.309,
      0.344,
      0.295,
      0.31,
      0.492,
      0.117,
      0.341,
      0.484,
      0.508,
      0.417,
      0.354,
      0.194,
      0.295,
      0.279,
      0.15,
      0.252,
      0.219,
      0.222,
      0.191,
      0.401,
      1.0,
      0.389,
      0.366,
      0.194,
      0.341,
      0.421,
      0.35,
      0.458,
      0.334,
      0.278
    ],
    [
      0.339,
      0.448,
      0.206,
      0.273,
      0.135,
      0.253,
      0.358,
      0.388,
      0.261,
      0.274,
      0.286,
      0.188,
      0.367,
      0.245,
      0.23,
      0.232,
      0.232,
      0.448,
      0.114,
      0.395,
      0.389,
      0.402,
      0.426,
      0.223,
      0.298,
      0.249,
      0.26,
      0.106,
      0.293,
      0.197,
      0.124,
      0.177,
      0.494,
      0.389,
      1.0,
      0.437,
      0.147,
      0.304,
      0.248,
      0.312,
      0.516,
      0.411,
      0.14
    ],
    [
      0.332,
      0.31,
      0.297,
      0.271,
      0.057,
      0.249,
      0.365,
      0.293,
      0.267,
      0.352,
      0.326,
      0.36,
      0.457,
      0.301,
      0.363,
      0.338,
      0.377,
      0.456,
      0.132,
      0.407,
      0.245,
      0.309,
      0.382,
      0.335,
      0.415,
      0.211,
      0.399,
      0.192,
      0.385,
      0.318,
      0.356,
      0.192,
      0.395,
      0.366,
      0.437,
      1.0,
      0.296,
      0.272,
      0.231,
      0.441,
      0.398,
      0.424,
      0.243
    ],
    [
      0.192,
      0.203,
      0.273,
      0.235,
      0.195,
      0.277,
      0.251,
      0.17,
      0.205,
      0.155,
      0.289,
      0.178,
      0.198,
      0.238,
      0.163,
      0.133,
      0.223,
      0.248,
      0.174,
      0.284,
      0.112,
      0.154,
      0.184,
      0.223,
      0.231,
      0.103,
      0.277,
      0.283,
      0.151,
      0.157,
      0.317,
      0.17,
      0.076,
      0.194,
      0.147,
      0.296,
      1.0,
      0.134,
      0.177,
      0.145,
      0.206,
      0.235,
      0.39
    ],
    [
      0.725,
      0.283,
      0.712,
      0.654,
      0.24,
      0.301,
      0.46,
      0.277,
      0.789,
      0.813,
      0.601,
      0.794,
      0.725,
      0.765,
      0.602,
      0.651,
      0.724,
      0.582,
      0.341,
      0.492,
      0.346,
      0.538,
      0.61,
      0.804,
      0.492,
      0.584,
      0.639,
      0.504,
      0.653,
      0.61,
      0.203,
      0.316,
      0.337,
      0.341,
      0.304,
      0.272,
      0.134,
      1.0,
      0.75,
      0.399,
      0.684,
      0.346,
      0.472
    ],
    [
      0.811,
      0.361,
      0.732,
      0.622,
      0.289,
      0.316,
      0.47,
      0.336,
      0.796,
      0.79,
      0.597,
      0.7,
      0.706,
      0.74,
      0.554,
      0.62,
      0.682,
      0.623,
      0.331,
      0.488,
      0.28,
      0.528,
      0.56,
      0.73,
      0.393,
      0.571,
      0.658,
      0.418,
      0.571,
      0.581,
      0.165,
      0.322,
      0.219,
      0.421,
      0.248,
      0.231,
      0.177,
      0.75,
      1.0,
      0.392,
      0.627,
      0.415,
      0.512
    ],
    [
      0.459,
      0.197,
      0.408,
      0.386,
      0.159,
      0.366,
      0.392,
      0.364,
      0.352,
      0.402,
      0.46,
      0.423,
      0.532,
      0.414,
      0.478,
      0.486,
      0.48,
      0.51,
      0.316,
      0.441,
      0.356,
      0.435,
      0.559,
      0.428,
      0.437,
      0.353,
      0.433,
      0.209,
      0.385,
      0.341,
      0.184,
      0.269,
      0.388,
      0.35,
      0.312,
      0.441,
      0.145,
      0.399,
      0.392,
      1.0,
      0.568,
      0.452,
      0.238
    ],
    [
      0.669,
      0.414,
      0.575,
      0.583,
      0.154,
      0.39,
      0.519,
      0.377,
      0.649,
      0.595,
      0.541,
      0.575,
      0.636,
      0.695,
      0.547,
      0.548,
      0.611,
      0.617,
      0.33,
      0.485,
      0.497,
      0.598,
      0.713,
      0.664,
      0.531,
      0.621,
      0.569,
      0.478,
      0.519,
      0.495,
      0.164,
      0.317,
      0.516,
      0.458,
      0.516,
      0.398,
      0.206,
      0.684,
      0.627,
      0.568,
      1.0,
      0.346,
      0.461
    ],
    [
      0.416,
      0.204,
      0.337,
      0.275,
      0.18,
      0.282,
      0.42,
      0.404,
      0.339,
      0.383,
      0.348,
      0.407,
      0.518,
      0.426,
      0.334,
      0.384,
      0.386,
      0.452,
      0.191,
      0.367,
      0.264,
      0.341,
      0.401,
      0.3,
      0.424,
      0.437,
      0.439,
      0.225,
      0.381,
      0.315,
      0.279,
      0.315,
      0.392,
      0.334,
      0.411,
      0.424,
      0.235,
      0.346,
      0.415,
      0.452,
      0.346,
      1.0,
      0.268
    ],
    [
      0.435,
      0.281,
      0.504,
      0.423,
      0.111,
      0.173,
      0.358,
      0.242,
      0.568,
      0.54,
      0.493,
      0.468,
      0.454,
      0.544,
      0.253,
      0.258,
      0.421,
      0.4,
      0.297,
      0.338,
      0.209,
      0.363,
      0.455,
      0.518,
      0.331,
      0.468,
      0.546,
      0.46,
      0.536,
      0.521,
      0.324,
      0.324,
      0.267,
      0.278,
      0.14,
      0.243,
      0.39,
      0.472,
      0.512,
      0.238,
      0.461,
      0.268,
      1.0
    ]
  ]
}