{
  "feeds": [
    "Brazil | Folha de São Paulo",
    "Brazil | O Globo (via Google News)",
    "China | CGTN Politics",
    "China | CGTN World",
    "China | Global Times",
    "China | People's Daily CN",
    "China | Xinhua English",
    "India | Dainik Bhaskar",
    "India | NDTV World",
    "India | The Hindu Intl",
    "India | Times of India",
    "Iran (Opposition / Diaspora) | Iran International EN",
    "Iran (Opposition / Diaspora) | Iran International FA",
    "Iran (Opposition / Diaspora) | RFE/RL (was Radio Farda)",
    "Iran (State) | IRNA English",
    "Iran (State) | IRNA Farsi",
    "Iran (State) | Tehran Times",
    "Israel | Haaretz",
    "Israel | Jerusalem Post",
    "Israel | Times of Israel",
    "Israel | Ynet Hebrew",
    "Japan | Japan Times",
    "Japan | NHK Japanese",
    "Nigeria | The Punch",
    "Nigeria | Vanguard",
    "Qatar | Al Jazeera Arabic",
    "Qatar | Al Jazeera English",
    "Russia | Meduza",
    "Russia | Moscow Times",
    "Russia | RT",
    "Russia | TASS English",
    "Saudi Arabia | Al Arabiya English (via Google News)",
    "Saudi Arabia | Arab News (via Google News)",
    "South Korea | Korea Herald (via Google News)",
    "South Korea | Yonhap News",
    "Turkey | Daily Sabah",
    "Turkey | Hurriyet",
    "United Kingdom | BBC World",
    "United Kingdom | The Guardian World",
    "United Kingdom | The Telegraph",
    "United States | CNN World",
    "United States | Fox News World",
    "United States | NPR World",
    "Wire Services (Factual Baseline) | AFP / France 24 EN",
    "Wire Services (Factual Baseline) | AFP / France 24 FR",
    "Wire Services (Factual Baseline) | AP News",
    "Wire Services (Factual Baseline) | Reuters (via Google News)"
  ],
  "matrix": [
    [
      1.0,
      0.374,
      0.54,
      0.561,
      0.389,
      0.388,
      0.518,
      0.385,
      0.617,
      0.636,
      0.318,
      0.613,
      0.636,
      0.687,
      0.624,
      0.571,
      0.572,
      0.523,
      0.579,
      0.539,
      0.658,
      0.442,
      0.364,
      0.361,
      0.485,
      0.609,
      0.511,
      0.526,
      0.529,
      0.541,
      0.654,
      0.581,
      0.497,
      0.33,
      0.356,
      0.649,
      0.463,
      0.621,
      0.594,
      0.364,
      0.2,
      0.564,
      0.556,
      0.698,
      0.644,
      0.628,
      0.493
    ],
    [
      0.374,
      1.0,
      0.238,
      0.34,
      0.115,
      0.371,
      0.266,
      0.302,
      0.223,
      0.285,
      0.446,
      0.22,
      0.313,
      0.205,
      0.231,
      0.298,
      0.143,
      0.148,
      0.189,
      0.192,
      0.342,
      0.252,
      0.279,
      0.432,
      0.435,
      0.248,
      0.167,
      0.371,
      0.327,
      0.2,
      0.304,
      0.296,
      0.268,
      0.375,
      0.39,
      0.201,
      0.434,
      0.274,
      0.444,
      0.284,
      0.144,
      0.308,
      0.218,
      0.355,
      0.352,
      0.361,
      0.281
    ],
    [
      0.54,
      0.238,
      1.0,
      0.751,
      0.469,
      0.505,
      0.524,
      0.381,
      0.486,
      0.639,
      0.324,
      0.509,
      0.556,
      0.572,
      0.647,
      0.622,
      0.586,
      0.492,
      0.568,
      0.489,
      0.594,
      0.412,
      0.464,
      0.289,
      0.509,
      0.586,
      0.516,
      0.26,
      0.411,
      0.308,
      0.607,
      0.625,
      0.607,
      0.441,
      0.513,
      0.617,
      0.35,
      0.523,
      0.404,
      0.206,
      0.069,
      0.405,
      0.579,
      0.563,
      0.491,
      0.509,
      0.487
    ],
    [
      0.561,
      0.34,
      0.751,
      1.0,
      0.563,
      0.522,
      0.471,
      0.28,
      0.482,
      0.574,
      0.302,
      0.471,
      0.558,
      0.477,
      0.603,
      0.538,
      0.534,
      0.524,
      0.514,
      0.429,
      0.588,
      0.473,
      0.455,
      0.264,
      0.492,
      0.575,
      0.493,
      0.286,
      0.333,
      0.356,
      0.556,
      0.609,
      0.61,
      0.408,
      0.433,
      0.543,
      0.214,
      0.435,
      0.502,
      0.242,
      0.165,
      0.409,
      0.596,
      0.583,
      0.53,
      0.418,
      0.576
    ],
    [
      0.389,
      0.115,
      0.469,
      0.563,
      1.0,
      0.557,
      0.253,
      0.267,
      0.216,
      0.293,
      0.224,
      0.226,
      0.214,
      0.179,
      0.284,
      0.248,
      0.286,
      0.208,
      0.209,
      0.147,
      0.292,
      0.373,
      0.276,
      0.198,
      0.272,
      0.238,
      0.117,
      0.161,
      0.159,
      0.141,
      0.25,
      0.255,
      0.233,
      0.262,
      0.356,
      0.239,
      0.097,
      0.17,
      0.24,
      0.078,
      0.191,
      0.249,
      0.264,
      0.217,
      0.277,
      0.227,
      0.384
    ],
    [
      0.388,
      0.371,
      0.505,
      0.522,
      0.557,
      1.0,
      0.338,
      0.391,
      0.246,
      0.342,
      0.424,
      0.224,
      0.381,
      0.229,
      0.376,
      0.498,
      0.338,
      0.267,
      0.288,
      0.207,
      0.494,
      0.364,
      0.368,
      0.279,
      0.452,
      0.342,
      0.187,
      0.256,
      0.291,
      0.202,
      0.322,
      0.372,
      0.298,
      0.277,
      0.439,
      0.28,
      0.283,
      0.175,
      0.326,
      0.249,
      0.277,
      0.23,
      0.38,
      0.331,
      0.346,
      0.391,
      0.298
    ],
    [
      0.518,
      0.266,
      0.524,
      0.471,
      0.253,
      0.338,
      1.0,
      0.31,
      0.402,
      0.483,
      0.242,
      0.411,
      0.469,
      0.472,
      0.47,
      0.432,
      0.457,
      0.46,
      0.488,
      0.516,
      0.466,
      0.458,
      0.293,
      0.299,
      0.476,
      0.515,
      0.493,
      0.272,
      0.36,
      0.501,
      0.482,
      0.433,
      0.416,
      0.445,
      0.415,
      0.533,
      0.38,
      0.406,
      0.46,
      0.365,
      0.251,
      0.49,
      0.501,
      0.475,
      0.506,
      0.469,
      0.322
    ],
    [
      0.385,
      0.302,
      0.381,
      0.28,
      0.267,
      0.391,
      0.31,
      1.0,
      0.2,
      0.333,
      0.558,
      0.301,
      0.475,
      0.225,
      0.232,
      0.478,
      0.269,
      0.256,
      0.307,
      0.299,
      0.488,
      0.19,
      0.397,
      0.327,
      0.394,
      0.388,
      0.305,
      0.224,
      0.259,
      0.148,
      0.208,
      0.29,
      0.296,
      0.282,
      0.308,
      0.319,
      0.51,
      0.388,
      0.411,
      0.27,
      0.22,
      0.3,
      0.361,
      0.343,
      0.395,
      0.437,
      0.186
    ],
    [
      0.617,
      0.223,
      0.486,
      0.482,
      0.216,
      0.246,
      0.402,
      0.2,
      1.0,
      0.668,
      0.188,
      0.624,
      0.661,
      0.719,
      0.684,
      0.535,
      0.582,
      0.573,
      0.622,
      0.583,
      0.623,
      0.591,
      0.342,
      0.271,
      0.462,
      0.584,
      0.579,
      0.448,
      0.512,
      0.548,
      0.659,
      0.716,
      0.682,
      0.337,
      0.267,
      0.672,
      0.264,
      0.466,
      0.411,
      0.314,
      0.256,
      0.38,
      0.599,
      0.599,
      0.608,
      0.484,
      0.62
    ],
    [
      0.636,
      0.285,
      0.639,
      0.574,
      0.293,
      0.342,
      0.483,
      0.333,
      0.668,
      1.0,
      0.22,
      0.684,
      0.634,
      0.763,
      0.728,
      0.636,
      0.619,
      0.562,
      0.624,
      0.473,
      0.652,
      0.577,
      0.522,
      0.236,
      0.502,
      0.607,
      0.633,
      0.48,
      0.583,
      0.44,
      0.636,
      0.634,
      0.615,
      0.427,
      0.464,
      0.708,
      0.349,
      0.51,
      0.45,
      0.203,
      0.138,
      0.462,
      0.677,
      0.735,
      0.567,
      0.54,
      0.622
    ],
    [
      0.318,
      0.446,
      0.324,
      0.302,
      0.224,
      0.424,
      0.242,
      0.558,
      0.188,
      0.22,
      1.0,
      0.334,
      0.396,
      0.146,
      0.308,
      0.478,
      0.375,
      0.34,
      0.342,
      0.308,
      0.471,
      0.178,
      0.26,
      0.446,
      0.437,
      0.259,
      0.206,
      0.267,
      0.237,
      0.227,
      0.186,
      0.246,
      0.258,
      0.217,
      0.288,
      0.27,
      0.482,
      0.232,
      0.44,
      0.301,
      0.209,
      0.412,
      0.26,
      0.29,
      0.332,
      0.379,
      0.037
    ],
    [
      0.613,
      0.22,
      0.509,
      0.471,
      0.226,
      0.224,
      0.411,
      0.301,
      0.624,
      0.684,
      0.334,
      1.0,
      0.666,
      0.724,
      0.785,
      0.677,
      0.765,
      0.559,
      0.617,
      0.536,
      0.663,
      0.465,
      0.359,
      0.266,
      0.478,
      0.513,
      0.612,
      0.454,
      0.485,
      0.464,
      0.583,
      0.636,
      0.573,
      0.397,
      0.406,
      0.652,
      0.342,
      0.453,
      0.387,
      0.369,
      0.255,
      0.441,
      0.557,
      0.605,
      0.599,
      0.455,
      0.387
    ],
    [
      0.636,
      0.313,
      0.556,
      0.558,
      0.214,
      0.381,
      0.469,
      0.475,
      0.661,
      0.634,
      0.396,
      0.666,
      1.0,
      0.617,
      0.71,
      0.764,
      0.659,
      0.739,
      0.748,
      0.641,
      0.803,
      0.453,
      0.424,
      0.311,
      0.565,
      0.689,
      0.714,
      0.383,
      0.455,
      0.528,
      0.56,
      0.691,
      0.671,
      0.38,
      0.352,
      0.674,
      0.376,
      0.483,
      0.493,
      0.289,
      0.188,
      0.414,
      0.673,
      0.571,
      0.656,
      0.465,
      0.472
    ],
    [
      0.687,
      0.205,
      0.572,
      0.477,
      0.179,
      0.229,
      0.472,
      0.225,
      0.719,
      0.763,
      0.146,
      0.724,
      0.617,
      1.0,
      0.776,
      0.61,
      0.644,
      0.542,
      0.605,
      0.543,
      0.605,
      0.53,
      0.354,
      0.197,
      0.432,
      0.63,
      0.615,
      0.649,
      0.745,
      0.531,
      0.792,
      0.652,
      0.614,
      0.35,
      0.328,
      0.748,
      0.368,
      0.516,
      0.422,
      0.318,
      0.207,
      0.448,
      0.612,
      0.736,
      0.644,
      0.558,
      0.557
    ],
    [
      0.624,
      0.231,
      0.647,
      0.603,
      0.284,
      0.376,
      0.47,
      0.232,
      0.684,
      0.728,
      0.308,
      0.785,
      0.71,
      0.776,
      1.0,
      0.732,
      0.755,
      0.607,
      0.653,
      0.536,
      0.709,
      0.499,
      0.351,
      0.221,
      0.535,
      0.621,
      0.654,
      0.45,
      0.527,
      0.496,
      0.696,
      0.735,
      0.677,
      0.363,
      0.424,
      0.742,
      0.32,
      0.398,
      0.406,
      0.243,
      0.131,
      0.392,
      0.654,
      0.687,
      0.579,
      0.479,
      0.5
    ],
    [
      0.571,
      0.298,
      0.622,
      0.538,
      0.248,
      0.498,
      0.432,
      0.478,
      0.535,
      0.636,
      0.478,
      0.677,
      0.764,
      0.61,
      0.732,
      1.0,
      0.763,
      0.596,
      0.635,
      0.53,
      0.771,
      0.4,
      0.412,
      0.301,
      0.485,
      0.595,
      0.603,
      0.436,
      0.534,
      0.415,
      0.537,
      0.573,
      0.572,
      0.32,
      0.382,
      0.578,
      0.467,
      0.431,
      0.501,
      0.322,
      0.134,
      0.383,
      0.608,
      0.569,
      0.527,
      0.525,
      0.38
    ],
    [
      0.572,
      0.143,
      0.586,
      0.534,
      0.286,
      0.338,
      0.457,
      0.269,
      0.582,
      0.619,
      0.375,
      0.765,
      0.659,
      0.644,
      0.755,
      0.763,
      1.0,
      0.652,
      0.667,
      0.606,
      0.669,
      0.359,
      0.366,
      0.244,
      0.424,
      0.544,
      0.643,
      0.437,
      0.471,
      0.531,
      0.519,
      0.597,
      0.579,
      0.339,
      0.34,
      0.62,
      0.372,
      0.437,
      0.481,
      0.343,
      0.224,
      0.469,
      0.576,
      0.559,
      0.562,
      0.466,
      0.341
    ],
    [
      0.523,
      0.148,
      0.492,
      0.524,
      0.208,
      0.267,
      0.46,
      0.256,
      0.573,
      0.562,
      0.34,
      0.559,
      0.739,
      0.542,
      0.607,
      0.596,
      0.652,
      1.0,
      0.833,
      0.801,
      0.753,
      0.424,
      0.346,
      0.271,
      0.413,
      0.653,
      0.716,
      0.282,
      0.375,
      0.626,
      0.508,
      0.559,
      0.554,
      0.244,
      0.247,
      0.706,
      0.231,
      0.513,
      0.477,
      0.37,
      0.158,
      0.495,
      0.695,
      0.519,
      0.558,
      0.371,
      0.329
    ],
    [
      0.579,
      0.189,
      0.568,
      0.514,
      0.209,
      0.288,
      0.488,
      0.307,
      0.622,
      0.624,
      0.342,
      0.617,
      0.748,
      0.605,
      0.653,
      0.635,
      0.667,
      0.833,
      1.0,
      0.7,
      0.715,
      0.435,
      0.441,
      0.365,
      0.495,
      0.658,
      0.735,
      0.319,
      0.412,
      0.547,
      0.544,
      0.633,
      0.606,
      0.332,
      0.337,
      0.755,
      0.249,
      0.53,
      0.464,
      0.338,
      0.209,
      0.432,
      0.712,
      0.523,
      0.611,
      0.442,
      0.393
    ],
    [
      0.539,
      0.192,
      0.489,
      0.429,
      0.147,
      0.207,
      0.516,
      0.299,
      0.583,
      0.473,
      0.308,
      0.536,
      0.641,
      0.543,
      0.536,
      0.53,
      0.606,
      0.801,
      0.7,
      1.0,
      0.645,
      0.404,
      0.295,
      0.276,
      0.406,
      0.61,
      0.619,
      0.349,
      0.422,
      0.67,
      0.524,
      0.518,
      0.537,
      0.302,
      0.263,
      0.634,
      0.292,
      0.547,
      0.451,
      0.512,
      0.169,
      0.481,
      0.592,
      0.55,
      0.589,
      0.464,
      0.312
    ],
    [
      0.658,
      0.342,
      0.594,
      0.588,
      0.292,
      0.494,
      0.466,
      0.488,
      0.623,
      0.652,
      0.471,
      0.663,
      0.803,
      0.605,
      0.709,
      0.771,
      0.669,
      0.753,
      0.715,
      0.645,
      1.0,
      0.522,
      0.527,
      0.354,
      0.603,
      0.708,
      0.656,
      0.362,
      0.494,
      0.524,
      0.567,
      0.663,
      0.638,
      0.431,
      0.43,
      0.698,
      0.408,
      0.506,
      0.542,
      0.477,
      0.255,
      0.488,
      0.71,
      0.591,
      0.609,
      0.561,
      0.437
    ],
    [
      0.442,
      0.252,
      0.412,
      0.473,
      0.373,
      0.364,
      0.458,
      0.19,
      0.591,
      0.577,
      0.178,
      0.465,
      0.453,
      0.53,
      0.499,
      0.4,
      0.359,
      0.424,
      0.435,
      0.404,
      0.522,
      1.0,
      0.384,
      0.254,
      0.39,
      0.437,
      0.322,
      0.391,
      0.455,
      0.345,
      0.485,
      0.453,
      0.481,
      0.391,
      0.43,
      0.471,
      0.172,
      0.319,
      0.312,
      0.286,
      0.274,
      0.398,
      0.496,
      0.441,
      0.452,
      0.424,
      0.566
    ],
    [
      0.364,
      0.279,
      0.464,
      0.455,
      0.276,
      0.368,
      0.293,
      0.397,
      0.342,
      0.522,
      0.26,
      0.359,
      0.424,
      0.354,
      0.351,
      0.412,
      0.366,
      0.346,
      0.441,
      0.295,
      0.527,
      0.384,
      1.0,
      0.29,
      0.417,
      0.432,
      0.36,
      0.197,
      0.317,
      0.2,
      0.274,
      0.448,
      0.405,
      0.354,
      0.35,
      0.379,
      0.302,
      0.362,
      0.325,
      0.316,
      0.127,
      0.241,
      0.453,
      0.352,
      0.389,
      0.317,
      0.385
    ],
    [
      0.361,
      0.432,
      0.289,
      0.264,
      0.198,
      0.279,
      0.299,
      0.327,
      0.271,
      0.236,
      0.446,
      0.266,
      0.311,
      0.197,
      0.221,
      0.301,
      0.244,
      0.271,
      0.365,
      0.276,
      0.354,
      0.254,
      0.29,
      1.0,
      0.606,
      0.3,
      0.178,
      0.208,
      0.213,
      0.242,
      0.182,
      0.25,
      0.255,
      0.35,
      0.265,
      0.258,
      0.39,
      0.359,
      0.419,
      0.332,
      0.173,
      0.253,
      0.286,
      0.263,
      0.387,
      0.356,
      0.145
    ],
    [
      0.485,
      0.435,
      0.509,
      0.492,
      0.272,
      0.452,
      0.476,
      0.394,
      0.462,
      0.502,
      0.437,
      0.478,
      0.565,
      0.432,
      0.535,
      0.485,
      0.424,
      0.413,
      0.495,
      0.406,
      0.603,
      0.39,
      0.417,
      0.606,
      1.0,
      0.541,
      0.458,
      0.291,
      0.334,
      0.323,
      0.447,
      0.556,
      0.479,
      0.407,
      0.364,
      0.546,
      0.334,
      0.349,
      0.489,
      0.324,
      0.227,
      0.282,
      0.537,
      0.51,
      0.598,
      0.452,
      0.342
    ],
    [
      0.609,
      0.248,
      0.586,
      0.575,
      0.238,
      0.342,
      0.515,
      0.388,
      0.584,
      0.607,
      0.259,
      0.513,
      0.689,
      0.63,
      0.621,
      0.595,
      0.544,
      0.653,
      0.658,
      0.61,
      0.708,
      0.437,
      0.432,
      0.3,
      0.541,
      1.0,
      0.67,
      0.335,
      0.474,
      0.486,
      0.527,
      0.591,
      0.612,
      0.31,
      0.288,
      0.71,
      0.284,
      0.529,
      0.459,
      0.368,
      0.188,
      0.463,
      0.718,
      0.665,
      0.637,
      0.502,
      0.524
    ],
    [
      0.511,
      0.167,
      0.516,
      0.493,
      0.117,
      0.187,
      0.493,
      0.305,
      0.579,
      0.633,
      0.206,
      0.612,
      0.714,
      0.615,
      0.654,
      0.603,
      0.643,
      0.716,
      0.735,
      0.619,
      0.656,
      0.322,
      0.36,
      0.178,
      0.458,
      0.67,
      1.0,
      0.24,
      0.328,
      0.493,
      0.43,
      0.624,
      0.596,
      0.329,
      0.282,
      0.723,
      0.219,
      0.52,
      0.364,
      0.311,
      0.194,
      0.359,
      0.695,
      0.61,
      0.543,
      0.385,
      0.428
    ],
    [
      0.526,
      0.371,
      0.26,
      0.286,
      0.161,
      0.256,
      0.272,
      0.224,
      0.448,
      0.48,
      0.267,
      0.454,
      0.383,
      0.649,
      0.45,
      0.436,
      0.437,
      0.282,
      0.319,
      0.349,
      0.362,
      0.391,
      0.197,
      0.208,
      0.291,
      0.335,
      0.24,
      1.0,
      0.791,
      0.472,
      0.597,
      0.321,
      0.365,
      0.232,
      0.191,
      0.366,
      0.418,
      0.302,
      0.426,
      0.308,
      0.217,
      0.425,
      0.291,
      0.49,
      0.473,
      0.492,
      0.338
    ],
    [
      0.529,
      0.327,
      0.411,
      0.333,
      0.159,
      0.291,
      0.36,
      0.259,
      0.512,
      0.583,
      0.237,
      0.485,
      0.455,
      0.745,
      0.527,
      0.534,
      0.471,
      0.375,
      0.412,
      0.422,
      0.494,
      0.455,
      0.317,
      0.213,
      0.334,
      0.474,
      0.328,
      0.791,
      1.0,
      0.474,
      0.682,
      0.37,
      0.446,
      0.312,
      0.277,
      0.457,
      0.381,
      0.388,
      0.423,
      0.322,
      0.157,
      0.456,
      0.439,
      0.599,
      0.522,
      0.537,
      0.379
    ],
    [
      0.541,
      0.2,
      0.308,
      0.356,
      0.141,
      0.202,
      0.501,
      0.148,
      0.548,
      0.44,
      0.227,
      0.464,
      0.528,
      0.531,
      0.496,
      0.415,
      0.531,
      0.626,
      0.547,
      0.67,
      0.524,
      0.345,
      0.2,
      0.242,
      0.323,
      0.486,
      0.493,
      0.472,
      0.474,
      1.0,
      0.556,
      0.437,
      0.422,
      0.188,
      0.136,
      0.56,
      0.252,
      0.348,
      0.458,
      0.505,
      0.162,
      0.505,
      0.418,
      0.504,
      0.548,
      0.414,
      0.266
    ],
    [
      0.654,
      0.304,
      0.607,
      0.556,
      0.25,
      0.322,
      0.482,
      0.208,
      0.659,
      0.636,
      0.186,
      0.583,
      0.56,
      0.792,
      0.696,
      0.537,
      0.519,
      0.508,
      0.544,
      0.524,
      0.567,
      0.485,
      0.274,
      0.182,
      0.447,
      0.527,
      0.43,
      0.597,
      0.682,
      0.556,
      1.0,
      0.643,
      0.555,
      0.284,
      0.324,
      0.703,
      0.342,
      0.445,
      0.492,
      0.249,
      0.123,
      0.395,
      0.511,
      0.654,
      0.608,
      0.551,
      0.485
    ],
    [
      0.581,
      0.296,
      0.625,
      0.609,
      0.255,
      0.372,
      0.433,
      0.29,
      0.716,
      0.634,
      0.246,
      0.636,
      0.691,
      0.652,
      0.735,
      0.573,
      0.597,
      0.559,
      0.633,
      0.518,
      0.663,
      0.453,
      0.448,
      0.25,
      0.556,
      0.591,
      0.624,
      0.321,
      0.37,
      0.437,
      0.643,
      1.0,
      0.812,
      0.421,
      0.412,
      0.722,
      0.215,
      0.403,
      0.395,
      0.303,
      0.185,
      0.28,
      0.601,
      0.576,
      0.549,
      0.428,
      0.601
    ],
    [
      0.497,
      0.268,
      0.607,
      0.61,
      0.233,
      0.298,
      0.416,
      0.296,
      0.682,
      0.615,
      0.258,
      0.573,
      0.671,
      0.614,
      0.677,
      0.572,
      0.579,
      0.554,
      0.606,
      0.537,
      0.638,
      0.481,
      0.405,
      0.255,
      0.479,
      0.612,
      0.596,
      0.365,
      0.446,
      0.422,
      0.555,
      0.812,
      1.0,
      0.514,
      0.437,
      0.626,
      0.247,
      0.424,
      0.356,
      0.34,
      0.19,
      0.303,
      0.638,
      0.557,
      0.48,
      0.398,
      0.605
    ],
    [
      0.33,
      0.375,
      0.441,
      0.408,
      0.262,
      0.277,
      0.445,
      0.282,
      0.337,
      0.427,
      0.217,
      0.397,
      0.38,
      0.35,
      0.363,
      0.32,
      0.339,
      0.244,
      0.332,
      0.302,
      0.431,
      0.391,
      0.354,
      0.35,
      0.407,
      0.31,
      0.329,
      0.232,
      0.312,
      0.188,
      0.284,
      0.421,
      0.514,
      1.0,
      0.722,
      0.313,
      0.365,
      0.365,
      0.213,
      0.321,
      0.319,
      0.311,
      0.347,
      0.353,
      0.36,
      0.409,
      0.385
    ],
    [
      0.356,
      0.39,
      0.513,
      0.433,
      0.356,
      0.439,
      0.415,
      0.308,
      0.267,
      0.464,
      0.288,
      0.406,
      0.352,
      0.328,
      0.424,
      0.382,
      0.34,
      0.247,
      0.337,
      0.263,
      0.43,
      0.43,
      0.35,
      0.265,
      0.364,
      0.288,
      0.282,
      0.191,
      0.277,
      0.136,
      0.324,
      0.412,
      0.437,
      0.722,
      1.0,
      0.369,
      0.384,
      0.375,
      0.178,
      0.271,
      0.2,
      0.318,
      0.376,
      0.389,
      0.249,
      0.405,
      0.374
    ],
    [
      0.649,
      0.201,
      0.617,
      0.543,
      0.239,
      0.28,
      0.533,
      0.319,
      0.672,
      0.708,
      0.27,
      0.652,
      0.674,
      0.748,
      0.742,
      0.578,
      0.62,
      0.706,
      0.755,
      0.634,
      0.698,
      0.471,
      0.379,
      0.258,
      0.546,
      0.71,
      0.723,
      0.366,
      0.457,
      0.56,
      0.703,
      0.722,
      0.626,
      0.313,
      0.369,
      1.0,
      0.265,
      0.542,
      0.522,
      0.295,
      0.164,
      0.46,
      0.744,
      0.714,
      0.635,
      0.524,
      0.508
    ],
    [
      0.463,
      0.434,
      0.35,
      0.214,
      0.097,
      0.283,
      0.38,
      0.51,
      0.264,
      0.349,
      0.482,
      0.342,
      0.376,
      0.368,
      0.32,
      0.467,
      0.372,
      0.231,
      0.249,
      0.292,
      0.408,
      0.172,
      0.302,
      0.39,
      0.334,
      0.284,
      0.219,
      0.418,
      0.381,
      0.252,
      0.342,
      0.215,
      0.247,
      0.365,
      0.384,
      0.265,
      1.0,
      0.459,
      0.419,
      0.372,
      0.1,
      0.473,
      0.272,
      0.356,
      0.329,
      0.548,
      0.11
    ],
    [
      0.621,
      0.274,
      0.523,
      0.435,
      0.17,
      0.175,
      0.406,
      0.388,
      0.466,
      0.51,
      0.232,
      0.453,
      0.483,
      0.516,
      0.398,
      0.431,
      0.437,
      0.513,
      0.53,
      0.547,
      0.506,
      0.319,
      0.362,
      0.359,
      0.349,
      0.529,
      0.52,
      0.302,
      0.388,
      0.348,
      0.445,
      0.403,
      0.424,
      0.365,
      0.375,
      0.542,
      0.459,
      1.0,
      0.429,
      0.354,
      0.096,
      0.537,
      0.497,
      0.579,
      0.405,
      0.542,
      0.342
    ],
    [
      0.594,
      0.444,
      0.404,
      0.502,
      0.24,
      0.326,
      0.46,
      0.411,
      0.411,
      0.45,
      0.44,
      0.387,
      0.493,
      0.422,
      0.406,
      0.501,
      0.481,
      0.477,
      0.464,
      0.451,
      0.542,
      0.312,
      0.325,
      0.419,
      0.489,
      0.459,
      0.364,
      0.426,
      0.423,
      0.458,
      0.492,
      0.395,
      0.356,
      0.213,
      0.178,
      0.522,
      0.419,
      0.429,
      1.0,
      0.379,
      0.169,
      0.483,
      0.481,
      0.536,
      0.542,
      0.519,
      0.296
    ],
    [
      0.364,
      0.284,
      0.206,
      0.242,
      0.078,
      0.249,
      0.365,
      0.27,
      0.314,
      0.203,
      0.301,
      0.369,
      0.289,
      0.318,
      0.243,
      0.322,
      0.343,
      0.37,
      0.338,
      0.512,
      0.477,
      0.286,
      0.316,
      0.332,
      0.324,
      0.368,
      0.311,
      0.308,
      0.322,
      0.505,
      0.249,
      0.303,
      0.34,
      0.321,
      0.271,
      0.295,
      0.372,
      0.354,
      0.379,
      1.0,
      0.296,
      0.458,
      0.291,
      0.289,
      0.397,
      0.416,
      0.168
    ],
    [
      0.2,
      0.144,
      0.069,
      0.165,
      0.191,
      0.277,
      0.251,
      0.22,
      0.256,
      0.138,
      0.209,
      0.255,
      0.188,
      0.207,
      0.131,
      0.134,
      0.224,
      0.158,
      0.209,
      0.169,
      0.255,
      0.274,
      0.127,
      0.173,
      0.227,
      0.188,
      0.194,
      0.217,
      0.157,
      0.162,
      0.123,
      0.185,
      0.19,
      0.319,
      0.2,
      0.164,
      0.1,
      0.096,
      0.169,
      0.296,
      1.0,
      0.201,
      0.23,
      0.151,
      0.322,
      0.253,
      0.13
    ],
    [
      0.564,
      0.308,
      0.405,
      0.409,
      0.249,
      0.23,
      0.49,
      0.3,
      0.38,
      0.462,
      0.412,
      0.441,
      0.414,
      0.448,
      0.392,
      0.383,
      0.469,
      0.495,
      0.432,
      0.481,
      0.488,
      0.398,
      0.241,
      0.253,
      0.282,
      0.463,
      0.359,
      0.425,
      0.456,
      0.505,
      0.395,
      0.28,
      0.303,
      0.311,
      0.318,
      0.46,
      0.473,
      0.537,
      0.483,
      0.458,
      0.201,
      1.0,
      0.402,
      0.519,
      0.413,
      0.589,
      0.277
    ],
    [
      0.556,
      0.218,
      0.579,
      0.596,
      0.264,
      0.38,
      0.501,
      0.361,
      0.599,
      0.677,
      0.26,
      0.557,
      0.673,
      0.612,
      0.654,
      0.608,
      0.576,
      0.695,
      0.712,
      0.592,
      0.71,
      0.496,
      0.453,
      0.286,
      0.537,
      0.718,
      0.695,
      0.291,
      0.439,
      0.418,
      0.511,
      0.601,
      0.638,
      0.347,
      0.376,
      0.744,
      0.272,
      0.497,
      0.481,
      0.291,
      0.23,
      0.402,
      1.0,
      0.643,
      0.552,
      0.446,
      0.472
    ],
    [
      0.698,
      0.355,
      0.563,
      0.583,
      0.217,
      0.331,
      0.475,
      0.343,
      0.599,
      0.735,
      0.29,
      0.605,
      0.571,
      0.736,
      0.687,
      0.569,
      0.559,
      0.519,
      0.523,
      0.55,
      0.591,
      0.441,
      0.352,
      0.263,
      0.51,
      0.665,
      0.61,
      0.49,
      0.599,
      0.504,
      0.654,
      0.576,
      0.557,
      0.353,
      0.389,
      0.714,
      0.356,
      0.579,
      0.536,
      0.289,
      0.151,
      0.519,
      0.643,
      1.0,
      0.624,
      0.632,
      0.519
    ],
    [
      0.644,
      0.352,
      0.491,
      0.53,
      0.277,
      0.346,
      0.506,
      0.395,
      0.608,
      0.567,
      0.332,
      0.599,
      0.656,
      0.644,
      0.579,
      0.527,
      0.562,
      0.558,
      0.611,
      0.589,
      0.609,
      0.452,
      0.389,
      0.387,
      0.598,
      0.637,
      0.543,
      0.473,
      0.522,
      0.548,
      0.608,
      0.549,
      0.48,
      0.36,
      0.249,
      0.635,
      0.329,
      0.405,
      0.542,
      0.397,
      0.322,
      0.413,
      0.552,
      0.624,
      1.0,
      0.513,
      0.393
    ],
    [
      0.628,
      0.361,
      0.509,
      0.418,
      0.227,
      0.391,
      0.469,
      0.437,
      0.484,
      0.54,
      0.379,
      0.455,
      0.465,
      0.558,
      0.479,
      0.525,
      0.466,
      0.371,
      0.442,
      0.464,
      0.561,
      0.424,
      0.317,
      0.356,
      0.452,
      0.502,
      0.385,
      0.492,
      0.537,
      0.414,
      0.551,
      0.428,
      0.398,
      0.409,
      0.405,
      0.524,
      0.548,
      0.542,
      0.519,
      0.416,
      0.253,
      0.589,
      0.446,
      0.632,
      0.513,
      1.0,
      0.356
    ],
    [
      0.493,
      0.281,
      0.487,
      0.576,
      0.384,
      0.298,
      0.322,
      0.186,
      0.62,
      0.622,
      0.037,
      0.387,
      0.472,
      0.557,
      0.5,
      0.38,
      0.341,
      0.329,
      0.393,
      0.312,
      0.437,
      0.566,
      0.385,
      0.145,
      0.342,
      0.524,
      0.428,
      0.338,
      0.379,
      0.266,
      0.485,
      0.601,
      0.605,
      0.385,
      0.374,
      0.508,
      0.11,
      0.342,
      0.296,
      0.168,
      0.13,
      0.277,
      0.472,
      0.519,
      0.393,
      0.356,
      1.0
    ]
  ]
}