{
  "feeds": [
    "Brazil | Folha de São Paulo",
    "Brazil | O Globo (via Google News)",
    "China | CGTN Politics",
    "China | CGTN World",
    "China | Global Times",
    "China | People's Daily CN",
    "China | Xinhua English",
    "India | Dainik Bhaskar",
    "India | NDTV World",
    "India | The Hindu Intl",
    "India | Times of India",
    "Iran (Opposition / Diaspora) | Iran International EN",
    "Iran (Opposition / Diaspora) | Iran International FA",
    "Iran (Opposition / Diaspora) | RFE/RL (was Radio Farda)",
    "Iran (State) | Tehran Times",
    "Israel | Haaretz",
    "Israel | Jerusalem Post",
    "Israel | Times of Israel",
    "Israel | Ynet Hebrew",
    "Japan | Japan Times",
    "Japan | NHK Japanese",
    "Nigeria | Vanguard",
    "Qatar | Al Jazeera Arabic",
    "Qatar | Al Jazeera English",
    "Russia | Meduza",
    "Russia | Moscow Times",
    "Russia | RT",
    "Russia | TASS English",
    "Saudi Arabia | Al Arabiya English (via Google News)",
    "Saudi Arabia | Arab News (via Google News)",
    "South Korea | Korea Herald (via Google News)",
    "South Korea | Yonhap News",
    "Turkey | Daily Sabah",
    "Turkey | Hurriyet",
    "United Kingdom | BBC World",
    "United Kingdom | The Guardian World",
    "United Kingdom | The Telegraph",
    "United States | CNN World",
    "United States | Fox News World",
    "United States | NPR World",
    "Wire Services (Factual Baseline) | AFP / France 24 EN",
    "Wire Services (Factual Baseline) | AFP / France 24 FR",
    "Wire Services (Factual Baseline) | AP News",
    "Wire Services (Factual Baseline) | Reuters (via Google News)"
  ],
  "matrix": [
    [
      1.0,
      0.469,
      0.58,
      0.658,
      0.293,
      0.44,
      0.465,
      0.438,
      0.69,
      0.733,
      0.34,
      0.656,
      0.624,
      0.618,
      0.633,
      0.683,
      0.717,
      0.722,
      0.763,
      0.386,
      0.416,
      0.418,
      0.722,
      0.694,
      0.43,
      0.523,
      0.709,
      0.416,
      0.596,
      0.611,
      0.264,
      0.364,
      0.662,
      0.412,
      0.559,
      0.639,
      0.399,
      0.248,
      0.574,
      0.711,
      0.598,
      0.685,
      0.515,
      0.576
    ],
    [
      0.469,
      1.0,
      0.292,
      0.259,
      0.121,
      0.343,
      0.33,
      0.38,
      0.364,
      0.302,
      0.337,
      0.254,
      0.265,
      0.197,
      0.299,
      0.273,
      0.359,
      0.374,
      0.469,
      0.226,
      0.297,
      0.351,
      0.379,
      0.259,
      0.264,
      0.32,
      0.255,
      0.273,
      0.335,
      0.307,
      0.421,
      0.316,
      0.246,
      0.447,
      0.301,
      0.445,
      0.274,
      0.186,
      0.342,
      0.336,
      0.188,
      0.308,
      0.269,
      0.369
    ],
    [
      0.58,
      0.292,
      1.0,
      0.688,
      0.254,
      0.353,
      0.52,
      0.273,
      0.664,
      0.594,
      0.32,
      0.718,
      0.688,
      0.662,
      0.645,
      0.566,
      0.725,
      0.624,
      0.629,
      0.461,
      0.439,
      0.311,
      0.656,
      0.73,
      0.426,
      0.435,
      0.594,
      0.505,
      0.705,
      0.703,
      0.384,
      0.433,
      0.714,
      0.285,
      0.377,
      0.448,
      0.266,
      0.322,
      0.545,
      0.575,
      0.468,
      0.447,
      0.493,
      0.558
    ],
    [
      0.658,
      0.259,
      0.688,
      1.0,
      0.286,
      0.261,
      0.448,
      0.35,
      0.664,
      0.658,
      0.255,
      0.762,
      0.702,
      0.723,
      0.669,
      0.636,
      0.757,
      0.691,
      0.634,
      0.43,
      0.262,
      0.224,
      0.646,
      0.774,
      0.427,
      0.434,
      0.631,
      0.35,
      0.732,
      0.638,
      0.211,
      0.309,
      0.778,
      0.362,
      0.505,
      0.439,
      0.309,
      0.137,
      0.669,
      0.715,
      0.562,
      0.518,
      0.519,
      0.517
    ],
    [
      0.293,
      0.121,
      0.254,
      0.286,
      1.0,
      0.538,
      0.232,
      0.22,
      0.22,
      0.338,
      0.346,
      0.253,
      0.238,
      0.119,
      0.252,
      0.156,
      0.183,
      0.236,
      0.231,
      0.461,
      0.332,
      0.229,
      0.435,
      0.239,
      0.116,
      0.296,
      0.283,
      0.242,
      0.139,
      0.17,
      0.232,
      0.32,
      0.193,
      0.151,
      0.224,
      0.205,
      0.077,
      0.186,
      0.238,
      0.151,
      0.223,
      0.395,
      0.219,
      0.322
    ],
    [
      0.44,
      0.343,
      0.353,
      0.261,
      0.538,
      1.0,
      0.338,
      0.42,
      0.342,
      0.398,
      0.452,
      0.279,
      0.356,
      0.16,
      0.338,
      0.276,
      0.272,
      0.324,
      0.514,
      0.367,
      0.436,
      0.39,
      0.568,
      0.268,
      0.204,
      0.279,
      0.297,
      0.363,
      0.214,
      0.262,
      0.332,
      0.392,
      0.258,
      0.268,
      0.148,
      0.32,
      0.249,
      0.277,
      0.303,
      0.231,
      0.244,
      0.442,
      0.293,
      0.332
    ],
    [
      0.465,
      0.33,
      0.52,
      0.448,
      0.232,
      0.338,
      1.0,
      0.31,
      0.526,
      0.55,
      0.272,
      0.41,
      0.473,
      0.434,
      0.457,
      0.466,
      0.518,
      0.574,
      0.498,
      0.351,
      0.315,
      0.428,
      0.573,
      0.581,
      0.273,
      0.32,
      0.489,
      0.383,
      0.455,
      0.472,
      0.444,
      0.453,
      0.479,
      0.372,
      0.436,
      0.471,
      0.365,
      0.251,
      0.463,
      0.537,
      0.523,
      0.603,
      0.486,
      0.485
    ],
    [
      0.438,
      0.38,
      0.273,
      0.35,
      0.22,
      0.42,
      0.31,
      1.0,
      0.415,
      0.385,
      0.685,
      0.33,
      0.421,
      0.144,
      0.284,
      0.306,
      0.347,
      0.385,
      0.515,
      0.399,
      0.411,
      0.341,
      0.424,
      0.32,
      0.206,
      0.274,
      0.312,
      0.195,
      0.284,
      0.32,
      0.229,
      0.327,
      0.259,
      0.567,
      0.427,
      0.369,
      0.285,
      0.199,
      0.387,
      0.29,
      0.275,
      0.368,
      0.412,
      0.289
    ],
    [
      0.69,
      0.364,
      0.664,
      0.664,
      0.22,
      0.342,
      0.526,
      0.415,
      1.0,
      0.79,
      0.382,
      0.773,
      0.72,
      0.701,
      0.725,
      0.648,
      0.765,
      0.683,
      0.715,
      0.39,
      0.361,
      0.319,
      0.725,
      0.782,
      0.349,
      0.42,
      0.747,
      0.429,
      0.795,
      0.715,
      0.334,
      0.432,
      0.702,
      0.387,
      0.491,
      0.478,
      0.349,
      0.166,
      0.588,
      0.765,
      0.629,
      0.634,
      0.547,
      0.561
    ],
    [
      0.733,
      0.302,
      0.594,
      0.658,
      0.338,
      0.398,
      0.55,
      0.385,
      0.79,
      1.0,
      0.346,
      0.759,
      0.676,
      0.689,
      0.666,
      0.622,
      0.722,
      0.686,
      0.677,
      0.448,
      0.389,
      0.387,
      0.698,
      0.782,
      0.339,
      0.446,
      0.723,
      0.453,
      0.671,
      0.648,
      0.296,
      0.461,
      0.688,
      0.367,
      0.558,
      0.486,
      0.4,
      0.145,
      0.624,
      0.72,
      0.66,
      0.688,
      0.606,
      0.643
    ],
    [
      0.34,
      0.337,
      0.32,
      0.255,
      0.346,
      0.452,
      0.272,
      0.685,
      0.382,
      0.346,
      1.0,
      0.275,
      0.334,
      0.121,
      0.271,
      0.317,
      0.297,
      0.284,
      0.419,
      0.329,
      0.276,
      0.419,
      0.393,
      0.286,
      0.07,
      0.175,
      0.295,
      0.251,
      0.212,
      0.269,
      0.179,
      0.351,
      0.232,
      0.378,
      0.299,
      0.227,
      0.172,
      0.133,
      0.293,
      0.191,
      0.165,
      0.314,
      0.311,
      0.375
    ],
    [
      0.656,
      0.254,
      0.718,
      0.762,
      0.253,
      0.279,
      0.41,
      0.33,
      0.773,
      0.759,
      0.275,
      1.0,
      0.719,
      0.806,
      0.763,
      0.547,
      0.784,
      0.624,
      0.635,
      0.427,
      0.377,
      0.255,
      0.683,
      0.757,
      0.48,
      0.53,
      0.7,
      0.44,
      0.765,
      0.647,
      0.21,
      0.349,
      0.708,
      0.401,
      0.441,
      0.478,
      0.289,
      0.196,
      0.641,
      0.731,
      0.565,
      0.486,
      0.544,
      0.499
    ],
    [
      0.624,
      0.265,
      0.688,
      0.702,
      0.238,
      0.356,
      0.473,
      0.421,
      0.72,
      0.676,
      0.334,
      0.719,
      1.0,
      0.697,
      0.718,
      0.635,
      0.794,
      0.643,
      0.681,
      0.488,
      0.462,
      0.343,
      0.699,
      0.732,
      0.441,
      0.508,
      0.677,
      0.492,
      0.753,
      0.748,
      0.344,
      0.424,
      0.68,
      0.41,
      0.357,
      0.444,
      0.336,
      0.2,
      0.6,
      0.612,
      0.581,
      0.479,
      0.464,
      0.52
    ],
    [
      0.618,
      0.197,
      0.662,
      0.723,
      0.119,
      0.16,
      0.434,
      0.144,
      0.701,
      0.689,
      0.121,
      0.806,
      0.697,
      1.0,
      0.626,
      0.503,
      0.744,
      0.629,
      0.572,
      0.344,
      0.301,
      0.228,
      0.637,
      0.748,
      0.556,
      0.582,
      0.758,
      0.532,
      0.75,
      0.593,
      0.138,
      0.274,
      0.717,
      0.288,
      0.368,
      0.499,
      0.277,
      0.155,
      0.523,
      0.784,
      0.645,
      0.525,
      0.463,
      0.555
    ],
    [
      0.633,
      0.299,
      0.645,
      0.669,
      0.252,
      0.338,
      0.457,
      0.284,
      0.725,
      0.666,
      0.271,
      0.763,
      0.718,
      0.626,
      1.0,
      0.683,
      0.792,
      0.65,
      0.631,
      0.393,
      0.299,
      0.298,
      0.686,
      0.711,
      0.411,
      0.463,
      0.659,
      0.386,
      0.734,
      0.588,
      0.287,
      0.347,
      0.623,
      0.424,
      0.428,
      0.411,
      0.343,
      0.224,
      0.613,
      0.655,
      0.495,
      0.485,
      0.428,
      0.515
    ],
    [
      0.683,
      0.273,
      0.566,
      0.636,
      0.156,
      0.276,
      0.466,
      0.306,
      0.648,
      0.622,
      0.317,
      0.547,
      0.635,
      0.503,
      0.683,
      1.0,
      0.746,
      0.774,
      0.708,
      0.354,
      0.298,
      0.353,
      0.645,
      0.736,
      0.234,
      0.324,
      0.592,
      0.328,
      0.587,
      0.61,
      0.236,
      0.322,
      0.678,
      0.257,
      0.46,
      0.36,
      0.395,
      0.204,
      0.562,
      0.618,
      0.556,
      0.563,
      0.353,
      0.492
    ],
    [
      0.717,
      0.359,
      0.725,
      0.757,
      0.183,
      0.272,
      0.518,
      0.347,
      0.765,
      0.722,
      0.297,
      0.784,
      0.794,
      0.744,
      0.792,
      0.746,
      1.0,
      0.787,
      0.718,
      0.438,
      0.401,
      0.342,
      0.707,
      0.805,
      0.482,
      0.53,
      0.712,
      0.5,
      0.798,
      0.73,
      0.337,
      0.415,
      0.756,
      0.492,
      0.533,
      0.507,
      0.391,
      0.198,
      0.718,
      0.758,
      0.585,
      0.52,
      0.514,
      0.576
    ],
    [
      0.722,
      0.374,
      0.624,
      0.691,
      0.236,
      0.324,
      0.574,
      0.385,
      0.683,
      0.686,
      0.284,
      0.624,
      0.643,
      0.629,
      0.65,
      0.774,
      0.787,
      1.0,
      0.716,
      0.441,
      0.359,
      0.35,
      0.678,
      0.792,
      0.465,
      0.471,
      0.663,
      0.488,
      0.648,
      0.608,
      0.329,
      0.402,
      0.737,
      0.421,
      0.64,
      0.479,
      0.452,
      0.231,
      0.65,
      0.736,
      0.661,
      0.631,
      0.521,
      0.58
    ],
    [
      0.763,
      0.469,
      0.629,
      0.634,
      0.231,
      0.514,
      0.498,
      0.515,
      0.715,
      0.677,
      0.419,
      0.635,
      0.681,
      0.572,
      0.631,
      0.708,
      0.718,
      0.716,
      1.0,
      0.407,
      0.452,
      0.355,
      0.767,
      0.687,
      0.365,
      0.447,
      0.654,
      0.424,
      0.631,
      0.635,
      0.358,
      0.408,
      0.662,
      0.458,
      0.496,
      0.586,
      0.501,
      0.257,
      0.624,
      0.667,
      0.575,
      0.652,
      0.51,
      0.571
    ],
    [
      0.386,
      0.226,
      0.461,
      0.43,
      0.461,
      0.367,
      0.351,
      0.399,
      0.39,
      0.448,
      0.329,
      0.427,
      0.488,
      0.344,
      0.393,
      0.354,
      0.438,
      0.441,
      0.407,
      1.0,
      0.556,
      0.17,
      0.503,
      0.432,
      0.306,
      0.423,
      0.431,
      0.338,
      0.389,
      0.371,
      0.317,
      0.379,
      0.352,
      0.399,
      0.388,
      0.356,
      0.288,
      0.236,
      0.39,
      0.381,
      0.393,
      0.446,
      0.418,
      0.448
    ],
    [
      0.416,
      0.297,
      0.439,
      0.262,
      0.332,
      0.436,
      0.315,
      0.411,
      0.361,
      0.389,
      0.276,
      0.377,
      0.462,
      0.301,
      0.299,
      0.298,
      0.401,
      0.359,
      0.452,
      0.556,
      1.0,
      0.368,
      0.492,
      0.363,
      0.289,
      0.428,
      0.364,
      0.309,
      0.264,
      0.332,
      0.347,
      0.432,
      0.25,
      0.285,
      0.208,
      0.325,
      0.198,
      0.373,
      0.296,
      0.291,
      0.361,
      0.394,
      0.381,
      0.351
    ],
    [
      0.418,
      0.351,
      0.311,
      0.224,
      0.229,
      0.39,
      0.428,
      0.341,
      0.319,
      0.387,
      0.419,
      0.255,
      0.343,
      0.228,
      0.298,
      0.353,
      0.342,
      0.35,
      0.355,
      0.17,
      0.368,
      1.0,
      0.398,
      0.324,
      0.17,
      0.267,
      0.323,
      0.347,
      0.312,
      0.343,
      0.278,
      0.386,
      0.252,
      0.3,
      0.287,
      0.465,
      0.271,
      0.259,
      0.341,
      0.278,
      0.269,
      0.382,
      0.253,
      0.386
    ],
    [
      0.722,
      0.379,
      0.656,
      0.646,
      0.435,
      0.568,
      0.573,
      0.424,
      0.725,
      0.698,
      0.393,
      0.683,
      0.699,
      0.637,
      0.686,
      0.645,
      0.707,
      0.678,
      0.767,
      0.503,
      0.492,
      0.398,
      1.0,
      0.703,
      0.454,
      0.563,
      0.695,
      0.475,
      0.64,
      0.638,
      0.302,
      0.41,
      0.623,
      0.415,
      0.457,
      0.563,
      0.398,
      0.289,
      0.583,
      0.664,
      0.624,
      0.711,
      0.46,
      0.59
    ],
    [
      0.694,
      0.259,
      0.73,
      0.774,
      0.239,
      0.268,
      0.581,
      0.32,
      0.782,
      0.782,
      0.286,
      0.757,
      0.732,
      0.748,
      0.711,
      0.736,
      0.805,
      0.792,
      0.687,
      0.432,
      0.363,
      0.324,
      0.703,
      1.0,
      0.393,
      0.436,
      0.754,
      0.444,
      0.752,
      0.72,
      0.293,
      0.386,
      0.777,
      0.315,
      0.521,
      0.419,
      0.376,
      0.261,
      0.65,
      0.754,
      0.689,
      0.631,
      0.55,
      0.653
    ],
    [
      0.43,
      0.264,
      0.426,
      0.427,
      0.116,
      0.204,
      0.273,
      0.206,
      0.349,
      0.339,
      0.07,
      0.48,
      0.441,
      0.556,
      0.411,
      0.234,
      0.482,
      0.465,
      0.365,
      0.306,
      0.289,
      0.17,
      0.454,
      0.393,
      1.0,
      0.8,
      0.434,
      0.679,
      0.509,
      0.359,
      0.201,
      0.205,
      0.453,
      0.391,
      0.257,
      0.409,
      0.295,
      0.162,
      0.464,
      0.39,
      0.371,
      0.214,
      0.311,
      0.329
    ],
    [
      0.523,
      0.32,
      0.435,
      0.434,
      0.296,
      0.279,
      0.32,
      0.274,
      0.42,
      0.446,
      0.175,
      0.53,
      0.508,
      0.582,
      0.463,
      0.324,
      0.53,
      0.471,
      0.447,
      0.423,
      0.428,
      0.267,
      0.563,
      0.436,
      0.8,
      1.0,
      0.515,
      0.648,
      0.494,
      0.4,
      0.203,
      0.25,
      0.405,
      0.448,
      0.287,
      0.483,
      0.323,
      0.221,
      0.49,
      0.442,
      0.454,
      0.383,
      0.355,
      0.427
    ],
    [
      0.709,
      0.255,
      0.594,
      0.631,
      0.283,
      0.297,
      0.489,
      0.312,
      0.747,
      0.723,
      0.295,
      0.7,
      0.677,
      0.758,
      0.659,
      0.592,
      0.712,
      0.663,
      0.654,
      0.431,
      0.364,
      0.323,
      0.695,
      0.754,
      0.434,
      0.515,
      1.0,
      0.41,
      0.686,
      0.659,
      0.283,
      0.359,
      0.628,
      0.357,
      0.455,
      0.54,
      0.385,
      0.155,
      0.569,
      0.738,
      0.658,
      0.66,
      0.482,
      0.629
    ],
    [
      0.416,
      0.273,
      0.505,
      0.35,
      0.242,
      0.363,
      0.383,
      0.195,
      0.429,
      0.453,
      0.251,
      0.44,
      0.492,
      0.532,
      0.386,
      0.328,
      0.5,
      0.488,
      0.424,
      0.338,
      0.309,
      0.347,
      0.475,
      0.444,
      0.679,
      0.648,
      0.41,
      1.0,
      0.549,
      0.424,
      0.328,
      0.428,
      0.507,
      0.317,
      0.206,
      0.39,
      0.323,
      0.176,
      0.432,
      0.337,
      0.358,
      0.339,
      0.322,
      0.449
    ],
    [
      0.596,
      0.335,
      0.705,
      0.732,
      0.139,
      0.214,
      0.455,
      0.284,
      0.795,
      0.671,
      0.212,
      0.765,
      0.753,
      0.75,
      0.734,
      0.587,
      0.798,
      0.648,
      0.631,
      0.389,
      0.264,
      0.312,
      0.64,
      0.752,
      0.509,
      0.494,
      0.686,
      0.549,
      1.0,
      0.77,
      0.295,
      0.396,
      0.762,
      0.361,
      0.426,
      0.473,
      0.331,
      0.123,
      0.619,
      0.708,
      0.57,
      0.482,
      0.477,
      0.567
    ],
    [
      0.611,
      0.307,
      0.703,
      0.638,
      0.17,
      0.262,
      0.472,
      0.32,
      0.715,
      0.648,
      0.269,
      0.647,
      0.748,
      0.593,
      0.588,
      0.61,
      0.73,
      0.608,
      0.635,
      0.371,
      0.332,
      0.343,
      0.638,
      0.72,
      0.359,
      0.4,
      0.659,
      0.424,
      0.77,
      1.0,
      0.428,
      0.477,
      0.677,
      0.341,
      0.357,
      0.458,
      0.359,
      0.236,
      0.631,
      0.627,
      0.565,
      0.462,
      0.451,
      0.579
    ],
    [
      0.264,
      0.421,
      0.384,
      0.211,
      0.232,
      0.332,
      0.444,
      0.229,
      0.334,
      0.296,
      0.179,
      0.21,
      0.344,
      0.138,
      0.287,
      0.236,
      0.337,
      0.329,
      0.358,
      0.317,
      0.347,
      0.278,
      0.302,
      0.293,
      0.201,
      0.203,
      0.283,
      0.328,
      0.295,
      0.428,
      1.0,
      0.672,
      0.251,
      0.222,
      0.205,
      0.229,
      0.29,
      0.258,
      0.294,
      0.207,
      0.188,
      0.229,
      0.345,
      0.373
    ],
    [
      0.364,
      0.316,
      0.433,
      0.309,
      0.32,
      0.392,
      0.453,
      0.327,
      0.432,
      0.461,
      0.351,
      0.349,
      0.424,
      0.274,
      0.347,
      0.322,
      0.415,
      0.402,
      0.408,
      0.379,
      0.432,
      0.386,
      0.41,
      0.386,
      0.205,
      0.25,
      0.359,
      0.428,
      0.396,
      0.477,
      0.672,
      1.0,
      0.377,
      0.226,
      0.34,
      0.225,
      0.253,
      0.302,
      0.365,
      0.309,
      0.297,
      0.345,
      0.419,
      0.441
    ],
    [
      0.662,
      0.246,
      0.714,
      0.778,
      0.193,
      0.258,
      0.479,
      0.259,
      0.702,
      0.688,
      0.232,
      0.708,
      0.68,
      0.717,
      0.623,
      0.678,
      0.756,
      0.737,
      0.662,
      0.352,
      0.25,
      0.252,
      0.623,
      0.777,
      0.453,
      0.405,
      0.628,
      0.507,
      0.762,
      0.677,
      0.251,
      0.377,
      1.0,
      0.234,
      0.479,
      0.403,
      0.284,
      0.124,
      0.591,
      0.703,
      0.611,
      0.514,
      0.452,
      0.504
    ],
    [
      0.412,
      0.447,
      0.285,
      0.362,
      0.151,
      0.268,
      0.372,
      0.567,
      0.387,
      0.367,
      0.378,
      0.401,
      0.41,
      0.288,
      0.424,
      0.257,
      0.492,
      0.421,
      0.458,
      0.399,
      0.285,
      0.3,
      0.415,
      0.315,
      0.391,
      0.448,
      0.357,
      0.317,
      0.361,
      0.341,
      0.222,
      0.226,
      0.234,
      1.0,
      0.44,
      0.49,
      0.368,
      0.174,
      0.496,
      0.361,
      0.288,
      0.329,
      0.403,
      0.396
    ],
    [
      0.559,
      0.301,
      0.377,
      0.505,
      0.224,
      0.148,
      0.436,
      0.427,
      0.491,
      0.558,
      0.299,
      0.441,
      0.357,
      0.368,
      0.428,
      0.46,
      0.533,
      0.64,
      0.496,
      0.388,
      0.208,
      0.287,
      0.457,
      0.521,
      0.257,
      0.287,
      0.455,
      0.206,
      0.426,
      0.357,
      0.205,
      0.34,
      0.479,
      0.44,
      1.0,
      0.42,
      0.318,
      0.125,
      0.52,
      0.576,
      0.468,
      0.541,
      0.517,
      0.458
    ],
    [
      0.639,
      0.445,
      0.448,
      0.439,
      0.205,
      0.32,
      0.471,
      0.369,
      0.478,
      0.486,
      0.227,
      0.478,
      0.444,
      0.499,
      0.411,
      0.36,
      0.507,
      0.479,
      0.586,
      0.356,
      0.325,
      0.465,
      0.563,
      0.419,
      0.409,
      0.483,
      0.54,
      0.39,
      0.473,
      0.458,
      0.229,
      0.225,
      0.403,
      0.49,
      0.42,
      1.0,
      0.378,
      0.161,
      0.425,
      0.545,
      0.416,
      0.536,
      0.441,
      0.43
    ],
    [
      0.399,
      0.274,
      0.266,
      0.309,
      0.077,
      0.249,
      0.365,
      0.285,
      0.349,
      0.4,
      0.172,
      0.289,
      0.336,
      0.277,
      0.343,
      0.395,
      0.391,
      0.452,
      0.501,
      0.288,
      0.198,
      0.271,
      0.398,
      0.376,
      0.295,
      0.323,
      0.385,
      0.323,
      0.331,
      0.359,
      0.29,
      0.253,
      0.284,
      0.368,
      0.318,
      0.378,
      1.0,
      0.296,
      0.5,
      0.359,
      0.338,
      0.341,
      0.287,
      0.461
    ],
    [
      0.248,
      0.186,
      0.322,
      0.137,
      0.186,
      0.277,
      0.251,
      0.199,
      0.166,
      0.145,
      0.133,
      0.196,
      0.2,
      0.155,
      0.224,
      0.204,
      0.198,
      0.231,
      0.257,
      0.236,
      0.373,
      0.259,
      0.289,
      0.261,
      0.162,
      0.221,
      0.155,
      0.176,
      0.123,
      0.236,
      0.258,
      0.302,
      0.124,
      0.174,
      0.125,
      0.161,
      0.296,
      1.0,
      0.252,
      0.177,
      0.195,
      0.152,
      0.21,
      0.31
    ],
    [
      0.574,
      0.342,
      0.545,
      0.669,
      0.238,
      0.303,
      0.463,
      0.387,
      0.588,
      0.624,
      0.293,
      0.641,
      0.6,
      0.523,
      0.613,
      0.562,
      0.718,
      0.65,
      0.624,
      0.39,
      0.296,
      0.341,
      0.583,
      0.65,
      0.464,
      0.49,
      0.569,
      0.432,
      0.619,
      0.631,
      0.294,
      0.365,
      0.591,
      0.496,
      0.52,
      0.425,
      0.5,
      0.252,
      1.0,
      0.637,
      0.503,
      0.481,
      0.451,
      0.569
    ],
    [
      0.711,
      0.336,
      0.575,
      0.715,
      0.151,
      0.231,
      0.537,
      0.29,
      0.765,
      0.72,
      0.191,
      0.731,
      0.612,
      0.784,
      0.655,
      0.618,
      0.758,
      0.736,
      0.667,
      0.381,
      0.291,
      0.278,
      0.664,
      0.754,
      0.39,
      0.442,
      0.738,
      0.337,
      0.708,
      0.627,
      0.207,
      0.309,
      0.703,
      0.361,
      0.576,
      0.545,
      0.359,
      0.177,
      0.637,
      1.0,
      0.685,
      0.671,
      0.539,
      0.596
    ],
    [
      0.598,
      0.188,
      0.468,
      0.562,
      0.223,
      0.244,
      0.523,
      0.275,
      0.629,
      0.66,
      0.165,
      0.565,
      0.581,
      0.645,
      0.495,
      0.556,
      0.585,
      0.661,
      0.575,
      0.393,
      0.361,
      0.269,
      0.624,
      0.689,
      0.371,
      0.454,
      0.658,
      0.358,
      0.57,
      0.565,
      0.188,
      0.297,
      0.611,
      0.288,
      0.468,
      0.416,
      0.338,
      0.195,
      0.503,
      0.685,
      1.0,
      0.755,
      0.508,
      0.546
    ],
    [
      0.685,
      0.308,
      0.447,
      0.518,
      0.395,
      0.442,
      0.603,
      0.368,
      0.634,
      0.688,
      0.314,
      0.486,
      0.479,
      0.525,
      0.485,
      0.563,
      0.52,
      0.631,
      0.652,
      0.446,
      0.394,
      0.382,
      0.711,
      0.631,
      0.214,
      0.383,
      0.66,
      0.339,
      0.482,
      0.462,
      0.229,
      0.345,
      0.514,
      0.329,
      0.541,
      0.536,
      0.341,
      0.152,
      0.481,
      0.671,
      0.755,
      1.0,
      0.484,
      0.593
    ],
    [
      0.515,
      0.269,
      0.493,
      0.519,
      0.219,
      0.293,
      0.486,
      0.412,
      0.547,
      0.606,
      0.311,
      0.544,
      0.464,
      0.463,
      0.428,
      0.353,
      0.514,
      0.521,
      0.51,
      0.418,
      0.381,
      0.253,
      0.46,
      0.55,
      0.311,
      0.355,
      0.482,
      0.322,
      0.477,
      0.451,
      0.345,
      0.419,
      0.452,
      0.403,
      0.517,
      0.441,
      0.287,
      0.21,
      0.451,
      0.539,
      0.508,
      0.484,
      1.0,
      0.457
    ],
    [
      0.576,
      0.369,
      0.558,
      0.517,
      0.322,
      0.332,
      0.485,
      0.289,
      0.561,
      0.643,
      0.375,
      0.499,
      0.52,
      0.555,
      0.515,
      0.492,
      0.576,
      0.58,
      0.571,
      0.448,
      0.351,
      0.386,
      0.59,
      0.653,
      0.329,
      0.427,
      0.629,
      0.449,
      0.567,
      0.579,
      0.373,
      0.441,
      0.504,
      0.396,
      0.458,
      0.43,
      0.461,
      0.31,
      0.569,
      0.596,
      0.546,
      0.593,
      0.457,
      1.0
    ]
  ]
}