{
  "feeds": [
    "Brazil | Folha de São Paulo",
    "Brazil | O Globo (via Google News)",
    "China | CGTN Politics",
    "China | CGTN World",
    "China | Global Times",
    "China | People's Daily CN",
    "China | Xinhua English",
    "India | Dainik Bhaskar",
    "India | NDTV World",
    "India | The Hindu Intl",
    "India | Times of India",
    "Iran (Opposition / Diaspora) | Iran International EN",
    "Iran (Opposition / Diaspora) | Iran International FA",
    "Iran (Opposition / Diaspora) | RFE/RL (was Radio Farda)",
    "Iran (State) | Tehran Times",
    "Israel | Haaretz",
    "Israel | Jerusalem Post",
    "Israel | Times of Israel",
    "Israel | Ynet Hebrew",
    "Japan | Japan Times",
    "Japan | NHK Japanese",
    "Nigeria | The Punch",
    "Qatar | Al Jazeera Arabic",
    "Qatar | Al Jazeera English",
    "Russia | Meduza",
    "Russia | Moscow Times",
    "Russia | RT",
    "Russia | TASS English",
    "Saudi Arabia | Al Arabiya English (via Google News)",
    "Saudi Arabia | Arab News (via Google News)",
    "South Korea | Korea Herald (via Google News)",
    "South Korea | Yonhap News",
    "Turkey | Daily Sabah",
    "Turkey | Hurriyet",
    "United Kingdom | BBC World",
    "United Kingdom | The Guardian World",
    "United Kingdom | The Telegraph",
    "United States | CNN World",
    "United States | Fox News World",
    "United States | NPR World",
    "Wire Services (Factual Baseline) | AFP / France 24 EN",
    "Wire Services (Factual Baseline) | AFP / France 24 FR",
    "Wire Services (Factual Baseline) | AP News",
    "Wire Services (Factual Baseline) | Reuters (via Google News)"
  ],
  "matrix": [
    [
      1.0,
      0.342,
      0.49,
      0.704,
      0.254,
      0.333,
      0.557,
      0.348,
      0.705,
      0.729,
      0.415,
      0.727,
      0.704,
      0.711,
      0.635,
      0.608,
      0.744,
      0.705,
      0.711,
      0.322,
      0.63,
      0.424,
      0.635,
      0.706,
      0.502,
      0.479,
      0.789,
      0.493,
      0.647,
      0.512,
      0.232,
      0.322,
      0.613,
      0.476,
      0.666,
      0.522,
      0.415,
      0.229,
      0.713,
      0.714,
      0.758,
      0.751,
      0.708,
      0.693
    ],
    [
      0.342,
      1.0,
      0.307,
      0.281,
      0.134,
      0.336,
      0.349,
      0.304,
      0.293,
      0.321,
      0.381,
      0.326,
      0.353,
      0.226,
      0.331,
      0.296,
      0.356,
      0.278,
      0.471,
      0.284,
      0.309,
      0.36,
      0.241,
      0.339,
      0.327,
      0.339,
      0.263,
      0.343,
      0.349,
      0.309,
      0.415,
      0.384,
      0.222,
      0.375,
      0.232,
      0.315,
      0.295,
      0.244,
      0.317,
      0.348,
      0.346,
      0.434,
      0.338,
      0.268
    ],
    [
      0.49,
      0.307,
      1.0,
      0.589,
      0.551,
      0.622,
      0.474,
      0.313,
      0.586,
      0.681,
      0.405,
      0.584,
      0.581,
      0.589,
      0.527,
      0.534,
      0.558,
      0.53,
      0.5,
      0.463,
      0.568,
      0.429,
      0.53,
      0.461,
      0.268,
      0.316,
      0.522,
      0.467,
      0.49,
      0.543,
      0.383,
      0.465,
      0.551,
      0.4,
      0.328,
      0.281,
      0.197,
      0.214,
      0.559,
      0.461,
      0.602,
      0.49,
      0.452,
      0.532
    ],
    [
      0.704,
      0.281,
      0.589,
      1.0,
      0.225,
      0.366,
      0.606,
      0.229,
      0.684,
      0.74,
      0.327,
      0.7,
      0.657,
      0.718,
      0.668,
      0.653,
      0.764,
      0.712,
      0.603,
      0.225,
      0.547,
      0.372,
      0.72,
      0.667,
      0.404,
      0.402,
      0.77,
      0.412,
      0.734,
      0.644,
      0.302,
      0.348,
      0.687,
      0.37,
      0.65,
      0.277,
      0.307,
      0.274,
      0.765,
      0.706,
      0.744,
      0.672,
      0.575,
      0.698
    ],
    [
      0.254,
      0.134,
      0.551,
      0.225,
      1.0,
      0.538,
      0.232,
      0.258,
      0.32,
      0.361,
      0.232,
      0.235,
      0.242,
      0.226,
      0.252,
      0.216,
      0.212,
      0.184,
      0.258,
      0.426,
      0.354,
      0.32,
      0.217,
      0.116,
      0.116,
      0.175,
      0.188,
      0.242,
      0.087,
      0.217,
      0.271,
      0.312,
      0.116,
      0.184,
      0.152,
      0.197,
      0.077,
      0.186,
      0.251,
      0.152,
      0.225,
      0.151,
      0.271,
      0.223
    ],
    [
      0.333,
      0.336,
      0.622,
      0.366,
      0.538,
      1.0,
      0.338,
      0.45,
      0.397,
      0.391,
      0.379,
      0.32,
      0.373,
      0.306,
      0.338,
      0.284,
      0.278,
      0.252,
      0.51,
      0.385,
      0.537,
      0.434,
      0.328,
      0.231,
      0.193,
      0.26,
      0.3,
      0.363,
      0.253,
      0.316,
      0.357,
      0.387,
      0.149,
      0.452,
      0.203,
      0.327,
      0.249,
      0.277,
      0.224,
      0.269,
      0.324,
      0.351,
      0.416,
      0.258
    ],
    [
      0.557,
      0.349,
      0.474,
      0.606,
      0.232,
      0.338,
      1.0,
      0.302,
      0.45,
      0.588,
      0.352,
      0.466,
      0.5,
      0.425,
      0.457,
      0.425,
      0.497,
      0.486,
      0.464,
      0.393,
      0.469,
      0.386,
      0.487,
      0.484,
      0.364,
      0.327,
      0.497,
      0.383,
      0.414,
      0.407,
      0.426,
      0.469,
      0.472,
      0.443,
      0.478,
      0.432,
      0.365,
      0.251,
      0.627,
      0.522,
      0.546,
      0.505,
      0.528,
      0.489
    ],
    [
      0.348,
      0.304,
      0.313,
      0.229,
      0.258,
      0.45,
      0.302,
      1.0,
      0.424,
      0.314,
      0.664,
      0.324,
      0.45,
      0.21,
      0.338,
      0.306,
      0.26,
      0.283,
      0.532,
      0.272,
      0.478,
      0.349,
      0.282,
      0.302,
      0.207,
      0.151,
      0.286,
      0.215,
      0.256,
      0.242,
      0.3,
      0.306,
      0.239,
      0.638,
      0.227,
      0.443,
      0.366,
      0.222,
      0.17,
      0.218,
      0.307,
      0.343,
      0.413,
      0.245
    ],
    [
      0.705,
      0.293,
      0.586,
      0.684,
      0.32,
      0.397,
      0.45,
      0.424,
      1.0,
      0.784,
      0.529,
      0.771,
      0.724,
      0.714,
      0.697,
      0.634,
      0.766,
      0.706,
      0.628,
      0.358,
      0.588,
      0.402,
      0.666,
      0.734,
      0.418,
      0.438,
      0.778,
      0.462,
      0.648,
      0.573,
      0.339,
      0.396,
      0.6,
      0.477,
      0.533,
      0.365,
      0.363,
      0.236,
      0.658,
      0.662,
      0.757,
      0.596,
      0.578,
      0.669
    ],
    [
      0.729,
      0.321,
      0.681,
      0.74,
      0.361,
      0.391,
      0.588,
      0.314,
      0.784,
      1.0,
      0.453,
      0.773,
      0.757,
      0.763,
      0.696,
      0.715,
      0.821,
      0.766,
      0.597,
      0.464,
      0.597,
      0.491,
      0.732,
      0.708,
      0.47,
      0.505,
      0.799,
      0.526,
      0.677,
      0.622,
      0.311,
      0.41,
      0.726,
      0.428,
      0.661,
      0.367,
      0.312,
      0.177,
      0.825,
      0.696,
      0.821,
      0.691,
      0.559,
      0.734
    ],
    [
      0.415,
      0.381,
      0.405,
      0.327,
      0.232,
      0.379,
      0.352,
      0.664,
      0.529,
      0.453,
      1.0,
      0.413,
      0.468,
      0.326,
      0.355,
      0.384,
      0.393,
      0.401,
      0.504,
      0.506,
      0.462,
      0.38,
      0.382,
      0.492,
      0.275,
      0.196,
      0.456,
      0.304,
      0.381,
      0.358,
      0.329,
      0.382,
      0.327,
      0.514,
      0.33,
      0.354,
      0.291,
      0.3,
      0.328,
      0.354,
      0.441,
      0.437,
      0.399,
      0.352
    ],
    [
      0.727,
      0.326,
      0.584,
      0.7,
      0.235,
      0.32,
      0.466,
      0.324,
      0.771,
      0.773,
      0.413,
      1.0,
      0.728,
      0.789,
      0.804,
      0.694,
      0.787,
      0.706,
      0.585,
      0.312,
      0.643,
      0.392,
      0.691,
      0.747,
      0.503,
      0.51,
      0.776,
      0.511,
      0.676,
      0.55,
      0.278,
      0.371,
      0.663,
      0.425,
      0.581,
      0.326,
      0.323,
      0.191,
      0.759,
      0.723,
      0.809,
      0.721,
      0.565,
      0.663
    ],
    [
      0.704,
      0.353,
      0.581,
      0.657,
      0.242,
      0.373,
      0.5,
      0.45,
      0.724,
      0.757,
      0.468,
      0.728,
      1.0,
      0.64,
      0.796,
      0.781,
      0.819,
      0.778,
      0.678,
      0.324,
      0.581,
      0.424,
      0.739,
      0.625,
      0.469,
      0.455,
      0.722,
      0.414,
      0.737,
      0.616,
      0.332,
      0.403,
      0.741,
      0.582,
      0.572,
      0.375,
      0.379,
      0.141,
      0.708,
      0.633,
      0.778,
      0.727,
      0.536,
      0.684
    ],
    [
      0.711,
      0.226,
      0.589,
      0.718,
      0.226,
      0.306,
      0.425,
      0.21,
      0.714,
      0.763,
      0.326,
      0.789,
      0.64,
      1.0,
      0.656,
      0.621,
      0.737,
      0.65,
      0.533,
      0.276,
      0.602,
      0.407,
      0.685,
      0.668,
      0.487,
      0.503,
      0.748,
      0.628,
      0.666,
      0.584,
      0.234,
      0.338,
      0.682,
      0.353,
      0.594,
      0.274,
      0.288,
      0.187,
      0.751,
      0.684,
      0.808,
      0.654,
      0.539,
      0.678
    ],
    [
      0.635,
      0.331,
      0.527,
      0.668,
      0.252,
      0.338,
      0.457,
      0.338,
      0.697,
      0.696,
      0.355,
      0.804,
      0.796,
      0.656,
      1.0,
      0.743,
      0.745,
      0.759,
      0.583,
      0.231,
      0.555,
      0.409,
      0.713,
      0.641,
      0.48,
      0.459,
      0.701,
      0.386,
      0.695,
      0.576,
      0.302,
      0.305,
      0.665,
      0.472,
      0.488,
      0.272,
      0.343,
      0.224,
      0.696,
      0.642,
      0.757,
      0.649,
      0.558,
      0.658
    ],
    [
      0.608,
      0.296,
      0.534,
      0.653,
      0.216,
      0.284,
      0.425,
      0.306,
      0.634,
      0.715,
      0.384,
      0.694,
      0.781,
      0.621,
      0.743,
      1.0,
      0.8,
      0.861,
      0.618,
      0.303,
      0.577,
      0.352,
      0.801,
      0.606,
      0.301,
      0.339,
      0.693,
      0.339,
      0.689,
      0.609,
      0.233,
      0.285,
      0.832,
      0.469,
      0.531,
      0.309,
      0.346,
      0.156,
      0.679,
      0.57,
      0.759,
      0.671,
      0.413,
      0.695
    ],
    [
      0.744,
      0.356,
      0.558,
      0.764,
      0.212,
      0.278,
      0.497,
      0.26,
      0.766,
      0.821,
      0.393,
      0.787,
      0.819,
      0.737,
      0.745,
      0.8,
      1.0,
      0.856,
      0.628,
      0.309,
      0.573,
      0.354,
      0.787,
      0.707,
      0.444,
      0.45,
      0.818,
      0.448,
      0.762,
      0.625,
      0.272,
      0.386,
      0.794,
      0.415,
      0.654,
      0.297,
      0.303,
      0.198,
      0.801,
      0.69,
      0.842,
      0.775,
      0.52,
      0.758
    ],
    [
      0.705,
      0.278,
      0.53,
      0.712,
      0.184,
      0.252,
      0.486,
      0.283,
      0.706,
      0.766,
      0.401,
      0.706,
      0.778,
      0.65,
      0.759,
      0.861,
      0.856,
      1.0,
      0.682,
      0.3,
      0.585,
      0.328,
      0.801,
      0.674,
      0.366,
      0.366,
      0.779,
      0.388,
      0.732,
      0.63,
      0.234,
      0.281,
      0.852,
      0.414,
      0.592,
      0.272,
      0.355,
      0.141,
      0.763,
      0.661,
      0.839,
      0.732,
      0.525,
      0.771
    ],
    [
      0.711,
      0.471,
      0.5,
      0.603,
      0.258,
      0.51,
      0.464,
      0.532,
      0.628,
      0.597,
      0.504,
      0.585,
      0.678,
      0.533,
      0.583,
      0.618,
      0.628,
      0.682,
      1.0,
      0.36,
      0.643,
      0.422,
      0.552,
      0.645,
      0.378,
      0.393,
      0.647,
      0.422,
      0.589,
      0.548,
      0.359,
      0.385,
      0.532,
      0.551,
      0.536,
      0.465,
      0.445,
      0.301,
      0.559,
      0.654,
      0.633,
      0.677,
      0.691,
      0.58
    ],
    [
      0.322,
      0.284,
      0.463,
      0.225,
      0.426,
      0.385,
      0.393,
      0.272,
      0.358,
      0.464,
      0.506,
      0.312,
      0.324,
      0.276,
      0.231,
      0.303,
      0.309,
      0.3,
      0.36,
      1.0,
      0.359,
      0.413,
      0.306,
      0.382,
      0.186,
      0.201,
      0.298,
      0.355,
      0.187,
      0.297,
      0.389,
      0.507,
      0.209,
      0.343,
      0.356,
      0.251,
      0.18,
      0.279,
      0.324,
      0.336,
      0.289,
      0.224,
      0.323,
      0.296
    ],
    [
      0.63,
      0.309,
      0.568,
      0.547,
      0.354,
      0.537,
      0.469,
      0.478,
      0.588,
      0.597,
      0.462,
      0.643,
      0.581,
      0.602,
      0.555,
      0.577,
      0.573,
      0.585,
      0.643,
      0.359,
      1.0,
      0.409,
      0.615,
      0.495,
      0.266,
      0.301,
      0.587,
      0.495,
      0.495,
      0.519,
      0.266,
      0.334,
      0.563,
      0.507,
      0.434,
      0.376,
      0.373,
      0.363,
      0.496,
      0.51,
      0.628,
      0.591,
      0.553,
      0.544
    ],
    [
      0.424,
      0.36,
      0.429,
      0.372,
      0.32,
      0.434,
      0.386,
      0.349,
      0.402,
      0.491,
      0.38,
      0.392,
      0.424,
      0.407,
      0.409,
      0.352,
      0.354,
      0.328,
      0.422,
      0.413,
      0.409,
      1.0,
      0.371,
      0.406,
      0.323,
      0.417,
      0.337,
      0.403,
      0.399,
      0.436,
      0.243,
      0.357,
      0.299,
      0.437,
      0.335,
      0.45,
      0.284,
      0.183,
      0.417,
      0.364,
      0.432,
      0.395,
      0.425,
      0.342
    ],
    [
      0.635,
      0.241,
      0.53,
      0.72,
      0.217,
      0.328,
      0.487,
      0.282,
      0.666,
      0.732,
      0.382,
      0.691,
      0.739,
      0.685,
      0.713,
      0.801,
      0.787,
      0.801,
      0.552,
      0.306,
      0.615,
      0.371,
      1.0,
      0.559,
      0.357,
      0.372,
      0.74,
      0.448,
      0.758,
      0.691,
      0.209,
      0.253,
      0.774,
      0.437,
      0.594,
      0.265,
      0.38,
      0.278,
      0.699,
      0.583,
      0.777,
      0.681,
      0.465,
      0.728
    ],
    [
      0.706,
      0.339,
      0.461,
      0.667,
      0.116,
      0.231,
      0.484,
      0.302,
      0.734,
      0.708,
      0.492,
      0.747,
      0.625,
      0.668,
      0.641,
      0.606,
      0.707,
      0.674,
      0.645,
      0.382,
      0.495,
      0.406,
      0.559,
      1.0,
      0.38,
      0.382,
      0.757,
      0.411,
      0.675,
      0.546,
      0.313,
      0.348,
      0.574,
      0.403,
      0.585,
      0.441,
      0.377,
      0.195,
      0.709,
      0.731,
      0.703,
      0.668,
      0.537,
      0.67
    ],
    [
      0.502,
      0.327,
      0.268,
      0.404,
      0.116,
      0.193,
      0.364,
      0.207,
      0.418,
      0.47,
      0.275,
      0.503,
      0.469,
      0.487,
      0.48,
      0.301,
      0.444,
      0.366,
      0.378,
      0.186,
      0.266,
      0.323,
      0.357,
      0.38,
      1.0,
      0.795,
      0.382,
      0.648,
      0.376,
      0.293,
      0.175,
      0.264,
      0.329,
      0.371,
      0.475,
      0.245,
      0.321,
      0.123,
      0.472,
      0.42,
      0.497,
      0.471,
      0.499,
      0.297
    ],
    [
      0.479,
      0.339,
      0.316,
      0.402,
      0.175,
      0.26,
      0.327,
      0.151,
      0.438,
      0.505,
      0.196,
      0.51,
      0.455,
      0.503,
      0.459,
      0.339,
      0.45,
      0.366,
      0.393,
      0.201,
      0.301,
      0.417,
      0.372,
      0.382,
      0.795,
      1.0,
      0.388,
      0.646,
      0.406,
      0.284,
      0.154,
      0.255,
      0.336,
      0.313,
      0.481,
      0.297,
      0.25,
      0.077,
      0.491,
      0.42,
      0.483,
      0.453,
      0.455,
      0.286
    ],
    [
      0.789,
      0.263,
      0.522,
      0.77,
      0.188,
      0.3,
      0.497,
      0.286,
      0.778,
      0.799,
      0.456,
      0.776,
      0.722,
      0.748,
      0.701,
      0.693,
      0.818,
      0.779,
      0.647,
      0.298,
      0.587,
      0.337,
      0.74,
      0.757,
      0.382,
      0.388,
      1.0,
      0.391,
      0.693,
      0.594,
      0.28,
      0.292,
      0.699,
      0.361,
      0.637,
      0.307,
      0.333,
      0.263,
      0.764,
      0.779,
      0.799,
      0.747,
      0.624,
      0.744
    ],
    [
      0.493,
      0.343,
      0.467,
      0.412,
      0.242,
      0.363,
      0.383,
      0.215,
      0.462,
      0.526,
      0.304,
      0.511,
      0.414,
      0.628,
      0.386,
      0.339,
      0.448,
      0.388,
      0.422,
      0.355,
      0.495,
      0.403,
      0.448,
      0.411,
      0.648,
      0.646,
      0.391,
      1.0,
      0.454,
      0.451,
      0.286,
      0.407,
      0.394,
      0.401,
      0.435,
      0.229,
      0.323,
      0.176,
      0.453,
      0.367,
      0.551,
      0.462,
      0.4,
      0.479
    ],
    [
      0.647,
      0.349,
      0.49,
      0.734,
      0.087,
      0.253,
      0.414,
      0.256,
      0.648,
      0.677,
      0.381,
      0.676,
      0.737,
      0.666,
      0.695,
      0.689,
      0.762,
      0.732,
      0.589,
      0.187,
      0.495,
      0.399,
      0.758,
      0.675,
      0.376,
      0.406,
      0.693,
      0.454,
      1.0,
      0.752,
      0.329,
      0.35,
      0.724,
      0.46,
      0.516,
      0.277,
      0.377,
      0.173,
      0.706,
      0.621,
      0.708,
      0.639,
      0.444,
      0.76
    ],
    [
      0.512,
      0.309,
      0.543,
      0.644,
      0.217,
      0.316,
      0.407,
      0.242,
      0.573,
      0.622,
      0.358,
      0.55,
      0.616,
      0.584,
      0.576,
      0.609,
      0.625,
      0.63,
      0.548,
      0.297,
      0.519,
      0.436,
      0.691,
      0.546,
      0.293,
      0.284,
      0.594,
      0.451,
      0.752,
      1.0,
      0.462,
      0.435,
      0.61,
      0.361,
      0.401,
      0.281,
      0.32,
      0.217,
      0.602,
      0.487,
      0.573,
      0.506,
      0.376,
      0.65
    ],
    [
      0.232,
      0.415,
      0.383,
      0.302,
      0.271,
      0.357,
      0.426,
      0.3,
      0.339,
      0.311,
      0.329,
      0.278,
      0.332,
      0.234,
      0.302,
      0.233,
      0.272,
      0.234,
      0.359,
      0.389,
      0.266,
      0.243,
      0.209,
      0.313,
      0.175,
      0.154,
      0.28,
      0.286,
      0.329,
      0.462,
      1.0,
      0.752,
      0.223,
      0.338,
      0.183,
      0.224,
      0.271,
      0.284,
      0.323,
      0.279,
      0.254,
      0.224,
      0.32,
      0.353
    ],
    [
      0.322,
      0.384,
      0.465,
      0.348,
      0.312,
      0.387,
      0.469,
      0.306,
      0.396,
      0.41,
      0.382,
      0.371,
      0.403,
      0.338,
      0.305,
      0.285,
      0.386,
      0.281,
      0.385,
      0.507,
      0.334,
      0.357,
      0.253,
      0.348,
      0.264,
      0.255,
      0.292,
      0.407,
      0.35,
      0.435,
      0.752,
      1.0,
      0.308,
      0.406,
      0.258,
      0.219,
      0.218,
      0.214,
      0.371,
      0.355,
      0.352,
      0.294,
      0.378,
      0.314
    ],
    [
      0.613,
      0.222,
      0.551,
      0.687,
      0.116,
      0.149,
      0.472,
      0.239,
      0.6,
      0.726,
      0.327,
      0.663,
      0.741,
      0.682,
      0.665,
      0.832,
      0.794,
      0.852,
      0.532,
      0.209,
      0.563,
      0.299,
      0.774,
      0.574,
      0.329,
      0.336,
      0.699,
      0.394,
      0.724,
      0.61,
      0.223,
      0.308,
      1.0,
      0.421,
      0.555,
      0.22,
      0.271,
      0.104,
      0.732,
      0.593,
      0.813,
      0.692,
      0.405,
      0.737
    ],
    [
      0.476,
      0.375,
      0.4,
      0.37,
      0.184,
      0.452,
      0.443,
      0.638,
      0.477,
      0.428,
      0.514,
      0.425,
      0.582,
      0.353,
      0.472,
      0.469,
      0.415,
      0.414,
      0.551,
      0.343,
      0.507,
      0.437,
      0.437,
      0.403,
      0.371,
      0.313,
      0.361,
      0.401,
      0.46,
      0.361,
      0.338,
      0.406,
      0.421,
      1.0,
      0.394,
      0.499,
      0.467,
      0.195,
      0.317,
      0.356,
      0.441,
      0.424,
      0.495,
      0.377
    ],
    [
      0.666,
      0.232,
      0.328,
      0.65,
      0.152,
      0.203,
      0.478,
      0.227,
      0.533,
      0.661,
      0.33,
      0.581,
      0.572,
      0.594,
      0.488,
      0.531,
      0.654,
      0.592,
      0.536,
      0.356,
      0.434,
      0.335,
      0.594,
      0.585,
      0.475,
      0.481,
      0.637,
      0.435,
      0.516,
      0.401,
      0.183,
      0.258,
      0.555,
      0.394,
      1.0,
      0.293,
      0.353,
      0.171,
      0.641,
      0.595,
      0.606,
      0.607,
      0.529,
      0.563
    ],
    [
      0.522,
      0.315,
      0.281,
      0.277,
      0.197,
      0.327,
      0.432,
      0.443,
      0.365,
      0.367,
      0.354,
      0.326,
      0.375,
      0.274,
      0.272,
      0.309,
      0.297,
      0.272,
      0.465,
      0.251,
      0.376,
      0.45,
      0.265,
      0.441,
      0.245,
      0.297,
      0.307,
      0.229,
      0.277,
      0.281,
      0.224,
      0.219,
      0.22,
      0.499,
      0.293,
      1.0,
      0.36,
      0.12,
      0.314,
      0.308,
      0.355,
      0.412,
      0.391,
      0.232
    ],
    [
      0.415,
      0.295,
      0.197,
      0.307,
      0.077,
      0.249,
      0.365,
      0.366,
      0.363,
      0.312,
      0.291,
      0.323,
      0.379,
      0.288,
      0.343,
      0.346,
      0.303,
      0.355,
      0.445,
      0.18,
      0.373,
      0.284,
      0.38,
      0.377,
      0.321,
      0.25,
      0.333,
      0.323,
      0.377,
      0.32,
      0.271,
      0.218,
      0.271,
      0.467,
      0.353,
      0.36,
      1.0,
      0.296,
      0.278,
      0.299,
      0.348,
      0.372,
      0.361,
      0.417
    ],
    [
      0.229,
      0.244,
      0.214,
      0.274,
      0.186,
      0.277,
      0.251,
      0.222,
      0.236,
      0.177,
      0.3,
      0.191,
      0.141,
      0.187,
      0.224,
      0.156,
      0.198,
      0.141,
      0.301,
      0.279,
      0.363,
      0.183,
      0.278,
      0.195,
      0.123,
      0.077,
      0.263,
      0.176,
      0.173,
      0.217,
      0.284,
      0.214,
      0.104,
      0.195,
      0.171,
      0.12,
      0.296,
      1.0,
      0.092,
      0.25,
      0.159,
      0.15,
      0.342,
      0.253
    ],
    [
      0.713,
      0.317,
      0.559,
      0.765,
      0.251,
      0.224,
      0.627,
      0.17,
      0.658,
      0.825,
      0.328,
      0.759,
      0.708,
      0.751,
      0.696,
      0.679,
      0.801,
      0.763,
      0.559,
      0.324,
      0.496,
      0.417,
      0.699,
      0.709,
      0.472,
      0.491,
      0.764,
      0.453,
      0.706,
      0.602,
      0.323,
      0.371,
      0.732,
      0.317,
      0.641,
      0.314,
      0.278,
      0.092,
      1.0,
      0.709,
      0.82,
      0.719,
      0.524,
      0.723
    ],
    [
      0.714,
      0.348,
      0.461,
      0.706,
      0.152,
      0.269,
      0.522,
      0.218,
      0.662,
      0.696,
      0.354,
      0.723,
      0.633,
      0.684,
      0.642,
      0.57,
      0.69,
      0.661,
      0.654,
      0.336,
      0.51,
      0.364,
      0.583,
      0.731,
      0.42,
      0.42,
      0.779,
      0.367,
      0.621,
      0.487,
      0.279,
      0.355,
      0.593,
      0.356,
      0.595,
      0.308,
      0.299,
      0.25,
      0.709,
      1.0,
      0.732,
      0.644,
      0.646,
      0.626
    ],
    [
      0.758,
      0.346,
      0.602,
      0.744,
      0.225,
      0.324,
      0.546,
      0.307,
      0.757,
      0.821,
      0.441,
      0.809,
      0.778,
      0.808,
      0.757,
      0.759,
      0.842,
      0.839,
      0.633,
      0.289,
      0.628,
      0.432,
      0.777,
      0.703,
      0.497,
      0.483,
      0.799,
      0.551,
      0.708,
      0.573,
      0.254,
      0.352,
      0.813,
      0.441,
      0.606,
      0.355,
      0.348,
      0.159,
      0.82,
      0.732,
      1.0,
      0.84,
      0.581,
      0.753
    ],
    [
      0.751,
      0.434,
      0.49,
      0.672,
      0.151,
      0.351,
      0.505,
      0.343,
      0.596,
      0.691,
      0.437,
      0.721,
      0.727,
      0.654,
      0.649,
      0.671,
      0.775,
      0.732,
      0.677,
      0.224,
      0.591,
      0.395,
      0.681,
      0.668,
      0.471,
      0.453,
      0.747,
      0.462,
      0.639,
      0.506,
      0.224,
      0.294,
      0.692,
      0.424,
      0.607,
      0.412,
      0.372,
      0.15,
      0.719,
      0.644,
      0.84,
      1.0,
      0.558,
      0.643
    ],
    [
      0.708,
      0.338,
      0.452,
      0.575,
      0.271,
      0.416,
      0.528,
      0.413,
      0.578,
      0.559,
      0.399,
      0.565,
      0.536,
      0.539,
      0.558,
      0.413,
      0.52,
      0.525,
      0.691,
      0.323,
      0.553,
      0.425,
      0.465,
      0.537,
      0.499,
      0.455,
      0.624,
      0.4,
      0.444,
      0.376,
      0.32,
      0.378,
      0.405,
      0.495,
      0.529,
      0.391,
      0.361,
      0.342,
      0.524,
      0.646,
      0.581,
      0.558,
      1.0,
      0.491
    ],
    [
      0.693,
      0.268,
      0.532,
      0.698,
      0.223,
      0.258,
      0.489,
      0.245,
      0.669,
      0.734,
      0.352,
      0.663,
      0.684,
      0.678,
      0.658,
      0.695,
      0.758,
      0.771,
      0.58,
      0.296,
      0.544,
      0.342,
      0.728,
      0.67,
      0.297,
      0.286,
      0.744,
      0.479,
      0.76,
      0.65,
      0.353,
      0.314,
      0.737,
      0.377,
      0.563,
      0.232,
      0.417,
      0.253,
      0.723,
      0.626,
      0.753,
      0.643,
      0.491,
      1.0
    ]
  ]
}