{
  "feeds": [
    "Brazil | Folha de São Paulo",
    "Brazil | O Globo (via Google News)",
    "China | CGTN Politics",
    "China | CGTN World",
    "China | Global Times",
    "China | People's Daily CN",
    "China | Xinhua English",
    "India | Dainik Bhaskar",
    "India | NDTV World",
    "India | The Hindu Intl",
    "India | Times of India",
    "Iran (Opposition / Diaspora) | Iran International EN",
    "Iran (Opposition / Diaspora) | Iran International FA",
    "Iran (Opposition / Diaspora) | RFE/RL (was Radio Farda)",
    "Israel | Haaretz",
    "Israel | Jerusalem Post",
    "Israel | Times of Israel",
    "Israel | Ynet Hebrew",
    "Japan | Japan Times",
    "Japan | NHK Japanese",
    "Nigeria | Vanguard",
    "Qatar | Al Jazeera Arabic",
    "Qatar | Al Jazeera English",
    "Russia | Meduza",
    "Russia | Moscow Times",
    "Russia | RT",
    "Russia | TASS English",
    "Saudi Arabia | Al Arabiya English (via Google News)",
    "Saudi Arabia | Arab News (via Google News)",
    "South Korea | Korea Herald (via Google News)",
    "South Korea | Yonhap News",
    "Turkey | Daily Sabah",
    "Turkey | Hurriyet",
    "United Kingdom | BBC World",
    "United Kingdom | The Guardian World",
    "United Kingdom | The Telegraph",
    "United States | CNN World",
    "United States | Fox News World",
    "United States | NPR World",
    "Wire Services (Factual Baseline) | AFP / France 24 EN",
    "Wire Services (Factual Baseline) | AFP / France 24 FR",
    "Wire Services (Factual Baseline) | AP News",
    "Wire Services (Factual Baseline) | Reuters (via Google News)"
  ],
  "matrix": [
    [
      1.0,
      0.435,
      0.701,
      0.532,
      0.424,
      0.538,
      0.559,
      0.535,
      0.654,
      0.7,
      0.391,
      0.688,
      0.761,
      0.678,
      0.604,
      0.57,
      0.614,
      0.742,
      0.499,
      0.46,
      0.455,
      0.682,
      0.577,
      0.378,
      0.382,
      0.683,
      0.52,
      0.616,
      0.609,
      0.296,
      0.437,
      0.671,
      0.407,
      0.62,
      0.561,
      0.415,
      0.254,
      0.693,
      0.734,
      0.636,
      0.736,
      0.647,
      0.635
    ],
    [
      0.435,
      1.0,
      0.367,
      0.351,
      0.03,
      0.285,
      0.377,
      0.392,
      0.393,
      0.427,
      0.392,
      0.386,
      0.373,
      0.381,
      0.311,
      0.292,
      0.301,
      0.463,
      0.334,
      0.353,
      0.397,
      0.45,
      0.362,
      0.273,
      0.231,
      0.385,
      0.33,
      0.406,
      0.376,
      0.416,
      0.318,
      0.342,
      0.449,
      0.419,
      0.503,
      0.373,
      0.176,
      0.38,
      0.425,
      0.419,
      0.452,
      0.402,
      0.442
    ],
    [
      0.701,
      0.367,
      1.0,
      0.584,
      0.54,
      0.585,
      0.536,
      0.422,
      0.458,
      0.513,
      0.333,
      0.485,
      0.568,
      0.438,
      0.493,
      0.414,
      0.478,
      0.523,
      0.515,
      0.432,
      0.392,
      0.558,
      0.377,
      0.283,
      0.339,
      0.529,
      0.396,
      0.578,
      0.628,
      0.458,
      0.494,
      0.521,
      0.289,
      0.332,
      0.397,
      0.324,
      0.317,
      0.55,
      0.583,
      0.452,
      0.518,
      0.505,
      0.571
    ],
    [
      0.532,
      0.351,
      0.584,
      1.0,
      0.31,
      0.341,
      0.515,
      0.299,
      0.521,
      0.452,
      0.211,
      0.466,
      0.538,
      0.509,
      0.471,
      0.47,
      0.542,
      0.515,
      0.409,
      0.331,
      0.402,
      0.609,
      0.524,
      0.215,
      0.216,
      0.537,
      0.371,
      0.544,
      0.543,
      0.239,
      0.239,
      0.54,
      0.227,
      0.403,
      0.397,
      0.312,
      0.146,
      0.563,
      0.439,
      0.532,
      0.506,
      0.417,
      0.474
    ],
    [
      0.424,
      0.03,
      0.54,
      0.31,
      1.0,
      0.538,
      0.232,
      0.224,
      0.229,
      0.306,
      0.193,
      0.253,
      0.22,
      0.167,
      0.092,
      0.179,
      0.178,
      0.197,
      0.371,
      0.258,
      0.197,
      0.294,
      0.094,
      0.151,
      0.137,
      0.198,
      0.124,
      0.125,
      0.163,
      0.166,
      0.267,
      0.207,
      0.062,
      0.159,
      0.181,
      0.077,
      0.186,
      0.263,
      0.24,
      0.156,
      0.243,
      0.306,
      0.239
    ],
    [
      0.538,
      0.285,
      0.585,
      0.341,
      0.538,
      1.0,
      0.338,
      0.401,
      0.288,
      0.367,
      0.353,
      0.245,
      0.361,
      0.22,
      0.186,
      0.187,
      0.19,
      0.363,
      0.325,
      0.325,
      0.412,
      0.416,
      0.13,
      0.161,
      0.203,
      0.293,
      0.209,
      0.274,
      0.287,
      0.252,
      0.395,
      0.203,
      0.314,
      0.187,
      0.275,
      0.249,
      0.277,
      0.267,
      0.285,
      0.196,
      0.367,
      0.407,
      0.224
    ],
    [
      0.559,
      0.377,
      0.536,
      0.515,
      0.232,
      0.338,
      1.0,
      0.245,
      0.462,
      0.433,
      0.308,
      0.418,
      0.542,
      0.439,
      0.459,
      0.442,
      0.488,
      0.483,
      0.5,
      0.424,
      0.374,
      0.502,
      0.434,
      0.245,
      0.27,
      0.535,
      0.437,
      0.433,
      0.439,
      0.392,
      0.454,
      0.535,
      0.374,
      0.44,
      0.438,
      0.365,
      0.251,
      0.531,
      0.605,
      0.51,
      0.542,
      0.432,
      0.473
    ],
    [
      0.535,
      0.392,
      0.422,
      0.299,
      0.224,
      0.401,
      0.245,
      1.0,
      0.414,
      0.546,
      0.672,
      0.406,
      0.487,
      0.324,
      0.394,
      0.348,
      0.368,
      0.5,
      0.355,
      0.507,
      0.6,
      0.504,
      0.408,
      0.238,
      0.245,
      0.35,
      0.42,
      0.352,
      0.286,
      0.251,
      0.238,
      0.375,
      0.7,
      0.368,
      0.426,
      0.452,
      0.273,
      0.424,
      0.342,
      0.413,
      0.449,
      0.401,
      0.337
    ],
    [
      0.654,
      0.393,
      0.458,
      0.521,
      0.229,
      0.288,
      0.462,
      0.414,
      1.0,
      0.671,
      0.43,
      0.589,
      0.588,
      0.746,
      0.492,
      0.612,
      0.596,
      0.692,
      0.613,
      0.416,
      0.402,
      0.666,
      0.569,
      0.36,
      0.394,
      0.611,
      0.622,
      0.584,
      0.505,
      0.194,
      0.29,
      0.693,
      0.35,
      0.625,
      0.475,
      0.384,
      0.237,
      0.616,
      0.67,
      0.755,
      0.654,
      0.585,
      0.627
    ],
    [
      0.7,
      0.427,
      0.513,
      0.452,
      0.306,
      0.367,
      0.433,
      0.546,
      0.671,
      1.0,
      0.492,
      0.675,
      0.632,
      0.683,
      0.593,
      0.635,
      0.609,
      0.72,
      0.501,
      0.535,
      0.565,
      0.726,
      0.585,
      0.5,
      0.505,
      0.606,
      0.674,
      0.544,
      0.509,
      0.241,
      0.289,
      0.69,
      0.489,
      0.525,
      0.549,
      0.431,
      0.345,
      0.633,
      0.665,
      0.675,
      0.656,
      0.534,
      0.662
    ],
    [
      0.391,
      0.392,
      0.333,
      0.211,
      0.193,
      0.353,
      0.308,
      0.672,
      0.43,
      0.492,
      1.0,
      0.37,
      0.437,
      0.334,
      0.391,
      0.42,
      0.434,
      0.494,
      0.475,
      0.459,
      0.479,
      0.432,
      0.386,
      0.271,
      0.24,
      0.351,
      0.419,
      0.316,
      0.266,
      0.224,
      0.264,
      0.331,
      0.51,
      0.296,
      0.353,
      0.328,
      0.252,
      0.314,
      0.358,
      0.439,
      0.5,
      0.358,
      0.315
    ],
    [
      0.688,
      0.386,
      0.485,
      0.466,
      0.253,
      0.245,
      0.418,
      0.406,
      0.589,
      0.675,
      0.37,
      1.0,
      0.749,
      0.727,
      0.621,
      0.635,
      0.652,
      0.724,
      0.413,
      0.368,
      0.37,
      0.617,
      0.653,
      0.408,
      0.39,
      0.682,
      0.522,
      0.621,
      0.559,
      0.189,
      0.196,
      0.708,
      0.34,
      0.521,
      0.44,
      0.351,
      0.201,
      0.783,
      0.679,
      0.701,
      0.734,
      0.46,
      0.643
    ],
    [
      0.761,
      0.373,
      0.568,
      0.538,
      0.22,
      0.361,
      0.542,
      0.487,
      0.588,
      0.632,
      0.437,
      0.749,
      1.0,
      0.673,
      0.743,
      0.706,
      0.713,
      0.735,
      0.474,
      0.471,
      0.429,
      0.672,
      0.685,
      0.416,
      0.427,
      0.749,
      0.564,
      0.733,
      0.667,
      0.34,
      0.384,
      0.728,
      0.452,
      0.537,
      0.457,
      0.353,
      0.198,
      0.728,
      0.647,
      0.687,
      0.742,
      0.466,
      0.659
    ],
    [
      0.678,
      0.381,
      0.438,
      0.509,
      0.167,
      0.22,
      0.439,
      0.324,
      0.746,
      0.683,
      0.334,
      0.727,
      0.673,
      1.0,
      0.634,
      0.765,
      0.687,
      0.729,
      0.461,
      0.459,
      0.365,
      0.655,
      0.698,
      0.384,
      0.446,
      0.718,
      0.624,
      0.676,
      0.637,
      0.161,
      0.298,
      0.831,
      0.298,
      0.574,
      0.452,
      0.257,
      0.137,
      0.681,
      0.783,
      0.825,
      0.72,
      0.56,
      0.742
    ],
    [
      0.604,
      0.311,
      0.493,
      0.471,
      0.092,
      0.186,
      0.459,
      0.394,
      0.492,
      0.593,
      0.391,
      0.621,
      0.743,
      0.634,
      1.0,
      0.808,
      0.847,
      0.687,
      0.43,
      0.467,
      0.361,
      0.566,
      0.745,
      0.289,
      0.386,
      0.715,
      0.537,
      0.724,
      0.677,
      0.251,
      0.268,
      0.712,
      0.378,
      0.385,
      0.309,
      0.376,
      0.175,
      0.662,
      0.591,
      0.721,
      0.712,
      0.384,
      0.507
    ],
    [
      0.57,
      0.292,
      0.414,
      0.47,
      0.179,
      0.187,
      0.442,
      0.348,
      0.612,
      0.635,
      0.42,
      0.635,
      0.706,
      0.765,
      0.808,
      1.0,
      0.814,
      0.674,
      0.455,
      0.465,
      0.335,
      0.635,
      0.732,
      0.332,
      0.411,
      0.743,
      0.617,
      0.689,
      0.637,
      0.126,
      0.158,
      0.773,
      0.303,
      0.414,
      0.312,
      0.321,
      0.134,
      0.66,
      0.648,
      0.798,
      0.685,
      0.432,
      0.611
    ],
    [
      0.614,
      0.301,
      0.478,
      0.542,
      0.178,
      0.19,
      0.488,
      0.368,
      0.596,
      0.609,
      0.434,
      0.652,
      0.713,
      0.687,
      0.847,
      0.814,
      1.0,
      0.707,
      0.502,
      0.488,
      0.415,
      0.587,
      0.77,
      0.327,
      0.369,
      0.75,
      0.572,
      0.676,
      0.618,
      0.246,
      0.264,
      0.695,
      0.339,
      0.405,
      0.331,
      0.386,
      0.218,
      0.677,
      0.61,
      0.745,
      0.712,
      0.453,
      0.593
    ],
    [
      0.742,
      0.463,
      0.523,
      0.515,
      0.197,
      0.363,
      0.483,
      0.5,
      0.692,
      0.72,
      0.494,
      0.724,
      0.735,
      0.729,
      0.687,
      0.674,
      0.707,
      1.0,
      0.556,
      0.521,
      0.489,
      0.736,
      0.675,
      0.345,
      0.418,
      0.773,
      0.625,
      0.63,
      0.582,
      0.251,
      0.347,
      0.727,
      0.515,
      0.58,
      0.466,
      0.487,
      0.307,
      0.718,
      0.688,
      0.792,
      0.808,
      0.563,
      0.651
    ],
    [
      0.499,
      0.334,
      0.515,
      0.409,
      0.371,
      0.325,
      0.5,
      0.355,
      0.613,
      0.501,
      0.475,
      0.413,
      0.474,
      0.461,
      0.43,
      0.455,
      0.502,
      0.556,
      1.0,
      0.601,
      0.337,
      0.512,
      0.43,
      0.301,
      0.366,
      0.496,
      0.515,
      0.393,
      0.386,
      0.265,
      0.29,
      0.473,
      0.281,
      0.411,
      0.304,
      0.405,
      0.442,
      0.522,
      0.522,
      0.537,
      0.495,
      0.416,
      0.488
    ],
    [
      0.46,
      0.353,
      0.432,
      0.331,
      0.258,
      0.325,
      0.424,
      0.507,
      0.416,
      0.535,
      0.459,
      0.368,
      0.471,
      0.459,
      0.467,
      0.465,
      0.488,
      0.521,
      0.601,
      1.0,
      0.462,
      0.53,
      0.464,
      0.316,
      0.396,
      0.421,
      0.509,
      0.403,
      0.386,
      0.332,
      0.36,
      0.468,
      0.486,
      0.266,
      0.347,
      0.379,
      0.32,
      0.456,
      0.503,
      0.468,
      0.443,
      0.369,
      0.456
    ],
    [
      0.455,
      0.397,
      0.392,
      0.402,
      0.197,
      0.412,
      0.374,
      0.6,
      0.402,
      0.565,
      0.479,
      0.37,
      0.429,
      0.365,
      0.361,
      0.335,
      0.415,
      0.489,
      0.337,
      0.462,
      1.0,
      0.502,
      0.407,
      0.225,
      0.248,
      0.373,
      0.463,
      0.345,
      0.374,
      0.322,
      0.342,
      0.377,
      0.565,
      0.369,
      0.393,
      0.395,
      0.247,
      0.388,
      0.362,
      0.376,
      0.44,
      0.323,
      0.375
    ],
    [
      0.682,
      0.45,
      0.558,
      0.609,
      0.294,
      0.416,
      0.502,
      0.504,
      0.666,
      0.726,
      0.432,
      0.617,
      0.672,
      0.655,
      0.566,
      0.635,
      0.587,
      0.736,
      0.512,
      0.53,
      0.502,
      1.0,
      0.61,
      0.401,
      0.432,
      0.651,
      0.666,
      0.672,
      0.613,
      0.229,
      0.293,
      0.684,
      0.493,
      0.542,
      0.556,
      0.48,
      0.21,
      0.653,
      0.653,
      0.726,
      0.681,
      0.506,
      0.645
    ],
    [
      0.577,
      0.362,
      0.377,
      0.524,
      0.094,
      0.13,
      0.434,
      0.408,
      0.569,
      0.585,
      0.386,
      0.653,
      0.685,
      0.698,
      0.745,
      0.732,
      0.77,
      0.675,
      0.43,
      0.464,
      0.407,
      0.61,
      1.0,
      0.347,
      0.379,
      0.662,
      0.617,
      0.636,
      0.53,
      0.168,
      0.223,
      0.691,
      0.407,
      0.404,
      0.345,
      0.357,
      0.165,
      0.657,
      0.6,
      0.737,
      0.674,
      0.471,
      0.571
    ],
    [
      0.378,
      0.273,
      0.283,
      0.215,
      0.151,
      0.161,
      0.245,
      0.238,
      0.36,
      0.5,
      0.271,
      0.408,
      0.416,
      0.384,
      0.289,
      0.332,
      0.327,
      0.345,
      0.301,
      0.316,
      0.225,
      0.401,
      0.347,
      1.0,
      0.789,
      0.298,
      0.598,
      0.301,
      0.26,
      0.158,
      0.168,
      0.336,
      0.331,
      0.353,
      0.333,
      0.301,
      0.134,
      0.329,
      0.411,
      0.34,
      0.382,
      0.289,
      0.565
    ],
    [
      0.382,
      0.231,
      0.339,
      0.216,
      0.137,
      0.203,
      0.27,
      0.245,
      0.394,
      0.505,
      0.24,
      0.39,
      0.427,
      0.446,
      0.386,
      0.411,
      0.369,
      0.418,
      0.366,
      0.396,
      0.248,
      0.432,
      0.379,
      0.789,
      1.0,
      0.382,
      0.675,
      0.353,
      0.322,
      0.1,
      0.194,
      0.461,
      0.307,
      0.38,
      0.279,
      0.275,
      0.217,
      0.377,
      0.487,
      0.411,
      0.44,
      0.292,
      0.616
    ],
    [
      0.683,
      0.385,
      0.529,
      0.537,
      0.198,
      0.293,
      0.535,
      0.35,
      0.611,
      0.606,
      0.351,
      0.682,
      0.749,
      0.718,
      0.715,
      0.743,
      0.75,
      0.773,
      0.496,
      0.421,
      0.373,
      0.651,
      0.662,
      0.298,
      0.382,
      1.0,
      0.57,
      0.674,
      0.671,
      0.227,
      0.259,
      0.728,
      0.326,
      0.53,
      0.396,
      0.425,
      0.264,
      0.751,
      0.681,
      0.793,
      0.748,
      0.505,
      0.646
    ],
    [
      0.52,
      0.33,
      0.396,
      0.371,
      0.124,
      0.209,
      0.437,
      0.42,
      0.622,
      0.674,
      0.419,
      0.522,
      0.564,
      0.624,
      0.537,
      0.617,
      0.572,
      0.625,
      0.515,
      0.509,
      0.463,
      0.666,
      0.617,
      0.598,
      0.675,
      0.57,
      1.0,
      0.577,
      0.51,
      0.085,
      0.149,
      0.612,
      0.425,
      0.475,
      0.39,
      0.428,
      0.264,
      0.503,
      0.618,
      0.65,
      0.593,
      0.438,
      0.664
    ],
    [
      0.616,
      0.406,
      0.578,
      0.544,
      0.125,
      0.274,
      0.433,
      0.352,
      0.584,
      0.544,
      0.316,
      0.621,
      0.733,
      0.676,
      0.724,
      0.689,
      0.676,
      0.63,
      0.393,
      0.403,
      0.345,
      0.672,
      0.636,
      0.301,
      0.353,
      0.674,
      0.577,
      1.0,
      0.832,
      0.326,
      0.296,
      0.725,
      0.305,
      0.339,
      0.356,
      0.369,
      0.094,
      0.593,
      0.615,
      0.685,
      0.655,
      0.407,
      0.666
    ],
    [
      0.609,
      0.376,
      0.628,
      0.543,
      0.163,
      0.287,
      0.439,
      0.286,
      0.505,
      0.509,
      0.266,
      0.559,
      0.667,
      0.637,
      0.677,
      0.637,
      0.618,
      0.582,
      0.386,
      0.386,
      0.374,
      0.613,
      0.53,
      0.26,
      0.322,
      0.671,
      0.51,
      0.832,
      1.0,
      0.375,
      0.387,
      0.688,
      0.223,
      0.359,
      0.365,
      0.311,
      0.15,
      0.568,
      0.622,
      0.62,
      0.583,
      0.419,
      0.638
    ],
    [
      0.296,
      0.416,
      0.458,
      0.239,
      0.166,
      0.252,
      0.392,
      0.251,
      0.194,
      0.241,
      0.224,
      0.189,
      0.34,
      0.161,
      0.251,
      0.126,
      0.246,
      0.251,
      0.265,
      0.332,
      0.322,
      0.229,
      0.168,
      0.158,
      0.1,
      0.227,
      0.085,
      0.326,
      0.375,
      1.0,
      0.727,
      0.227,
      0.28,
      0.1,
      0.225,
      0.23,
      0.215,
      0.226,
      0.249,
      0.158,
      0.201,
      0.217,
      0.339
    ],
    [
      0.437,
      0.318,
      0.494,
      0.239,
      0.267,
      0.395,
      0.454,
      0.238,
      0.29,
      0.289,
      0.264,
      0.196,
      0.384,
      0.298,
      0.268,
      0.158,
      0.264,
      0.347,
      0.29,
      0.36,
      0.342,
      0.293,
      0.223,
      0.168,
      0.194,
      0.259,
      0.149,
      0.296,
      0.387,
      0.727,
      1.0,
      0.319,
      0.296,
      0.223,
      0.269,
      0.208,
      0.256,
      0.253,
      0.368,
      0.219,
      0.32,
      0.346,
      0.378
    ],
    [
      0.671,
      0.342,
      0.521,
      0.54,
      0.207,
      0.203,
      0.535,
      0.375,
      0.693,
      0.69,
      0.331,
      0.708,
      0.728,
      0.831,
      0.712,
      0.773,
      0.695,
      0.727,
      0.473,
      0.468,
      0.377,
      0.684,
      0.691,
      0.336,
      0.461,
      0.728,
      0.612,
      0.725,
      0.688,
      0.227,
      0.319,
      1.0,
      0.336,
      0.54,
      0.448,
      0.286,
      0.181,
      0.734,
      0.751,
      0.788,
      0.708,
      0.47,
      0.703
    ],
    [
      0.407,
      0.449,
      0.289,
      0.227,
      0.062,
      0.314,
      0.374,
      0.7,
      0.35,
      0.489,
      0.51,
      0.34,
      0.452,
      0.298,
      0.378,
      0.303,
      0.339,
      0.515,
      0.281,
      0.486,
      0.565,
      0.493,
      0.407,
      0.331,
      0.307,
      0.326,
      0.425,
      0.305,
      0.223,
      0.28,
      0.296,
      0.336,
      1.0,
      0.377,
      0.364,
      0.521,
      0.181,
      0.407,
      0.304,
      0.361,
      0.409,
      0.284,
      0.335
    ],
    [
      0.62,
      0.419,
      0.332,
      0.403,
      0.159,
      0.187,
      0.44,
      0.368,
      0.625,
      0.525,
      0.296,
      0.521,
      0.537,
      0.574,
      0.385,
      0.414,
      0.405,
      0.58,
      0.411,
      0.266,
      0.369,
      0.542,
      0.404,
      0.353,
      0.38,
      0.53,
      0.475,
      0.339,
      0.359,
      0.1,
      0.223,
      0.54,
      0.377,
      1.0,
      0.642,
      0.362,
      0.097,
      0.613,
      0.581,
      0.568,
      0.587,
      0.411,
      0.528
    ],
    [
      0.561,
      0.503,
      0.397,
      0.397,
      0.181,
      0.275,
      0.438,
      0.426,
      0.475,
      0.549,
      0.353,
      0.44,
      0.457,
      0.452,
      0.309,
      0.312,
      0.331,
      0.466,
      0.304,
      0.347,
      0.393,
      0.556,
      0.345,
      0.333,
      0.279,
      0.396,
      0.39,
      0.356,
      0.365,
      0.225,
      0.269,
      0.448,
      0.364,
      0.642,
      1.0,
      0.314,
      0.137,
      0.532,
      0.501,
      0.46,
      0.533,
      0.441,
      0.495
    ],
    [
      0.415,
      0.373,
      0.324,
      0.312,
      0.077,
      0.249,
      0.365,
      0.452,
      0.384,
      0.431,
      0.328,
      0.351,
      0.353,
      0.257,
      0.376,
      0.321,
      0.386,
      0.487,
      0.405,
      0.379,
      0.395,
      0.48,
      0.357,
      0.301,
      0.275,
      0.425,
      0.428,
      0.369,
      0.311,
      0.23,
      0.208,
      0.286,
      0.521,
      0.362,
      0.314,
      1.0,
      0.296,
      0.402,
      0.314,
      0.418,
      0.48,
      0.396,
      0.363
    ],
    [
      0.254,
      0.176,
      0.317,
      0.146,
      0.186,
      0.277,
      0.251,
      0.273,
      0.237,
      0.345,
      0.252,
      0.201,
      0.198,
      0.137,
      0.175,
      0.134,
      0.218,
      0.307,
      0.442,
      0.32,
      0.247,
      0.21,
      0.165,
      0.134,
      0.217,
      0.264,
      0.264,
      0.094,
      0.15,
      0.215,
      0.256,
      0.181,
      0.181,
      0.097,
      0.137,
      0.296,
      1.0,
      0.231,
      0.295,
      0.213,
      0.212,
      0.202,
      0.319
    ],
    [
      0.693,
      0.38,
      0.55,
      0.563,
      0.263,
      0.267,
      0.531,
      0.424,
      0.616,
      0.633,
      0.314,
      0.783,
      0.728,
      0.681,
      0.662,
      0.66,
      0.677,
      0.718,
      0.522,
      0.456,
      0.388,
      0.653,
      0.657,
      0.329,
      0.377,
      0.751,
      0.503,
      0.593,
      0.568,
      0.226,
      0.253,
      0.734,
      0.407,
      0.613,
      0.532,
      0.402,
      0.231,
      1.0,
      0.678,
      0.709,
      0.707,
      0.518,
      0.651
    ],
    [
      0.734,
      0.425,
      0.583,
      0.439,
      0.24,
      0.285,
      0.605,
      0.342,
      0.67,
      0.665,
      0.358,
      0.679,
      0.647,
      0.783,
      0.591,
      0.648,
      0.61,
      0.688,
      0.522,
      0.503,
      0.362,
      0.653,
      0.6,
      0.411,
      0.487,
      0.681,
      0.618,
      0.615,
      0.622,
      0.249,
      0.368,
      0.751,
      0.304,
      0.581,
      0.501,
      0.314,
      0.295,
      0.678,
      1.0,
      0.734,
      0.693,
      0.618,
      0.729
    ],
    [
      0.636,
      0.419,
      0.452,
      0.532,
      0.156,
      0.196,
      0.51,
      0.413,
      0.755,
      0.675,
      0.439,
      0.701,
      0.687,
      0.825,
      0.721,
      0.798,
      0.745,
      0.792,
      0.537,
      0.468,
      0.376,
      0.726,
      0.737,
      0.34,
      0.411,
      0.793,
      0.65,
      0.685,
      0.62,
      0.158,
      0.219,
      0.788,
      0.361,
      0.568,
      0.46,
      0.418,
      0.213,
      0.709,
      0.734,
      1.0,
      0.819,
      0.582,
      0.645
    ],
    [
      0.736,
      0.452,
      0.518,
      0.506,
      0.243,
      0.367,
      0.542,
      0.449,
      0.654,
      0.656,
      0.5,
      0.734,
      0.742,
      0.72,
      0.712,
      0.685,
      0.712,
      0.808,
      0.495,
      0.443,
      0.44,
      0.681,
      0.674,
      0.382,
      0.44,
      0.748,
      0.593,
      0.655,
      0.583,
      0.201,
      0.32,
      0.708,
      0.409,
      0.587,
      0.533,
      0.48,
      0.212,
      0.707,
      0.693,
      0.819,
      1.0,
      0.586,
      0.615
    ],
    [
      0.647,
      0.402,
      0.505,
      0.417,
      0.306,
      0.407,
      0.432,
      0.401,
      0.585,
      0.534,
      0.358,
      0.46,
      0.466,
      0.56,
      0.384,
      0.432,
      0.453,
      0.563,
      0.416,
      0.369,
      0.323,
      0.506,
      0.471,
      0.289,
      0.292,
      0.505,
      0.438,
      0.407,
      0.419,
      0.217,
      0.346,
      0.47,
      0.284,
      0.411,
      0.441,
      0.396,
      0.202,
      0.518,
      0.618,
      0.582,
      0.586,
      1.0,
      0.511
    ],
    [
      0.635,
      0.442,
      0.571,
      0.474,
      0.239,
      0.224,
      0.473,
      0.337,
      0.627,
      0.662,
      0.315,
      0.643,
      0.659,
      0.742,
      0.507,
      0.611,
      0.593,
      0.651,
      0.488,
      0.456,
      0.375,
      0.645,
      0.571,
      0.565,
      0.616,
      0.646,
      0.664,
      0.666,
      0.638,
      0.339,
      0.378,
      0.703,
      0.335,
      0.528,
      0.495,
      0.363,
      0.319,
      0.651,
      0.729,
      0.645,
      0.615,
      0.511,
      1.0
    ]
  ]
}