{
  "feeds": [
    "Brazil | Folha de São Paulo",
    "Brazil | O Globo (via Google News)",
    "China | CGTN Politics",
    "China | CGTN World",
    "China | Global Times",
    "China | People's Daily CN",
    "China | Xinhua English",
    "India | Dainik Bhaskar",
    "India | NDTV World",
    "India | The Hindu Intl",
    "India | Times of India",
    "Iran (Opposition / Diaspora) | Iran International EN",
    "Iran (Opposition / Diaspora) | Iran International FA",
    "Iran (Opposition / Diaspora) | RFE/RL (was Radio Farda)",
    "Iran (State) | IRNA English",
    "Iran (State) | Tehran Times",
    "Israel | Haaretz",
    "Israel | Jerusalem Post",
    "Israel | Times of Israel",
    "Israel | Ynet Hebrew",
    "Japan | Japan Times",
    "Japan | NHK Japanese",
    "Nigeria | The Punch",
    "Nigeria | Vanguard",
    "Qatar | Al Jazeera Arabic",
    "Qatar | Al Jazeera English",
    "Russia | Meduza",
    "Russia | Moscow Times",
    "Russia | RT",
    "Russia | TASS English",
    "Saudi Arabia | Al Arabiya English (via Google News)",
    "Saudi Arabia | Arab News (via Google News)",
    "South Korea | Korea Herald (via Google News)",
    "South Korea | Yonhap News",
    "Turkey | Daily Sabah",
    "Turkey | Hurriyet",
    "United Kingdom | BBC World",
    "United Kingdom | The Guardian World",
    "United Kingdom | The Telegraph",
    "United States | CNN World",
    "United States | Fox News World",
    "United States | NPR World",
    "Wire Services (Factual Baseline) | AFP / France 24 EN",
    "Wire Services (Factual Baseline) | AFP / France 24 FR",
    "Wire Services (Factual Baseline) | AP News",
    "Wire Services (Factual Baseline) | Reuters (via Google News)"
  ],
  "matrix": [
    [
      1.0,
      0.452,
      0.423,
      0.341,
      0.29,
      0.337,
      0.543,
      0.273,
      0.569,
      0.573,
      0.311,
      0.505,
      0.604,
      0.69,
      0.466,
      0.473,
      0.388,
      0.663,
      0.539,
      0.65,
      0.51,
      0.444,
      0.275,
      0.488,
      0.509,
      0.53,
      0.425,
      0.503,
      0.619,
      0.472,
      0.491,
      0.508,
      0.35,
      0.269,
      0.438,
      0.301,
      0.668,
      0.488,
      0.446,
      0.258,
      0.621,
      0.53,
      0.549,
      0.649,
      0.6,
      0.309
    ],
    [
      0.452,
      1.0,
      0.378,
      0.481,
      0.262,
      0.395,
      0.376,
      0.306,
      0.419,
      0.354,
      0.381,
      0.27,
      0.397,
      0.301,
      0.343,
      0.311,
      0.176,
      0.33,
      0.285,
      0.508,
      0.451,
      0.402,
      0.383,
      0.444,
      0.484,
      0.416,
      0.237,
      0.376,
      0.411,
      0.35,
      0.451,
      0.482,
      0.41,
      0.415,
      0.228,
      0.313,
      0.455,
      0.574,
      0.27,
      0.236,
      0.286,
      0.471,
      0.331,
      0.503,
      0.337,
      0.348
    ],
    [
      0.423,
      0.378,
      1.0,
      0.751,
      0.501,
      0.505,
      0.524,
      0.331,
      0.521,
      0.465,
      0.381,
      0.503,
      0.598,
      0.537,
      0.646,
      0.614,
      0.397,
      0.386,
      0.371,
      0.468,
      0.478,
      0.455,
      0.326,
      0.324,
      0.534,
      0.493,
      0.343,
      0.44,
      0.525,
      0.449,
      0.604,
      0.651,
      0.466,
      0.516,
      0.405,
      0.248,
      0.485,
      0.411,
      0.206,
      0.069,
      0.513,
      0.468,
      0.439,
      0.423,
      0.378,
      0.35
    ],
    [
      0.341,
      0.481,
      0.751,
      1.0,
      0.538,
      0.522,
      0.471,
      0.228,
      0.584,
      0.544,
      0.311,
      0.514,
      0.581,
      0.498,
      0.517,
      0.585,
      0.425,
      0.456,
      0.402,
      0.468,
      0.477,
      0.487,
      0.276,
      0.342,
      0.62,
      0.524,
      0.273,
      0.398,
      0.534,
      0.403,
      0.569,
      0.622,
      0.405,
      0.408,
      0.38,
      0.148,
      0.428,
      0.45,
      0.242,
      0.165,
      0.455,
      0.491,
      0.355,
      0.4,
      0.303,
      0.443
    ],
    [
      0.29,
      0.262,
      0.501,
      0.538,
      1.0,
      0.555,
      0.306,
      0.191,
      0.332,
      0.342,
      0.273,
      0.31,
      0.26,
      0.362,
      0.32,
      0.349,
      0.134,
      0.33,
      0.134,
      0.268,
      0.32,
      0.277,
      0.274,
      0.154,
      0.29,
      0.358,
      0.131,
      0.212,
      0.298,
      0.219,
      0.187,
      0.317,
      0.341,
      0.258,
      0.054,
      0.017,
      0.315,
      0.244,
      0.091,
      0.187,
      0.287,
      0.293,
      0.138,
      0.23,
      0.327,
      0.311
    ],
    [
      0.337,
      0.395,
      0.505,
      0.522,
      0.555,
      1.0,
      0.338,
      0.394,
      0.334,
      0.441,
      0.44,
      0.307,
      0.304,
      0.269,
      0.345,
      0.474,
      0.153,
      0.282,
      0.241,
      0.399,
      0.398,
      0.448,
      0.356,
      0.241,
      0.423,
      0.399,
      0.266,
      0.294,
      0.31,
      0.328,
      0.289,
      0.309,
      0.318,
      0.376,
      0.13,
      0.203,
      0.323,
      0.363,
      0.249,
      0.277,
      0.184,
      0.297,
      0.295,
      0.384,
      0.381,
      0.305
    ],
    [
      0.543,
      0.376,
      0.524,
      0.471,
      0.306,
      0.338,
      1.0,
      0.253,
      0.521,
      0.474,
      0.265,
      0.436,
      0.498,
      0.525,
      0.425,
      0.436,
      0.413,
      0.575,
      0.489,
      0.466,
      0.519,
      0.38,
      0.36,
      0.377,
      0.508,
      0.422,
      0.308,
      0.455,
      0.579,
      0.443,
      0.409,
      0.467,
      0.462,
      0.426,
      0.494,
      0.306,
      0.502,
      0.445,
      0.365,
      0.251,
      0.533,
      0.6,
      0.442,
      0.502,
      0.382,
      0.355
    ],
    [
      0.273,
      0.306,
      0.331,
      0.228,
      0.191,
      0.394,
      0.253,
      1.0,
      0.278,
      0.333,
      0.657,
      0.196,
      0.293,
      0.18,
      0.292,
      0.296,
      0.243,
      0.249,
      0.19,
      0.522,
      0.384,
      0.435,
      0.424,
      0.225,
      0.355,
      0.377,
      0.237,
      0.248,
      0.228,
      0.238,
      0.232,
      0.215,
      0.266,
      0.356,
      0.122,
      0.596,
      0.299,
      0.417,
      0.4,
      0.162,
      0.282,
      0.171,
      0.273,
      0.302,
      0.309,
      0.232
    ],
    [
      0.569,
      0.419,
      0.521,
      0.584,
      0.332,
      0.334,
      0.521,
      0.278,
      1.0,
      0.658,
      0.344,
      0.637,
      0.689,
      0.564,
      0.515,
      0.637,
      0.615,
      0.694,
      0.571,
      0.574,
      0.648,
      0.517,
      0.361,
      0.488,
      0.69,
      0.665,
      0.517,
      0.585,
      0.726,
      0.657,
      0.674,
      0.656,
      0.392,
      0.296,
      0.567,
      0.318,
      0.589,
      0.529,
      0.41,
      0.218,
      0.655,
      0.581,
      0.537,
      0.64,
      0.331,
      0.42
    ],
    [
      0.573,
      0.354,
      0.465,
      0.544,
      0.342,
      0.441,
      0.474,
      0.333,
      0.658,
      1.0,
      0.353,
      0.709,
      0.699,
      0.519,
      0.487,
      0.644,
      0.523,
      0.674,
      0.545,
      0.617,
      0.566,
      0.599,
      0.289,
      0.421,
      0.686,
      0.643,
      0.354,
      0.484,
      0.614,
      0.47,
      0.539,
      0.517,
      0.352,
      0.306,
      0.419,
      0.308,
      0.482,
      0.549,
      0.348,
      0.343,
      0.565,
      0.484,
      0.475,
      0.543,
      0.521,
      0.409
    ],
    [
      0.311,
      0.381,
      0.381,
      0.311,
      0.273,
      0.44,
      0.265,
      0.657,
      0.344,
      0.353,
      1.0,
      0.225,
      0.321,
      0.204,
      0.378,
      0.348,
      0.241,
      0.282,
      0.194,
      0.439,
      0.456,
      0.344,
      0.272,
      0.239,
      0.376,
      0.351,
      0.218,
      0.272,
      0.269,
      0.262,
      0.268,
      0.235,
      0.253,
      0.363,
      0.131,
      0.357,
      0.366,
      0.424,
      0.212,
      0.191,
      0.288,
      0.259,
      0.269,
      0.327,
      0.293,
      0.293
    ],
    [
      0.505,
      0.27,
      0.503,
      0.514,
      0.31,
      0.307,
      0.436,
      0.196,
      0.637,
      0.709,
      0.225,
      1.0,
      0.757,
      0.592,
      0.617,
      0.743,
      0.504,
      0.586,
      0.485,
      0.45,
      0.531,
      0.628,
      0.18,
      0.316,
      0.662,
      0.729,
      0.439,
      0.515,
      0.629,
      0.529,
      0.595,
      0.534,
      0.311,
      0.25,
      0.345,
      0.241,
      0.391,
      0.43,
      0.319,
      0.381,
      0.637,
      0.432,
      0.441,
      0.501,
      0.406,
      0.322
    ],
    [
      0.604,
      0.397,
      0.598,
      0.581,
      0.26,
      0.304,
      0.498,
      0.293,
      0.689,
      0.699,
      0.321,
      0.757,
      1.0,
      0.647,
      0.644,
      0.723,
      0.561,
      0.65,
      0.531,
      0.622,
      0.541,
      0.633,
      0.321,
      0.443,
      0.725,
      0.644,
      0.498,
      0.594,
      0.709,
      0.587,
      0.674,
      0.66,
      0.37,
      0.35,
      0.472,
      0.354,
      0.509,
      0.536,
      0.317,
      0.21,
      0.648,
      0.501,
      0.497,
      0.565,
      0.457,
      0.425
    ],
    [
      0.69,
      0.301,
      0.537,
      0.498,
      0.362,
      0.269,
      0.525,
      0.18,
      0.564,
      0.519,
      0.204,
      0.592,
      0.647,
      1.0,
      0.562,
      0.563,
      0.346,
      0.692,
      0.41,
      0.499,
      0.488,
      0.538,
      0.169,
      0.366,
      0.459,
      0.507,
      0.574,
      0.593,
      0.691,
      0.61,
      0.518,
      0.56,
      0.348,
      0.263,
      0.337,
      0.175,
      0.58,
      0.43,
      0.326,
      0.203,
      0.734,
      0.44,
      0.402,
      0.475,
      0.58,
      0.32
    ],
    [
      0.466,
      0.343,
      0.646,
      0.517,
      0.32,
      0.345,
      0.425,
      0.292,
      0.515,
      0.487,
      0.378,
      0.617,
      0.644,
      0.562,
      1.0,
      0.7,
      0.455,
      0.468,
      0.385,
      0.35,
      0.437,
      0.515,
      0.25,
      0.31,
      0.494,
      0.531,
      0.405,
      0.498,
      0.533,
      0.506,
      0.578,
      0.55,
      0.302,
      0.372,
      0.373,
      0.27,
      0.33,
      0.472,
      0.214,
      0.099,
      0.574,
      0.422,
      0.403,
      0.429,
      0.313,
      0.213
    ],
    [
      0.473,
      0.311,
      0.614,
      0.585,
      0.349,
      0.474,
      0.436,
      0.296,
      0.637,
      0.644,
      0.348,
      0.743,
      0.723,
      0.563,
      0.7,
      1.0,
      0.554,
      0.496,
      0.502,
      0.446,
      0.504,
      0.567,
      0.28,
      0.366,
      0.618,
      0.676,
      0.463,
      0.519,
      0.608,
      0.543,
      0.62,
      0.588,
      0.377,
      0.432,
      0.417,
      0.249,
      0.399,
      0.418,
      0.253,
      0.235,
      0.567,
      0.392,
      0.474,
      0.492,
      0.337,
      0.315
    ],
    [
      0.388,
      0.176,
      0.397,
      0.425,
      0.134,
      0.153,
      0.413,
      0.243,
      0.615,
      0.523,
      0.241,
      0.504,
      0.561,
      0.346,
      0.455,
      0.554,
      1.0,
      0.603,
      0.753,
      0.515,
      0.48,
      0.409,
      0.282,
      0.261,
      0.688,
      0.502,
      0.332,
      0.401,
      0.628,
      0.463,
      0.541,
      0.53,
      0.32,
      0.2,
      0.688,
      0.318,
      0.334,
      0.38,
      0.376,
      0.186,
      0.584,
      0.453,
      0.464,
      0.463,
      0.163,
      0.301
    ],
    [
      0.663,
      0.33,
      0.386,
      0.456,
      0.33,
      0.282,
      0.575,
      0.249,
      0.694,
      0.674,
      0.282,
      0.586,
      0.65,
      0.692,
      0.468,
      0.496,
      0.603,
      1.0,
      0.57,
      0.606,
      0.579,
      0.543,
      0.338,
      0.471,
      0.62,
      0.539,
      0.466,
      0.515,
      0.737,
      0.603,
      0.479,
      0.544,
      0.343,
      0.205,
      0.471,
      0.288,
      0.602,
      0.56,
      0.454,
      0.221,
      0.711,
      0.501,
      0.42,
      0.529,
      0.509,
      0.407
    ],
    [
      0.539,
      0.285,
      0.371,
      0.402,
      0.134,
      0.241,
      0.489,
      0.19,
      0.571,
      0.545,
      0.194,
      0.485,
      0.531,
      0.41,
      0.385,
      0.502,
      0.753,
      0.57,
      1.0,
      0.529,
      0.477,
      0.395,
      0.268,
      0.315,
      0.601,
      0.529,
      0.332,
      0.436,
      0.599,
      0.397,
      0.513,
      0.523,
      0.349,
      0.193,
      0.719,
      0.283,
      0.386,
      0.34,
      0.471,
      0.318,
      0.552,
      0.585,
      0.598,
      0.603,
      0.304,
      0.384
    ],
    [
      0.65,
      0.508,
      0.468,
      0.468,
      0.268,
      0.399,
      0.466,
      0.522,
      0.574,
      0.617,
      0.439,
      0.45,
      0.622,
      0.499,
      0.35,
      0.446,
      0.515,
      0.606,
      0.529,
      1.0,
      0.59,
      0.561,
      0.353,
      0.38,
      0.683,
      0.542,
      0.298,
      0.429,
      0.56,
      0.426,
      0.51,
      0.508,
      0.362,
      0.345,
      0.435,
      0.535,
      0.656,
      0.604,
      0.481,
      0.2,
      0.539,
      0.507,
      0.48,
      0.599,
      0.565,
      0.378
    ],
    [
      0.51,
      0.451,
      0.478,
      0.477,
      0.32,
      0.398,
      0.519,
      0.384,
      0.648,
      0.566,
      0.456,
      0.531,
      0.541,
      0.488,
      0.437,
      0.504,
      0.48,
      0.579,
      0.477,
      0.59,
      1.0,
      0.6,
      0.454,
      0.404,
      0.635,
      0.532,
      0.321,
      0.443,
      0.589,
      0.519,
      0.492,
      0.485,
      0.505,
      0.404,
      0.291,
      0.278,
      0.562,
      0.479,
      0.404,
      0.356,
      0.548,
      0.5,
      0.346,
      0.537,
      0.362,
      0.466
    ],
    [
      0.444,
      0.402,
      0.455,
      0.487,
      0.277,
      0.448,
      0.38,
      0.435,
      0.517,
      0.599,
      0.344,
      0.628,
      0.633,
      0.538,
      0.515,
      0.567,
      0.409,
      0.543,
      0.395,
      0.561,
      0.6,
      1.0,
      0.332,
      0.306,
      0.586,
      0.522,
      0.435,
      0.522,
      0.526,
      0.55,
      0.472,
      0.47,
      0.437,
      0.438,
      0.196,
      0.375,
      0.449,
      0.499,
      0.405,
      0.327,
      0.479,
      0.311,
      0.299,
      0.458,
      0.46,
      0.355
    ],
    [
      0.275,
      0.383,
      0.326,
      0.276,
      0.274,
      0.356,
      0.36,
      0.424,
      0.361,
      0.289,
      0.272,
      0.18,
      0.321,
      0.169,
      0.25,
      0.28,
      0.282,
      0.338,
      0.268,
      0.353,
      0.454,
      0.332,
      1.0,
      0.566,
      0.373,
      0.377,
      0.26,
      0.301,
      0.347,
      0.353,
      0.293,
      0.272,
      0.35,
      0.28,
      0.26,
      0.401,
      0.317,
      0.487,
      0.274,
      0.15,
      0.311,
      0.351,
      0.355,
      0.379,
      0.225,
      0.359
    ],
    [
      0.488,
      0.444,
      0.324,
      0.342,
      0.154,
      0.241,
      0.377,
      0.225,
      0.488,
      0.421,
      0.239,
      0.316,
      0.443,
      0.366,
      0.31,
      0.366,
      0.261,
      0.471,
      0.315,
      0.38,
      0.404,
      0.306,
      0.566,
      1.0,
      0.419,
      0.421,
      0.357,
      0.347,
      0.336,
      0.447,
      0.328,
      0.361,
      0.268,
      0.205,
      0.321,
      0.222,
      0.498,
      0.566,
      0.336,
      0.224,
      0.454,
      0.475,
      0.438,
      0.49,
      0.348,
      0.369
    ],
    [
      0.509,
      0.484,
      0.534,
      0.62,
      0.29,
      0.423,
      0.508,
      0.355,
      0.69,
      0.686,
      0.376,
      0.662,
      0.725,
      0.459,
      0.494,
      0.618,
      0.688,
      0.62,
      0.601,
      0.683,
      0.635,
      0.586,
      0.373,
      0.419,
      1.0,
      0.694,
      0.394,
      0.524,
      0.665,
      0.561,
      0.613,
      0.587,
      0.369,
      0.307,
      0.537,
      0.351,
      0.465,
      0.592,
      0.4,
      0.298,
      0.593,
      0.579,
      0.513,
      0.621,
      0.342,
      0.377
    ],
    [
      0.53,
      0.416,
      0.493,
      0.524,
      0.358,
      0.399,
      0.422,
      0.377,
      0.665,
      0.643,
      0.351,
      0.729,
      0.644,
      0.507,
      0.531,
      0.676,
      0.502,
      0.539,
      0.529,
      0.542,
      0.532,
      0.522,
      0.377,
      0.421,
      0.694,
      1.0,
      0.514,
      0.592,
      0.651,
      0.596,
      0.581,
      0.521,
      0.408,
      0.31,
      0.426,
      0.365,
      0.426,
      0.532,
      0.46,
      0.309,
      0.644,
      0.511,
      0.636,
      0.668,
      0.358,
      0.372
    ],
    [
      0.425,
      0.237,
      0.343,
      0.273,
      0.131,
      0.266,
      0.308,
      0.237,
      0.517,
      0.354,
      0.218,
      0.439,
      0.498,
      0.574,
      0.405,
      0.463,
      0.332,
      0.466,
      0.332,
      0.298,
      0.321,
      0.435,
      0.26,
      0.357,
      0.394,
      0.514,
      1.0,
      0.776,
      0.498,
      0.716,
      0.4,
      0.372,
      0.225,
      0.214,
      0.292,
      0.364,
      0.358,
      0.397,
      0.3,
      0.219,
      0.489,
      0.339,
      0.416,
      0.436,
      0.299,
      0.184
    ],
    [
      0.503,
      0.376,
      0.44,
      0.398,
      0.212,
      0.294,
      0.455,
      0.248,
      0.585,
      0.484,
      0.272,
      0.515,
      0.594,
      0.593,
      0.498,
      0.519,
      0.401,
      0.515,
      0.436,
      0.429,
      0.443,
      0.522,
      0.301,
      0.347,
      0.524,
      0.592,
      0.776,
      1.0,
      0.613,
      0.773,
      0.532,
      0.467,
      0.338,
      0.325,
      0.382,
      0.432,
      0.41,
      0.537,
      0.241,
      0.108,
      0.554,
      0.484,
      0.472,
      0.5,
      0.285,
      0.261
    ],
    [
      0.619,
      0.411,
      0.525,
      0.534,
      0.298,
      0.31,
      0.579,
      0.228,
      0.726,
      0.614,
      0.269,
      0.629,
      0.709,
      0.691,
      0.533,
      0.608,
      0.628,
      0.737,
      0.599,
      0.56,
      0.589,
      0.526,
      0.347,
      0.336,
      0.665,
      0.651,
      0.498,
      0.613,
      1.0,
      0.672,
      0.693,
      0.675,
      0.427,
      0.265,
      0.516,
      0.295,
      0.555,
      0.516,
      0.382,
      0.213,
      0.706,
      0.542,
      0.494,
      0.584,
      0.398,
      0.396
    ],
    [
      0.472,
      0.35,
      0.449,
      0.403,
      0.219,
      0.328,
      0.443,
      0.238,
      0.657,
      0.47,
      0.262,
      0.529,
      0.587,
      0.61,
      0.506,
      0.543,
      0.463,
      0.603,
      0.397,
      0.426,
      0.519,
      0.55,
      0.353,
      0.447,
      0.561,
      0.596,
      0.716,
      0.773,
      0.672,
      1.0,
      0.535,
      0.529,
      0.367,
      0.318,
      0.369,
      0.37,
      0.454,
      0.58,
      0.335,
      0.151,
      0.648,
      0.438,
      0.462,
      0.519,
      0.286,
      0.341
    ],
    [
      0.491,
      0.451,
      0.604,
      0.569,
      0.187,
      0.289,
      0.409,
      0.232,
      0.674,
      0.539,
      0.268,
      0.595,
      0.674,
      0.518,
      0.578,
      0.62,
      0.541,
      0.479,
      0.513,
      0.51,
      0.492,
      0.472,
      0.293,
      0.328,
      0.613,
      0.581,
      0.4,
      0.532,
      0.693,
      0.535,
      1.0,
      0.825,
      0.478,
      0.425,
      0.493,
      0.301,
      0.457,
      0.421,
      0.322,
      0.117,
      0.498,
      0.471,
      0.435,
      0.535,
      0.278,
      0.356
    ],
    [
      0.508,
      0.482,
      0.651,
      0.622,
      0.317,
      0.309,
      0.467,
      0.215,
      0.656,
      0.517,
      0.235,
      0.534,
      0.66,
      0.56,
      0.55,
      0.588,
      0.53,
      0.544,
      0.523,
      0.508,
      0.485,
      0.47,
      0.272,
      0.361,
      0.587,
      0.521,
      0.372,
      0.467,
      0.675,
      0.529,
      0.825,
      1.0,
      0.561,
      0.502,
      0.452,
      0.23,
      0.497,
      0.39,
      0.381,
      0.192,
      0.519,
      0.515,
      0.387,
      0.502,
      0.31,
      0.455
    ],
    [
      0.35,
      0.41,
      0.466,
      0.405,
      0.341,
      0.318,
      0.462,
      0.266,
      0.392,
      0.352,
      0.253,
      0.311,
      0.37,
      0.348,
      0.302,
      0.377,
      0.32,
      0.343,
      0.349,
      0.362,
      0.505,
      0.437,
      0.35,
      0.268,
      0.369,
      0.408,
      0.225,
      0.338,
      0.427,
      0.367,
      0.478,
      0.561,
      1.0,
      0.713,
      0.164,
      0.154,
      0.361,
      0.307,
      0.357,
      0.28,
      0.361,
      0.374,
      0.212,
      0.333,
      0.205,
      0.487
    ],
    [
      0.269,
      0.415,
      0.516,
      0.408,
      0.258,
      0.376,
      0.426,
      0.356,
      0.296,
      0.306,
      0.363,
      0.25,
      0.35,
      0.263,
      0.372,
      0.432,
      0.2,
      0.205,
      0.193,
      0.345,
      0.404,
      0.438,
      0.28,
      0.205,
      0.307,
      0.31,
      0.214,
      0.325,
      0.265,
      0.318,
      0.425,
      0.502,
      0.713,
      1.0,
      0.137,
      0.299,
      0.285,
      0.311,
      0.204,
      0.181,
      0.24,
      0.213,
      0.224,
      0.249,
      0.146,
      0.307
    ],
    [
      0.438,
      0.228,
      0.405,
      0.38,
      0.054,
      0.13,
      0.494,
      0.122,
      0.567,
      0.419,
      0.131,
      0.345,
      0.472,
      0.337,
      0.373,
      0.417,
      0.688,
      0.471,
      0.719,
      0.435,
      0.291,
      0.196,
      0.26,
      0.321,
      0.537,
      0.426,
      0.292,
      0.382,
      0.516,
      0.369,
      0.493,
      0.452,
      0.164,
      0.137,
      1.0,
      0.234,
      0.323,
      0.363,
      0.381,
      0.126,
      0.518,
      0.532,
      0.629,
      0.571,
      0.227,
      0.261
    ],
    [
      0.301,
      0.313,
      0.248,
      0.148,
      0.017,
      0.203,
      0.306,
      0.596,
      0.318,
      0.308,
      0.357,
      0.241,
      0.354,
      0.175,
      0.27,
      0.249,
      0.318,
      0.288,
      0.283,
      0.535,
      0.278,
      0.375,
      0.401,
      0.222,
      0.351,
      0.365,
      0.364,
      0.432,
      0.295,
      0.37,
      0.301,
      0.23,
      0.154,
      0.299,
      0.234,
      1.0,
      0.298,
      0.455,
      0.365,
      0.094,
      0.324,
      0.286,
      0.324,
      0.297,
      0.245,
      0.166
    ],
    [
      0.668,
      0.455,
      0.485,
      0.428,
      0.315,
      0.323,
      0.502,
      0.299,
      0.589,
      0.482,
      0.366,
      0.391,
      0.509,
      0.58,
      0.33,
      0.399,
      0.334,
      0.602,
      0.386,
      0.656,
      0.562,
      0.449,
      0.317,
      0.498,
      0.465,
      0.426,
      0.358,
      0.41,
      0.555,
      0.454,
      0.457,
      0.497,
      0.361,
      0.285,
      0.323,
      0.298,
      1.0,
      0.486,
      0.376,
      0.188,
      0.575,
      0.523,
      0.413,
      0.531,
      0.529,
      0.292
    ],
    [
      0.488,
      0.574,
      0.411,
      0.45,
      0.244,
      0.363,
      0.445,
      0.417,
      0.529,
      0.549,
      0.424,
      0.43,
      0.536,
      0.43,
      0.472,
      0.418,
      0.38,
      0.56,
      0.34,
      0.604,
      0.479,
      0.499,
      0.487,
      0.566,
      0.592,
      0.532,
      0.397,
      0.537,
      0.516,
      0.58,
      0.421,
      0.39,
      0.307,
      0.311,
      0.363,
      0.455,
      0.486,
      1.0,
      0.358,
      0.187,
      0.571,
      0.483,
      0.528,
      0.585,
      0.435,
      0.323
    ],
    [
      0.446,
      0.27,
      0.206,
      0.242,
      0.091,
      0.249,
      0.365,
      0.4,
      0.41,
      0.348,
      0.212,
      0.319,
      0.317,
      0.326,
      0.214,
      0.253,
      0.376,
      0.454,
      0.471,
      0.481,
      0.404,
      0.405,
      0.274,
      0.336,
      0.4,
      0.46,
      0.3,
      0.241,
      0.382,
      0.335,
      0.322,
      0.381,
      0.357,
      0.204,
      0.381,
      0.365,
      0.376,
      0.358,
      1.0,
      0.296,
      0.441,
      0.37,
      0.402,
      0.526,
      0.324,
      0.342
    ],
    [
      0.258,
      0.236,
      0.069,
      0.165,
      0.187,
      0.277,
      0.251,
      0.162,
      0.218,
      0.343,
      0.191,
      0.381,
      0.21,
      0.203,
      0.099,
      0.235,
      0.186,
      0.221,
      0.318,
      0.2,
      0.356,
      0.327,
      0.15,
      0.224,
      0.298,
      0.309,
      0.219,
      0.108,
      0.213,
      0.151,
      0.117,
      0.192,
      0.28,
      0.181,
      0.126,
      0.094,
      0.188,
      0.187,
      0.296,
      1.0,
      0.196,
      0.263,
      0.158,
      0.259,
      0.325,
      0.389
    ],
    [
      0.621,
      0.286,
      0.513,
      0.455,
      0.287,
      0.184,
      0.533,
      0.282,
      0.655,
      0.565,
      0.288,
      0.637,
      0.648,
      0.734,
      0.574,
      0.567,
      0.584,
      0.711,
      0.552,
      0.539,
      0.548,
      0.479,
      0.311,
      0.454,
      0.593,
      0.644,
      0.489,
      0.554,
      0.706,
      0.648,
      0.498,
      0.519,
      0.361,
      0.24,
      0.518,
      0.324,
      0.575,
      0.571,
      0.441,
      0.196,
      1.0,
      0.536,
      0.541,
      0.555,
      0.397,
      0.294
    ],
    [
      0.53,
      0.471,
      0.468,
      0.491,
      0.293,
      0.297,
      0.6,
      0.171,
      0.581,
      0.484,
      0.259,
      0.432,
      0.501,
      0.44,
      0.422,
      0.392,
      0.453,
      0.501,
      0.585,
      0.507,
      0.5,
      0.311,
      0.351,
      0.475,
      0.579,
      0.511,
      0.339,
      0.484,
      0.542,
      0.438,
      0.471,
      0.515,
      0.374,
      0.213,
      0.532,
      0.286,
      0.523,
      0.483,
      0.37,
      0.263,
      0.536,
      1.0,
      0.489,
      0.579,
      0.287,
      0.375
    ],
    [
      0.549,
      0.331,
      0.439,
      0.355,
      0.138,
      0.295,
      0.442,
      0.273,
      0.537,
      0.475,
      0.269,
      0.441,
      0.497,
      0.402,
      0.403,
      0.474,
      0.464,
      0.42,
      0.598,
      0.48,
      0.346,
      0.299,
      0.355,
      0.438,
      0.513,
      0.636,
      0.416,
      0.472,
      0.494,
      0.462,
      0.435,
      0.387,
      0.212,
      0.224,
      0.629,
      0.324,
      0.413,
      0.528,
      0.402,
      0.158,
      0.541,
      0.489,
      1.0,
      0.807,
      0.372,
      0.302
    ],
    [
      0.649,
      0.503,
      0.423,
      0.4,
      0.23,
      0.384,
      0.502,
      0.302,
      0.64,
      0.543,
      0.327,
      0.501,
      0.565,
      0.475,
      0.429,
      0.492,
      0.463,
      0.529,
      0.603,
      0.599,
      0.537,
      0.458,
      0.379,
      0.49,
      0.621,
      0.668,
      0.436,
      0.5,
      0.584,
      0.519,
      0.535,
      0.502,
      0.333,
      0.249,
      0.571,
      0.297,
      0.531,
      0.585,
      0.526,
      0.259,
      0.555,
      0.579,
      0.807,
      1.0,
      0.437,
      0.391
    ],
    [
      0.6,
      0.337,
      0.378,
      0.303,
      0.327,
      0.381,
      0.382,
      0.309,
      0.331,
      0.521,
      0.293,
      0.406,
      0.457,
      0.58,
      0.313,
      0.337,
      0.163,
      0.509,
      0.304,
      0.565,
      0.362,
      0.46,
      0.225,
      0.348,
      0.342,
      0.358,
      0.299,
      0.285,
      0.398,
      0.286,
      0.278,
      0.31,
      0.205,
      0.146,
      0.227,
      0.245,
      0.529,
      0.435,
      0.324,
      0.325,
      0.397,
      0.287,
      0.372,
      0.437,
      1.0,
      0.301
    ],
    [
      0.309,
      0.348,
      0.35,
      0.443,
      0.311,
      0.305,
      0.355,
      0.232,
      0.42,
      0.409,
      0.293,
      0.322,
      0.425,
      0.32,
      0.213,
      0.315,
      0.301,
      0.407,
      0.384,
      0.378,
      0.466,
      0.355,
      0.359,
      0.369,
      0.377,
      0.372,
      0.184,
      0.261,
      0.396,
      0.341,
      0.356,
      0.455,
      0.487,
      0.307,
      0.261,
      0.166,
      0.292,
      0.323,
      0.342,
      0.389,
      0.294,
      0.375,
      0.302,
      0.391,
      0.301,
      1.0
    ]
  ]
}