{
  "feeds": [
    "Brazil | Folha de São Paulo",
    "Brazil | O Globo (via Google News)",
    "China | CGTN Politics",
    "China | CGTN World",
    "China | Global Times",
    "China | People's Daily CN",
    "China | Xinhua English",
    "India | Dainik Bhaskar",
    "India | NDTV World",
    "India | The Hindu Intl",
    "India | Times of India",
    "Iran (Opposition / Diaspora) | Iran International EN",
    "Iran (Opposition / Diaspora) | Iran International FA",
    "Iran (Opposition / Diaspora) | RFE/RL (was Radio Farda)",
    "Iran (State) | IRNA English",
    "Iran (State) | IRNA Farsi",
    "Iran (State) | Tehran Times",
    "Israel | Haaretz",
    "Israel | Jerusalem Post",
    "Israel | Times of Israel",
    "Israel | Ynet Hebrew",
    "Japan | Japan Times",
    "Japan | NHK Japanese",
    "Nigeria | The Punch",
    "Nigeria | Vanguard",
    "Qatar | Al Jazeera Arabic",
    "Qatar | Al Jazeera English",
    "Russia | Meduza",
    "Russia | Moscow Times",
    "Russia | RT",
    "Russia | TASS English",
    "Saudi Arabia | Al Arabiya English (via Google News)",
    "Saudi Arabia | Arab News (via Google News)",
    "South Korea | Korea Herald (via Google News)",
    "South Korea | Yonhap News",
    "Turkey | Daily Sabah",
    "Turkey | Hurriyet",
    "United Kingdom | BBC World",
    "United Kingdom | The Guardian World",
    "United Kingdom | The Telegraph",
    "United States | CNN World",
    "United States | Fox News World",
    "United States | NPR World",
    "Wire Services (Factual Baseline) | AFP / France 24 EN",
    "Wire Services (Factual Baseline) | AFP / France 24 FR",
    "Wire Services (Factual Baseline) | AP News",
    "Wire Services (Factual Baseline) | Reuters (via Google News)"
  ],
  "matrix": [
    [
      1.0,
      0.558,
      0.413,
      0.394,
      0.272,
      0.369,
      0.496,
      0.382,
      0.509,
      0.626,
      0.181,
      0.473,
      0.626,
      0.584,
      0.507,
      0.507,
      0.545,
      0.546,
      0.609,
      0.538,
      0.718,
      0.409,
      0.574,
      0.44,
      0.525,
      0.574,
      0.571,
      0.365,
      0.416,
      0.629,
      0.629,
      0.444,
      0.402,
      0.278,
      0.21,
      0.596,
      0.46,
      0.64,
      0.589,
      0.482,
      0.28,
      0.636,
      0.688,
      0.494,
      0.662,
      0.541,
      0.526
    ],
    [
      0.558,
      1.0,
      0.43,
      0.531,
      0.317,
      0.442,
      0.477,
      0.444,
      0.537,
      0.498,
      0.312,
      0.336,
      0.531,
      0.458,
      0.424,
      0.449,
      0.434,
      0.408,
      0.447,
      0.383,
      0.619,
      0.476,
      0.532,
      0.509,
      0.577,
      0.533,
      0.453,
      0.359,
      0.375,
      0.5,
      0.579,
      0.532,
      0.444,
      0.437,
      0.324,
      0.428,
      0.427,
      0.414,
      0.475,
      0.398,
      0.313,
      0.511,
      0.439,
      0.358,
      0.532,
      0.449,
      0.512
    ],
    [
      0.413,
      0.43,
      1.0,
      0.751,
      0.469,
      0.505,
      0.524,
      0.383,
      0.531,
      0.63,
      0.285,
      0.395,
      0.58,
      0.553,
      0.62,
      0.468,
      0.586,
      0.442,
      0.625,
      0.451,
      0.576,
      0.43,
      0.583,
      0.575,
      0.514,
      0.603,
      0.491,
      0.244,
      0.276,
      0.541,
      0.467,
      0.622,
      0.627,
      0.383,
      0.454,
      0.653,
      0.344,
      0.44,
      0.408,
      0.206,
      0.069,
      0.556,
      0.491,
      0.459,
      0.512,
      0.616,
      0.414
    ],
    [
      0.394,
      0.531,
      0.751,
      1.0,
      0.563,
      0.522,
      0.471,
      0.301,
      0.569,
      0.634,
      0.23,
      0.406,
      0.578,
      0.462,
      0.496,
      0.434,
      0.534,
      0.48,
      0.605,
      0.455,
      0.549,
      0.47,
      0.508,
      0.509,
      0.542,
      0.632,
      0.468,
      0.196,
      0.253,
      0.56,
      0.508,
      0.642,
      0.639,
      0.32,
      0.348,
      0.508,
      0.242,
      0.402,
      0.414,
      0.242,
      0.165,
      0.596,
      0.49,
      0.403,
      0.546,
      0.578,
      0.431
    ],
    [
      0.272,
      0.317,
      0.469,
      0.563,
      1.0,
      0.557,
      0.253,
      0.278,
      0.348,
      0.443,
      0.229,
      0.265,
      0.407,
      0.268,
      0.249,
      0.31,
      0.286,
      0.191,
      0.314,
      0.149,
      0.327,
      0.364,
      0.413,
      0.358,
      0.376,
      0.339,
      0.236,
      0.148,
      0.133,
      0.16,
      0.299,
      0.256,
      0.254,
      0.237,
      0.279,
      0.252,
      0.112,
      0.195,
      0.219,
      0.078,
      0.191,
      0.293,
      0.245,
      0.092,
      0.184,
      0.316,
      0.317
    ],
    [
      0.369,
      0.442,
      0.505,
      0.522,
      0.557,
      1.0,
      0.338,
      0.512,
      0.338,
      0.369,
      0.289,
      0.205,
      0.462,
      0.237,
      0.322,
      0.445,
      0.338,
      0.213,
      0.311,
      0.233,
      0.588,
      0.384,
      0.583,
      0.44,
      0.489,
      0.493,
      0.194,
      0.163,
      0.233,
      0.266,
      0.309,
      0.318,
      0.304,
      0.324,
      0.332,
      0.263,
      0.328,
      0.234,
      0.383,
      0.249,
      0.277,
      0.242,
      0.315,
      0.209,
      0.374,
      0.482,
      0.208
    ],
    [
      0.496,
      0.477,
      0.524,
      0.471,
      0.253,
      0.338,
      1.0,
      0.331,
      0.56,
      0.584,
      0.228,
      0.309,
      0.57,
      0.462,
      0.516,
      0.39,
      0.457,
      0.462,
      0.559,
      0.497,
      0.526,
      0.382,
      0.483,
      0.494,
      0.48,
      0.541,
      0.323,
      0.237,
      0.324,
      0.515,
      0.478,
      0.46,
      0.44,
      0.424,
      0.414,
      0.602,
      0.333,
      0.499,
      0.444,
      0.365,
      0.251,
      0.596,
      0.493,
      0.469,
      0.567,
      0.495,
      0.5
    ],
    [
      0.382,
      0.444,
      0.383,
      0.301,
      0.278,
      0.512,
      0.331,
      1.0,
      0.431,
      0.29,
      0.544,
      0.144,
      0.459,
      0.204,
      0.325,
      0.429,
      0.279,
      0.225,
      0.245,
      0.292,
      0.55,
      0.336,
      0.463,
      0.416,
      0.41,
      0.374,
      0.208,
      0.279,
      0.21,
      0.242,
      0.281,
      0.242,
      0.251,
      0.319,
      0.284,
      0.279,
      0.553,
      0.29,
      0.499,
      0.297,
      0.209,
      0.171,
      0.292,
      0.216,
      0.311,
      0.439,
      0.121
    ],
    [
      0.509,
      0.537,
      0.531,
      0.569,
      0.348,
      0.338,
      0.56,
      0.431,
      1.0,
      0.595,
      0.409,
      0.532,
      0.71,
      0.492,
      0.644,
      0.573,
      0.62,
      0.487,
      0.636,
      0.505,
      0.607,
      0.464,
      0.465,
      0.455,
      0.544,
      0.59,
      0.492,
      0.3,
      0.379,
      0.499,
      0.538,
      0.681,
      0.635,
      0.323,
      0.362,
      0.555,
      0.409,
      0.525,
      0.434,
      0.329,
      0.248,
      0.643,
      0.539,
      0.306,
      0.464,
      0.503,
      0.585
    ],
    [
      0.626,
      0.498,
      0.63,
      0.634,
      0.443,
      0.369,
      0.584,
      0.29,
      0.595,
      1.0,
      0.204,
      0.496,
      0.711,
      0.632,
      0.655,
      0.537,
      0.636,
      0.649,
      0.78,
      0.567,
      0.629,
      0.419,
      0.532,
      0.53,
      0.536,
      0.63,
      0.562,
      0.319,
      0.351,
      0.69,
      0.644,
      0.689,
      0.628,
      0.296,
      0.315,
      0.66,
      0.278,
      0.563,
      0.429,
      0.316,
      0.152,
      0.772,
      0.658,
      0.488,
      0.543,
      0.507,
      0.663
    ],
    [
      0.181,
      0.312,
      0.285,
      0.23,
      0.229,
      0.289,
      0.228,
      0.544,
      0.409,
      0.204,
      1.0,
      0.108,
      0.3,
      0.076,
      0.149,
      0.23,
      0.112,
      0.158,
      0.202,
      0.16,
      0.365,
      0.302,
      0.283,
      0.292,
      0.371,
      0.209,
      0.094,
      0.113,
      0.096,
      0.096,
      0.245,
      0.168,
      0.22,
      0.274,
      0.315,
      0.166,
      0.274,
      0.182,
      0.378,
      0.127,
      0.203,
      0.084,
      0.127,
      0.128,
      0.167,
      0.27,
      0.196
    ],
    [
      0.473,
      0.336,
      0.395,
      0.406,
      0.265,
      0.205,
      0.309,
      0.144,
      0.532,
      0.496,
      0.108,
      1.0,
      0.579,
      0.615,
      0.581,
      0.559,
      0.693,
      0.346,
      0.571,
      0.351,
      0.454,
      0.404,
      0.317,
      0.259,
      0.459,
      0.514,
      0.625,
      0.351,
      0.521,
      0.457,
      0.529,
      0.579,
      0.486,
      0.224,
      0.293,
      0.574,
      0.259,
      0.423,
      0.189,
      0.221,
      0.355,
      0.607,
      0.532,
      0.243,
      0.39,
      0.386,
      0.519
    ],
    [
      0.626,
      0.531,
      0.58,
      0.578,
      0.407,
      0.462,
      0.57,
      0.459,
      0.71,
      0.711,
      0.3,
      0.579,
      1.0,
      0.593,
      0.76,
      0.707,
      0.717,
      0.601,
      0.744,
      0.643,
      0.757,
      0.572,
      0.551,
      0.509,
      0.544,
      0.706,
      0.514,
      0.456,
      0.471,
      0.626,
      0.601,
      0.685,
      0.608,
      0.379,
      0.369,
      0.618,
      0.512,
      0.53,
      0.414,
      0.338,
      0.225,
      0.701,
      0.577,
      0.437,
      0.579,
      0.54,
      0.614
    ],
    [
      0.584,
      0.458,
      0.553,
      0.462,
      0.268,
      0.237,
      0.462,
      0.204,
      0.492,
      0.632,
      0.076,
      0.615,
      0.593,
      1.0,
      0.645,
      0.487,
      0.616,
      0.465,
      0.62,
      0.519,
      0.528,
      0.515,
      0.46,
      0.436,
      0.486,
      0.585,
      0.623,
      0.649,
      0.676,
      0.685,
      0.764,
      0.629,
      0.547,
      0.24,
      0.261,
      0.694,
      0.363,
      0.466,
      0.329,
      0.35,
      0.221,
      0.721,
      0.593,
      0.452,
      0.533,
      0.538,
      0.681
    ],
    [
      0.507,
      0.424,
      0.62,
      0.496,
      0.249,
      0.322,
      0.516,
      0.325,
      0.644,
      0.655,
      0.149,
      0.581,
      0.76,
      0.645,
      1.0,
      0.736,
      0.791,
      0.58,
      0.718,
      0.633,
      0.59,
      0.424,
      0.507,
      0.526,
      0.48,
      0.606,
      0.563,
      0.422,
      0.491,
      0.62,
      0.598,
      0.675,
      0.589,
      0.252,
      0.335,
      0.645,
      0.386,
      0.417,
      0.281,
      0.269,
      0.13,
      0.732,
      0.581,
      0.462,
      0.524,
      0.499,
      0.565
    ],
    [
      0.507,
      0.449,
      0.468,
      0.434,
      0.31,
      0.445,
      0.39,
      0.429,
      0.573,
      0.537,
      0.23,
      0.559,
      0.707,
      0.487,
      0.736,
      1.0,
      0.721,
      0.51,
      0.575,
      0.544,
      0.593,
      0.468,
      0.482,
      0.43,
      0.47,
      0.526,
      0.507,
      0.398,
      0.52,
      0.47,
      0.503,
      0.489,
      0.394,
      0.253,
      0.295,
      0.461,
      0.457,
      0.348,
      0.283,
      0.296,
      0.24,
      0.577,
      0.51,
      0.399,
      0.472,
      0.426,
      0.435
    ],
    [
      0.545,
      0.434,
      0.586,
      0.534,
      0.286,
      0.338,
      0.457,
      0.279,
      0.62,
      0.636,
      0.112,
      0.693,
      0.717,
      0.616,
      0.791,
      0.721,
      1.0,
      0.631,
      0.732,
      0.637,
      0.635,
      0.412,
      0.469,
      0.455,
      0.504,
      0.645,
      0.593,
      0.407,
      0.466,
      0.592,
      0.52,
      0.613,
      0.543,
      0.288,
      0.288,
      0.64,
      0.395,
      0.421,
      0.267,
      0.343,
      0.224,
      0.725,
      0.645,
      0.496,
      0.533,
      0.494,
      0.486
    ],
    [
      0.546,
      0.408,
      0.442,
      0.48,
      0.191,
      0.213,
      0.462,
      0.225,
      0.487,
      0.649,
      0.158,
      0.346,
      0.601,
      0.465,
      0.58,
      0.51,
      0.631,
      1.0,
      0.794,
      0.813,
      0.679,
      0.361,
      0.368,
      0.422,
      0.49,
      0.665,
      0.451,
      0.205,
      0.284,
      0.715,
      0.563,
      0.51,
      0.497,
      0.188,
      0.172,
      0.624,
      0.324,
      0.475,
      0.42,
      0.352,
      0.129,
      0.684,
      0.758,
      0.694,
      0.648,
      0.409,
      0.382
    ],
    [
      0.609,
      0.447,
      0.625,
      0.605,
      0.314,
      0.311,
      0.559,
      0.245,
      0.636,
      0.78,
      0.202,
      0.571,
      0.744,
      0.62,
      0.718,
      0.575,
      0.732,
      0.794,
      1.0,
      0.707,
      0.748,
      0.472,
      0.508,
      0.502,
      0.593,
      0.735,
      0.552,
      0.261,
      0.373,
      0.742,
      0.618,
      0.741,
      0.667,
      0.277,
      0.315,
      0.78,
      0.321,
      0.553,
      0.459,
      0.35,
      0.19,
      0.817,
      0.767,
      0.613,
      0.655,
      0.525,
      0.581
    ],
    [
      0.538,
      0.383,
      0.451,
      0.455,
      0.149,
      0.233,
      0.497,
      0.292,
      0.505,
      0.567,
      0.16,
      0.351,
      0.643,
      0.519,
      0.633,
      0.544,
      0.637,
      0.813,
      0.707,
      1.0,
      0.671,
      0.431,
      0.375,
      0.456,
      0.441,
      0.644,
      0.446,
      0.363,
      0.422,
      0.704,
      0.603,
      0.485,
      0.478,
      0.231,
      0.188,
      0.604,
      0.433,
      0.49,
      0.359,
      0.422,
      0.218,
      0.655,
      0.685,
      0.651,
      0.645,
      0.507,
      0.422
    ],
    [
      0.718,
      0.619,
      0.576,
      0.549,
      0.327,
      0.588,
      0.526,
      0.55,
      0.607,
      0.629,
      0.365,
      0.454,
      0.757,
      0.528,
      0.59,
      0.593,
      0.635,
      0.679,
      0.748,
      0.671,
      1.0,
      0.533,
      0.633,
      0.549,
      0.644,
      0.759,
      0.466,
      0.329,
      0.358,
      0.613,
      0.581,
      0.601,
      0.559,
      0.412,
      0.324,
      0.637,
      0.577,
      0.612,
      0.598,
      0.529,
      0.309,
      0.632,
      0.683,
      0.563,
      0.677,
      0.634,
      0.46
    ],
    [
      0.409,
      0.476,
      0.43,
      0.47,
      0.364,
      0.384,
      0.382,
      0.336,
      0.464,
      0.419,
      0.302,
      0.404,
      0.572,
      0.515,
      0.424,
      0.468,
      0.412,
      0.361,
      0.472,
      0.431,
      0.533,
      1.0,
      0.455,
      0.451,
      0.517,
      0.5,
      0.479,
      0.495,
      0.489,
      0.448,
      0.545,
      0.39,
      0.333,
      0.36,
      0.396,
      0.396,
      0.399,
      0.394,
      0.344,
      0.284,
      0.226,
      0.499,
      0.405,
      0.311,
      0.409,
      0.424,
      0.471
    ],
    [
      0.574,
      0.532,
      0.583,
      0.508,
      0.413,
      0.583,
      0.483,
      0.463,
      0.465,
      0.532,
      0.283,
      0.317,
      0.551,
      0.46,
      0.507,
      0.482,
      0.469,
      0.368,
      0.508,
      0.375,
      0.633,
      0.455,
      1.0,
      0.544,
      0.525,
      0.436,
      0.364,
      0.358,
      0.322,
      0.45,
      0.432,
      0.448,
      0.455,
      0.438,
      0.442,
      0.475,
      0.368,
      0.366,
      0.465,
      0.463,
      0.2,
      0.471,
      0.502,
      0.364,
      0.504,
      0.478,
      0.432
    ],
    [
      0.44,
      0.509,
      0.575,
      0.509,
      0.358,
      0.44,
      0.494,
      0.416,
      0.455,
      0.53,
      0.292,
      0.259,
      0.509,
      0.436,
      0.526,
      0.43,
      0.455,
      0.422,
      0.502,
      0.456,
      0.549,
      0.451,
      0.544,
      1.0,
      0.578,
      0.502,
      0.398,
      0.323,
      0.241,
      0.477,
      0.463,
      0.458,
      0.45,
      0.345,
      0.291,
      0.501,
      0.356,
      0.415,
      0.484,
      0.304,
      0.118,
      0.47,
      0.477,
      0.49,
      0.523,
      0.534,
      0.393
    ],
    [
      0.525,
      0.577,
      0.514,
      0.542,
      0.376,
      0.489,
      0.48,
      0.41,
      0.544,
      0.536,
      0.371,
      0.459,
      0.544,
      0.486,
      0.48,
      0.47,
      0.504,
      0.49,
      0.593,
      0.441,
      0.644,
      0.517,
      0.525,
      0.578,
      1.0,
      0.611,
      0.499,
      0.218,
      0.346,
      0.516,
      0.513,
      0.545,
      0.508,
      0.325,
      0.368,
      0.556,
      0.379,
      0.384,
      0.534,
      0.381,
      0.325,
      0.563,
      0.55,
      0.491,
      0.585,
      0.545,
      0.5
    ],
    [
      0.574,
      0.533,
      0.603,
      0.632,
      0.339,
      0.493,
      0.541,
      0.374,
      0.59,
      0.63,
      0.209,
      0.514,
      0.706,
      0.585,
      0.606,
      0.526,
      0.645,
      0.665,
      0.735,
      0.644,
      0.759,
      0.5,
      0.436,
      0.502,
      0.611,
      1.0,
      0.549,
      0.305,
      0.456,
      0.635,
      0.612,
      0.65,
      0.64,
      0.342,
      0.321,
      0.694,
      0.47,
      0.533,
      0.492,
      0.379,
      0.298,
      0.665,
      0.673,
      0.623,
      0.712,
      0.671,
      0.497
    ],
    [
      0.571,
      0.453,
      0.491,
      0.468,
      0.236,
      0.194,
      0.323,
      0.208,
      0.492,
      0.562,
      0.094,
      0.625,
      0.514,
      0.623,
      0.563,
      0.507,
      0.593,
      0.451,
      0.552,
      0.446,
      0.466,
      0.479,
      0.364,
      0.398,
      0.499,
      0.549,
      1.0,
      0.315,
      0.387,
      0.595,
      0.55,
      0.555,
      0.469,
      0.084,
      0.196,
      0.597,
      0.3,
      0.468,
      0.384,
      0.24,
      0.122,
      0.627,
      0.614,
      0.47,
      0.549,
      0.483,
      0.492
    ],
    [
      0.365,
      0.359,
      0.244,
      0.196,
      0.148,
      0.163,
      0.237,
      0.279,
      0.3,
      0.319,
      0.113,
      0.351,
      0.456,
      0.649,
      0.422,
      0.398,
      0.407,
      0.205,
      0.261,
      0.363,
      0.329,
      0.495,
      0.358,
      0.323,
      0.218,
      0.305,
      0.315,
      1.0,
      0.744,
      0.411,
      0.55,
      0.305,
      0.224,
      0.198,
      0.184,
      0.316,
      0.393,
      0.305,
      0.188,
      0.275,
      0.13,
      0.395,
      0.258,
      0.186,
      0.283,
      0.349,
      0.415
    ],
    [
      0.416,
      0.375,
      0.276,
      0.253,
      0.133,
      0.233,
      0.324,
      0.21,
      0.379,
      0.351,
      0.096,
      0.521,
      0.471,
      0.676,
      0.491,
      0.52,
      0.466,
      0.284,
      0.373,
      0.422,
      0.358,
      0.489,
      0.322,
      0.241,
      0.346,
      0.456,
      0.387,
      0.744,
      1.0,
      0.514,
      0.631,
      0.385,
      0.301,
      0.144,
      0.225,
      0.44,
      0.342,
      0.333,
      0.199,
      0.28,
      0.242,
      0.51,
      0.359,
      0.235,
      0.382,
      0.344,
      0.527
    ],
    [
      0.629,
      0.5,
      0.541,
      0.56,
      0.16,
      0.266,
      0.515,
      0.242,
      0.499,
      0.69,
      0.096,
      0.457,
      0.626,
      0.685,
      0.62,
      0.47,
      0.592,
      0.715,
      0.742,
      0.704,
      0.613,
      0.448,
      0.45,
      0.477,
      0.516,
      0.635,
      0.595,
      0.411,
      0.514,
      1.0,
      0.731,
      0.662,
      0.597,
      0.215,
      0.226,
      0.747,
      0.283,
      0.547,
      0.481,
      0.395,
      0.115,
      0.762,
      0.744,
      0.653,
      0.734,
      0.481,
      0.555
    ],
    [
      0.629,
      0.579,
      0.467,
      0.508,
      0.299,
      0.309,
      0.478,
      0.281,
      0.538,
      0.644,
      0.245,
      0.529,
      0.601,
      0.764,
      0.598,
      0.503,
      0.52,
      0.563,
      0.618,
      0.603,
      0.581,
      0.545,
      0.432,
      0.463,
      0.513,
      0.612,
      0.55,
      0.55,
      0.631,
      0.731,
      1.0,
      0.598,
      0.524,
      0.261,
      0.323,
      0.615,
      0.343,
      0.481,
      0.406,
      0.347,
      0.292,
      0.712,
      0.61,
      0.485,
      0.622,
      0.504,
      0.686
    ],
    [
      0.444,
      0.532,
      0.622,
      0.642,
      0.256,
      0.318,
      0.46,
      0.242,
      0.681,
      0.689,
      0.168,
      0.579,
      0.685,
      0.629,
      0.675,
      0.489,
      0.613,
      0.51,
      0.741,
      0.485,
      0.601,
      0.39,
      0.448,
      0.458,
      0.545,
      0.65,
      0.555,
      0.305,
      0.385,
      0.662,
      0.598,
      1.0,
      0.829,
      0.334,
      0.341,
      0.678,
      0.296,
      0.481,
      0.368,
      0.306,
      0.119,
      0.687,
      0.565,
      0.406,
      0.553,
      0.483,
      0.651
    ],
    [
      0.402,
      0.444,
      0.627,
      0.639,
      0.254,
      0.304,
      0.44,
      0.251,
      0.635,
      0.628,
      0.22,
      0.486,
      0.608,
      0.547,
      0.589,
      0.394,
      0.543,
      0.497,
      0.667,
      0.478,
      0.559,
      0.333,
      0.455,
      0.45,
      0.508,
      0.64,
      0.469,
      0.224,
      0.301,
      0.597,
      0.524,
      0.829,
      1.0,
      0.406,
      0.448,
      0.605,
      0.268,
      0.416,
      0.351,
      0.305,
      0.156,
      0.632,
      0.58,
      0.426,
      0.527,
      0.526,
      0.606
    ],
    [
      0.278,
      0.437,
      0.383,
      0.32,
      0.237,
      0.324,
      0.424,
      0.319,
      0.323,
      0.296,
      0.274,
      0.224,
      0.379,
      0.24,
      0.252,
      0.253,
      0.288,
      0.188,
      0.277,
      0.231,
      0.412,
      0.36,
      0.438,
      0.345,
      0.325,
      0.342,
      0.084,
      0.198,
      0.144,
      0.215,
      0.261,
      0.334,
      0.406,
      1.0,
      0.696,
      0.28,
      0.358,
      0.281,
      0.218,
      0.376,
      0.301,
      0.289,
      0.19,
      0.264,
      0.289,
      0.32,
      0.378
    ],
    [
      0.21,
      0.324,
      0.454,
      0.348,
      0.279,
      0.332,
      0.414,
      0.284,
      0.362,
      0.315,
      0.315,
      0.293,
      0.369,
      0.261,
      0.335,
      0.295,
      0.288,
      0.172,
      0.315,
      0.188,
      0.324,
      0.396,
      0.442,
      0.291,
      0.368,
      0.321,
      0.196,
      0.184,
      0.225,
      0.226,
      0.323,
      0.341,
      0.448,
      0.696,
      1.0,
      0.343,
      0.206,
      0.215,
      0.19,
      0.137,
      0.238,
      0.288,
      0.208,
      0.274,
      0.285,
      0.35,
      0.402
    ],
    [
      0.596,
      0.428,
      0.653,
      0.508,
      0.252,
      0.263,
      0.602,
      0.279,
      0.555,
      0.66,
      0.166,
      0.574,
      0.618,
      0.694,
      0.645,
      0.461,
      0.64,
      0.624,
      0.78,
      0.604,
      0.637,
      0.396,
      0.475,
      0.501,
      0.556,
      0.694,
      0.597,
      0.316,
      0.44,
      0.747,
      0.615,
      0.678,
      0.605,
      0.28,
      0.343,
      1.0,
      0.411,
      0.57,
      0.466,
      0.293,
      0.143,
      0.724,
      0.731,
      0.63,
      0.689,
      0.58,
      0.543
    ],
    [
      0.46,
      0.427,
      0.344,
      0.242,
      0.112,
      0.328,
      0.333,
      0.553,
      0.409,
      0.278,
      0.274,
      0.259,
      0.512,
      0.363,
      0.386,
      0.457,
      0.395,
      0.324,
      0.321,
      0.433,
      0.577,
      0.399,
      0.368,
      0.356,
      0.379,
      0.47,
      0.3,
      0.393,
      0.342,
      0.283,
      0.343,
      0.296,
      0.268,
      0.358,
      0.206,
      0.411,
      1.0,
      0.441,
      0.426,
      0.421,
      0.182,
      0.282,
      0.358,
      0.341,
      0.392,
      0.544,
      0.231
    ],
    [
      0.64,
      0.414,
      0.44,
      0.402,
      0.195,
      0.234,
      0.499,
      0.29,
      0.525,
      0.563,
      0.182,
      0.423,
      0.53,
      0.466,
      0.417,
      0.348,
      0.421,
      0.475,
      0.553,
      0.49,
      0.612,
      0.394,
      0.366,
      0.415,
      0.384,
      0.533,
      0.468,
      0.305,
      0.333,
      0.547,
      0.481,
      0.481,
      0.416,
      0.281,
      0.215,
      0.57,
      0.441,
      1.0,
      0.52,
      0.415,
      0.177,
      0.499,
      0.577,
      0.483,
      0.589,
      0.495,
      0.423
    ],
    [
      0.589,
      0.475,
      0.408,
      0.414,
      0.219,
      0.383,
      0.444,
      0.499,
      0.434,
      0.429,
      0.378,
      0.189,
      0.414,
      0.329,
      0.281,
      0.283,
      0.267,
      0.42,
      0.459,
      0.359,
      0.598,
      0.344,
      0.465,
      0.484,
      0.534,
      0.492,
      0.384,
      0.188,
      0.199,
      0.481,
      0.406,
      0.368,
      0.351,
      0.218,
      0.19,
      0.466,
      0.426,
      0.52,
      1.0,
      0.411,
      0.174,
      0.414,
      0.487,
      0.462,
      0.606,
      0.556,
      0.255
    ],
    [
      0.482,
      0.398,
      0.206,
      0.242,
      0.078,
      0.249,
      0.365,
      0.297,
      0.329,
      0.316,
      0.127,
      0.221,
      0.338,
      0.35,
      0.269,
      0.296,
      0.343,
      0.352,
      0.35,
      0.422,
      0.529,
      0.284,
      0.463,
      0.304,
      0.381,
      0.379,
      0.24,
      0.275,
      0.28,
      0.395,
      0.347,
      0.306,
      0.305,
      0.376,
      0.137,
      0.293,
      0.421,
      0.415,
      0.411,
      1.0,
      0.296,
      0.39,
      0.453,
      0.362,
      0.432,
      0.358,
      0.362
    ],
    [
      0.28,
      0.313,
      0.069,
      0.165,
      0.191,
      0.277,
      0.251,
      0.209,
      0.248,
      0.152,
      0.203,
      0.355,
      0.225,
      0.221,
      0.13,
      0.24,
      0.224,
      0.129,
      0.19,
      0.218,
      0.309,
      0.226,
      0.2,
      0.118,
      0.325,
      0.298,
      0.122,
      0.13,
      0.242,
      0.115,
      0.292,
      0.119,
      0.156,
      0.301,
      0.238,
      0.143,
      0.182,
      0.177,
      0.174,
      0.296,
      1.0,
      0.151,
      0.236,
      0.089,
      0.225,
      0.244,
      0.285
    ],
    [
      0.636,
      0.511,
      0.556,
      0.596,
      0.293,
      0.242,
      0.596,
      0.171,
      0.643,
      0.772,
      0.084,
      0.607,
      0.701,
      0.721,
      0.732,
      0.577,
      0.725,
      0.684,
      0.817,
      0.655,
      0.632,
      0.499,
      0.471,
      0.47,
      0.563,
      0.665,
      0.627,
      0.395,
      0.51,
      0.762,
      0.712,
      0.687,
      0.632,
      0.289,
      0.288,
      0.724,
      0.282,
      0.499,
      0.414,
      0.39,
      0.151,
      1.0,
      0.71,
      0.567,
      0.646,
      0.505,
      0.685
    ],
    [
      0.688,
      0.439,
      0.491,
      0.49,
      0.245,
      0.315,
      0.493,
      0.292,
      0.539,
      0.658,
      0.127,
      0.532,
      0.577,
      0.593,
      0.581,
      0.51,
      0.645,
      0.758,
      0.767,
      0.685,
      0.683,
      0.405,
      0.502,
      0.477,
      0.55,
      0.673,
      0.614,
      0.258,
      0.359,
      0.744,
      0.61,
      0.565,
      0.58,
      0.19,
      0.208,
      0.731,
      0.358,
      0.577,
      0.487,
      0.453,
      0.236,
      0.71,
      1.0,
      0.646,
      0.7,
      0.548,
      0.48
    ],
    [
      0.494,
      0.358,
      0.459,
      0.403,
      0.092,
      0.209,
      0.469,
      0.216,
      0.306,
      0.488,
      0.128,
      0.243,
      0.437,
      0.452,
      0.462,
      0.399,
      0.496,
      0.694,
      0.613,
      0.651,
      0.563,
      0.311,
      0.364,
      0.49,
      0.491,
      0.623,
      0.47,
      0.186,
      0.235,
      0.653,
      0.485,
      0.406,
      0.426,
      0.264,
      0.274,
      0.63,
      0.341,
      0.483,
      0.462,
      0.362,
      0.089,
      0.567,
      0.646,
      1.0,
      0.8,
      0.522,
      0.327
    ],
    [
      0.662,
      0.532,
      0.512,
      0.546,
      0.184,
      0.374,
      0.567,
      0.311,
      0.464,
      0.543,
      0.167,
      0.39,
      0.579,
      0.533,
      0.524,
      0.472,
      0.533,
      0.648,
      0.655,
      0.645,
      0.677,
      0.409,
      0.504,
      0.523,
      0.585,
      0.712,
      0.549,
      0.283,
      0.382,
      0.734,
      0.622,
      0.553,
      0.527,
      0.289,
      0.285,
      0.689,
      0.392,
      0.589,
      0.606,
      0.432,
      0.225,
      0.646,
      0.7,
      0.8,
      1.0,
      0.568,
      0.434
    ],
    [
      0.541,
      0.449,
      0.616,
      0.578,
      0.316,
      0.482,
      0.495,
      0.439,
      0.503,
      0.507,
      0.27,
      0.386,
      0.54,
      0.538,
      0.499,
      0.426,
      0.494,
      0.409,
      0.525,
      0.507,
      0.634,
      0.424,
      0.478,
      0.534,
      0.545,
      0.671,
      0.483,
      0.349,
      0.344,
      0.481,
      0.504,
      0.483,
      0.526,
      0.32,
      0.35,
      0.58,
      0.544,
      0.495,
      0.556,
      0.358,
      0.244,
      0.505,
      0.548,
      0.522,
      0.568,
      1.0,
      0.403
    ],
    [
      0.526,
      0.512,
      0.414,
      0.431,
      0.317,
      0.208,
      0.5,
      0.121,
      0.585,
      0.663,
      0.196,
      0.519,
      0.614,
      0.681,
      0.565,
      0.435,
      0.486,
      0.382,
      0.581,
      0.422,
      0.46,
      0.471,
      0.432,
      0.393,
      0.5,
      0.497,
      0.492,
      0.415,
      0.527,
      0.555,
      0.686,
      0.651,
      0.606,
      0.378,
      0.402,
      0.543,
      0.231,
      0.423,
      0.255,
      0.362,
      0.285,
      0.685,
      0.48,
      0.327,
      0.434,
      0.403,
      1.0
    ]
  ]
}