{
  "feeds": [
    "Brazil | Folha de São Paulo",
    "Brazil | O Globo (via Google News)",
    "China | CGTN Politics",
    "China | CGTN World",
    "China | Global Times",
    "China | People's Daily CN",
    "China | Xinhua English",
    "India | Dainik Bhaskar",
    "India | NDTV World",
    "India | The Hindu Intl",
    "India | Times of India",
    "Iran (Opposition / Diaspora) | Iran International EN",
    "Iran (Opposition / Diaspora) | Iran International FA",
    "Iran (Opposition / Diaspora) | RFE/RL (was Radio Farda)",
    "Iran (State) | IRNA English",
    "Iran (State) | IRNA Farsi",
    "Iran (State) | Tehran Times",
    "Israel | Haaretz",
    "Israel | Jerusalem Post",
    "Israel | Times of Israel",
    "Israel | Ynet Hebrew",
    "Japan | Japan Times",
    "Japan | NHK Japanese",
    "Nigeria | The Punch",
    "Nigeria | Vanguard",
    "Qatar | Al Jazeera Arabic",
    "Qatar | Al Jazeera English",
    "Russia | Meduza",
    "Russia | Moscow Times",
    "Russia | RT",
    "Russia | TASS English",
    "Saudi Arabia | Al Arabiya English (via Google News)",
    "Saudi Arabia | Arab News (via Google News)",
    "South Korea | Korea Herald (via Google News)",
    "South Korea | Yonhap News",
    "Turkey | Daily Sabah",
    "Turkey | Hurriyet",
    "United Kingdom | BBC World",
    "United Kingdom | The Guardian World",
    "United Kingdom | The Telegraph",
    "United States | CNN World",
    "United States | Fox News World",
    "United States | NPR World",
    "Wire Services (Factual Baseline) | AFP / France 24 EN",
    "Wire Services (Factual Baseline) | AFP / France 24 FR",
    "Wire Services (Factual Baseline) | AP News",
    "Wire Services (Factual Baseline) | Reuters (via Google News)"
  ],
  "matrix": [
    [
      1.0,
      0.312,
      0.461,
      0.529,
      0.345,
      0.394,
      0.484,
      0.372,
      0.617,
      0.649,
      0.377,
      0.627,
      0.703,
      0.549,
      0.641,
      0.569,
      0.562,
      0.624,
      0.612,
      0.59,
      0.628,
      0.308,
      0.517,
      0.436,
      0.476,
      0.505,
      0.562,
      0.355,
      0.374,
      0.591,
      0.277,
      0.535,
      0.565,
      0.209,
      0.238,
      0.53,
      0.539,
      0.649,
      0.551,
      0.34,
      0.214,
      0.536,
      0.624,
      0.708,
      0.608,
      0.508,
      0.496
    ],
    [
      0.312,
      1.0,
      0.323,
      0.334,
      0.119,
      0.231,
      0.298,
      0.208,
      0.284,
      0.198,
      0.232,
      0.25,
      0.343,
      0.298,
      0.397,
      0.365,
      0.295,
      0.23,
      0.266,
      0.266,
      0.371,
      0.258,
      0.234,
      0.501,
      0.374,
      0.289,
      0.202,
      0.342,
      0.313,
      0.254,
      0.289,
      0.303,
      0.348,
      0.294,
      0.226,
      0.136,
      0.379,
      0.344,
      0.363,
      0.239,
      0.221,
      0.213,
      0.341,
      0.44,
      0.434,
      0.236,
      0.31
    ],
    [
      0.461,
      0.323,
      1.0,
      0.751,
      0.501,
      0.505,
      0.524,
      0.25,
      0.494,
      0.545,
      0.293,
      0.559,
      0.535,
      0.424,
      0.667,
      0.479,
      0.588,
      0.452,
      0.414,
      0.425,
      0.384,
      0.411,
      0.387,
      0.445,
      0.466,
      0.351,
      0.513,
      0.287,
      0.311,
      0.582,
      0.442,
      0.555,
      0.551,
      0.431,
      0.443,
      0.416,
      0.421,
      0.438,
      0.376,
      0.206,
      0.069,
      0.451,
      0.56,
      0.547,
      0.486,
      0.378,
      0.487
    ],
    [
      0.529,
      0.334,
      0.751,
      1.0,
      0.538,
      0.522,
      0.471,
      0.191,
      0.496,
      0.539,
      0.296,
      0.521,
      0.524,
      0.381,
      0.582,
      0.45,
      0.47,
      0.464,
      0.484,
      0.379,
      0.384,
      0.509,
      0.311,
      0.459,
      0.474,
      0.491,
      0.54,
      0.254,
      0.259,
      0.6,
      0.389,
      0.53,
      0.58,
      0.343,
      0.341,
      0.486,
      0.345,
      0.447,
      0.414,
      0.242,
      0.165,
      0.461,
      0.481,
      0.527,
      0.408,
      0.303,
      0.485
    ],
    [
      0.345,
      0.119,
      0.501,
      0.538,
      1.0,
      0.555,
      0.306,
      0.188,
      0.259,
      0.361,
      0.227,
      0.243,
      0.254,
      0.194,
      0.362,
      0.289,
      0.272,
      0.172,
      0.215,
      0.135,
      0.209,
      0.318,
      0.297,
      0.284,
      0.398,
      0.224,
      0.346,
      0.113,
      0.108,
      0.398,
      0.289,
      0.231,
      0.259,
      0.252,
      0.326,
      0.172,
      0.198,
      0.196,
      0.29,
      0.091,
      0.187,
      0.263,
      0.364,
      0.306,
      0.205,
      0.327,
      0.352
    ],
    [
      0.394,
      0.231,
      0.505,
      0.522,
      0.555,
      1.0,
      0.338,
      0.315,
      0.265,
      0.41,
      0.34,
      0.251,
      0.36,
      0.267,
      0.354,
      0.566,
      0.345,
      0.322,
      0.337,
      0.233,
      0.397,
      0.495,
      0.39,
      0.369,
      0.46,
      0.266,
      0.298,
      0.239,
      0.191,
      0.394,
      0.363,
      0.265,
      0.315,
      0.32,
      0.397,
      0.153,
      0.446,
      0.16,
      0.409,
      0.249,
      0.277,
      0.271,
      0.316,
      0.332,
      0.305,
      0.381,
      0.255
    ],
    [
      0.484,
      0.298,
      0.524,
      0.471,
      0.306,
      0.338,
      1.0,
      0.194,
      0.433,
      0.536,
      0.199,
      0.421,
      0.453,
      0.441,
      0.5,
      0.327,
      0.484,
      0.488,
      0.515,
      0.487,
      0.461,
      0.413,
      0.404,
      0.444,
      0.442,
      0.453,
      0.554,
      0.333,
      0.345,
      0.55,
      0.383,
      0.442,
      0.442,
      0.412,
      0.466,
      0.503,
      0.373,
      0.474,
      0.437,
      0.365,
      0.251,
      0.485,
      0.566,
      0.524,
      0.446,
      0.382,
      0.42
    ],
    [
      0.372,
      0.208,
      0.25,
      0.191,
      0.188,
      0.315,
      0.194,
      1.0,
      0.406,
      0.37,
      0.651,
      0.243,
      0.457,
      0.199,
      0.208,
      0.523,
      0.308,
      0.319,
      0.375,
      0.419,
      0.557,
      0.125,
      0.52,
      0.339,
      0.309,
      0.206,
      0.228,
      0.178,
      0.269,
      0.258,
      0.182,
      0.18,
      0.314,
      0.211,
      0.202,
      0.093,
      0.633,
      0.27,
      0.291,
      0.43,
      0.197,
      0.361,
      0.374,
      0.355,
      0.418,
      0.297,
      0.336
    ],
    [
      0.617,
      0.284,
      0.494,
      0.496,
      0.259,
      0.265,
      0.433,
      0.406,
      1.0,
      0.514,
      0.371,
      0.566,
      0.601,
      0.491,
      0.56,
      0.491,
      0.437,
      0.387,
      0.457,
      0.447,
      0.488,
      0.315,
      0.398,
      0.33,
      0.336,
      0.418,
      0.564,
      0.374,
      0.405,
      0.584,
      0.338,
      0.513,
      0.505,
      0.25,
      0.242,
      0.531,
      0.451,
      0.617,
      0.428,
      0.308,
      0.123,
      0.445,
      0.552,
      0.625,
      0.466,
      0.441,
      0.522
    ],
    [
      0.649,
      0.198,
      0.545,
      0.539,
      0.361,
      0.41,
      0.536,
      0.37,
      0.514,
      1.0,
      0.356,
      0.701,
      0.654,
      0.646,
      0.655,
      0.538,
      0.646,
      0.687,
      0.716,
      0.631,
      0.602,
      0.442,
      0.639,
      0.371,
      0.376,
      0.439,
      0.629,
      0.508,
      0.515,
      0.721,
      0.495,
      0.618,
      0.6,
      0.301,
      0.31,
      0.653,
      0.449,
      0.635,
      0.408,
      0.425,
      0.185,
      0.728,
      0.673,
      0.691,
      0.567,
      0.386,
      0.543
    ],
    [
      0.377,
      0.232,
      0.293,
      0.296,
      0.227,
      0.34,
      0.199,
      0.651,
      0.371,
      0.356,
      1.0,
      0.282,
      0.399,
      0.229,
      0.305,
      0.476,
      0.253,
      0.325,
      0.349,
      0.316,
      0.46,
      0.305,
      0.32,
      0.451,
      0.405,
      0.242,
      0.305,
      0.199,
      0.206,
      0.267,
      0.136,
      0.255,
      0.253,
      0.197,
      0.254,
      0.071,
      0.418,
      0.207,
      0.306,
      0.262,
      0.205,
      0.236,
      0.328,
      0.323,
      0.334,
      0.208,
      0.288
    ],
    [
      0.627,
      0.25,
      0.559,
      0.521,
      0.243,
      0.251,
      0.421,
      0.243,
      0.566,
      0.701,
      0.282,
      1.0,
      0.74,
      0.707,
      0.741,
      0.613,
      0.696,
      0.638,
      0.568,
      0.497,
      0.486,
      0.348,
      0.465,
      0.337,
      0.377,
      0.47,
      0.497,
      0.489,
      0.51,
      0.643,
      0.451,
      0.725,
      0.672,
      0.246,
      0.203,
      0.577,
      0.398,
      0.659,
      0.404,
      0.295,
      0.153,
      0.651,
      0.678,
      0.747,
      0.531,
      0.337,
      0.426
    ],
    [
      0.703,
      0.343,
      0.535,
      0.524,
      0.254,
      0.36,
      0.453,
      0.457,
      0.601,
      0.654,
      0.399,
      0.74,
      1.0,
      0.638,
      0.67,
      0.705,
      0.655,
      0.696,
      0.67,
      0.631,
      0.69,
      0.353,
      0.528,
      0.431,
      0.427,
      0.467,
      0.498,
      0.453,
      0.468,
      0.594,
      0.429,
      0.613,
      0.694,
      0.319,
      0.287,
      0.466,
      0.626,
      0.623,
      0.461,
      0.419,
      0.191,
      0.567,
      0.649,
      0.763,
      0.635,
      0.4,
      0.466
    ],
    [
      0.549,
      0.298,
      0.424,
      0.381,
      0.194,
      0.267,
      0.441,
      0.199,
      0.491,
      0.646,
      0.229,
      0.707,
      0.638,
      1.0,
      0.697,
      0.5,
      0.608,
      0.533,
      0.487,
      0.417,
      0.489,
      0.406,
      0.469,
      0.321,
      0.342,
      0.466,
      0.448,
      0.699,
      0.704,
      0.719,
      0.689,
      0.547,
      0.508,
      0.212,
      0.215,
      0.515,
      0.389,
      0.617,
      0.474,
      0.361,
      0.243,
      0.54,
      0.634,
      0.707,
      0.505,
      0.342,
      0.376
    ],
    [
      0.641,
      0.397,
      0.667,
      0.582,
      0.362,
      0.354,
      0.5,
      0.208,
      0.56,
      0.655,
      0.305,
      0.741,
      0.67,
      0.697,
      1.0,
      0.558,
      0.714,
      0.549,
      0.514,
      0.443,
      0.484,
      0.349,
      0.426,
      0.44,
      0.495,
      0.428,
      0.507,
      0.562,
      0.515,
      0.657,
      0.516,
      0.706,
      0.596,
      0.258,
      0.259,
      0.517,
      0.433,
      0.601,
      0.462,
      0.306,
      0.065,
      0.5,
      0.697,
      0.764,
      0.573,
      0.382,
      0.449
    ],
    [
      0.569,
      0.365,
      0.479,
      0.45,
      0.289,
      0.566,
      0.327,
      0.523,
      0.491,
      0.538,
      0.476,
      0.613,
      0.705,
      0.5,
      0.558,
      1.0,
      0.662,
      0.549,
      0.506,
      0.46,
      0.565,
      0.409,
      0.469,
      0.346,
      0.34,
      0.516,
      0.322,
      0.35,
      0.34,
      0.441,
      0.354,
      0.507,
      0.603,
      0.315,
      0.339,
      0.323,
      0.583,
      0.478,
      0.38,
      0.326,
      0.299,
      0.486,
      0.55,
      0.652,
      0.55,
      0.309,
      0.339
    ],
    [
      0.562,
      0.295,
      0.588,
      0.47,
      0.272,
      0.345,
      0.484,
      0.308,
      0.437,
      0.646,
      0.253,
      0.696,
      0.655,
      0.608,
      0.714,
      0.662,
      1.0,
      0.62,
      0.578,
      0.54,
      0.503,
      0.304,
      0.489,
      0.341,
      0.318,
      0.514,
      0.413,
      0.464,
      0.442,
      0.538,
      0.386,
      0.557,
      0.685,
      0.257,
      0.264,
      0.504,
      0.481,
      0.64,
      0.323,
      0.333,
      0.257,
      0.594,
      0.599,
      0.716,
      0.635,
      0.35,
      0.368
    ],
    [
      0.624,
      0.23,
      0.452,
      0.464,
      0.172,
      0.322,
      0.488,
      0.319,
      0.387,
      0.687,
      0.325,
      0.638,
      0.696,
      0.533,
      0.549,
      0.549,
      0.62,
      1.0,
      0.76,
      0.754,
      0.649,
      0.432,
      0.461,
      0.388,
      0.338,
      0.496,
      0.5,
      0.356,
      0.363,
      0.592,
      0.36,
      0.488,
      0.669,
      0.361,
      0.263,
      0.495,
      0.452,
      0.582,
      0.376,
      0.421,
      0.222,
      0.55,
      0.6,
      0.681,
      0.62,
      0.221,
      0.404
    ],
    [
      0.612,
      0.266,
      0.414,
      0.484,
      0.215,
      0.337,
      0.515,
      0.375,
      0.457,
      0.716,
      0.349,
      0.568,
      0.67,
      0.487,
      0.514,
      0.506,
      0.578,
      0.76,
      1.0,
      0.718,
      0.7,
      0.42,
      0.515,
      0.438,
      0.344,
      0.551,
      0.452,
      0.397,
      0.383,
      0.593,
      0.342,
      0.454,
      0.623,
      0.256,
      0.242,
      0.561,
      0.499,
      0.575,
      0.397,
      0.425,
      0.181,
      0.579,
      0.591,
      0.64,
      0.599,
      0.319,
      0.45
    ],
    [
      0.59,
      0.266,
      0.425,
      0.379,
      0.135,
      0.233,
      0.487,
      0.419,
      0.447,
      0.631,
      0.316,
      0.497,
      0.631,
      0.417,
      0.443,
      0.46,
      0.54,
      0.754,
      0.718,
      1.0,
      0.647,
      0.32,
      0.516,
      0.387,
      0.289,
      0.401,
      0.509,
      0.327,
      0.376,
      0.5,
      0.314,
      0.444,
      0.582,
      0.316,
      0.224,
      0.496,
      0.479,
      0.562,
      0.391,
      0.421,
      0.243,
      0.513,
      0.557,
      0.553,
      0.621,
      0.304,
      0.502
    ],
    [
      0.628,
      0.371,
      0.384,
      0.384,
      0.209,
      0.397,
      0.461,
      0.557,
      0.488,
      0.602,
      0.46,
      0.486,
      0.69,
      0.489,
      0.484,
      0.565,
      0.503,
      0.649,
      0.7,
      0.647,
      1.0,
      0.353,
      0.602,
      0.444,
      0.482,
      0.345,
      0.42,
      0.402,
      0.416,
      0.564,
      0.334,
      0.418,
      0.486,
      0.311,
      0.236,
      0.382,
      0.629,
      0.522,
      0.526,
      0.592,
      0.25,
      0.491,
      0.594,
      0.6,
      0.601,
      0.476,
      0.465
    ],
    [
      0.308,
      0.258,
      0.411,
      0.509,
      0.318,
      0.495,
      0.413,
      0.125,
      0.315,
      0.442,
      0.305,
      0.348,
      0.353,
      0.406,
      0.349,
      0.409,
      0.304,
      0.432,
      0.42,
      0.32,
      0.353,
      1.0,
      0.393,
      0.419,
      0.368,
      0.414,
      0.334,
      0.354,
      0.321,
      0.514,
      0.473,
      0.345,
      0.389,
      0.443,
      0.44,
      0.319,
      0.23,
      0.278,
      0.307,
      0.261,
      0.352,
      0.313,
      0.378,
      0.441,
      0.228,
      0.155,
      0.322
    ],
    [
      0.517,
      0.234,
      0.387,
      0.311,
      0.297,
      0.39,
      0.404,
      0.52,
      0.398,
      0.639,
      0.32,
      0.465,
      0.528,
      0.469,
      0.426,
      0.469,
      0.489,
      0.461,
      0.515,
      0.516,
      0.602,
      0.393,
      1.0,
      0.337,
      0.368,
      0.286,
      0.39,
      0.421,
      0.458,
      0.539,
      0.452,
      0.438,
      0.473,
      0.382,
      0.264,
      0.445,
      0.562,
      0.468,
      0.386,
      0.49,
      0.375,
      0.546,
      0.615,
      0.56,
      0.393,
      0.512,
      0.487
    ],
    [
      0.436,
      0.501,
      0.445,
      0.459,
      0.284,
      0.369,
      0.444,
      0.339,
      0.33,
      0.371,
      0.451,
      0.337,
      0.431,
      0.321,
      0.44,
      0.346,
      0.341,
      0.388,
      0.438,
      0.387,
      0.444,
      0.419,
      0.337,
      1.0,
      0.75,
      0.36,
      0.377,
      0.328,
      0.345,
      0.39,
      0.369,
      0.33,
      0.429,
      0.358,
      0.295,
      0.249,
      0.509,
      0.344,
      0.58,
      0.305,
      0.161,
      0.332,
      0.424,
      0.471,
      0.434,
      0.323,
      0.39
    ],
    [
      0.476,
      0.374,
      0.466,
      0.474,
      0.398,
      0.46,
      0.442,
      0.309,
      0.336,
      0.376,
      0.405,
      0.377,
      0.427,
      0.342,
      0.495,
      0.34,
      0.318,
      0.338,
      0.344,
      0.289,
      0.482,
      0.368,
      0.368,
      0.75,
      1.0,
      0.276,
      0.374,
      0.3,
      0.254,
      0.425,
      0.387,
      0.341,
      0.353,
      0.328,
      0.283,
      0.197,
      0.46,
      0.28,
      0.631,
      0.346,
      0.117,
      0.328,
      0.508,
      0.458,
      0.435,
      0.349,
      0.374
    ],
    [
      0.505,
      0.289,
      0.351,
      0.491,
      0.224,
      0.266,
      0.453,
      0.206,
      0.418,
      0.439,
      0.242,
      0.47,
      0.467,
      0.466,
      0.428,
      0.516,
      0.514,
      0.496,
      0.551,
      0.401,
      0.345,
      0.414,
      0.286,
      0.36,
      0.276,
      1.0,
      0.342,
      0.312,
      0.314,
      0.474,
      0.354,
      0.386,
      0.614,
      0.2,
      0.252,
      0.571,
      0.306,
      0.557,
      0.359,
      0.256,
      0.213,
      0.459,
      0.441,
      0.566,
      0.566,
      0.194,
      0.333
    ],
    [
      0.562,
      0.202,
      0.513,
      0.54,
      0.346,
      0.298,
      0.554,
      0.228,
      0.564,
      0.629,
      0.305,
      0.497,
      0.498,
      0.448,
      0.507,
      0.322,
      0.413,
      0.5,
      0.452,
      0.509,
      0.42,
      0.334,
      0.39,
      0.377,
      0.374,
      0.342,
      1.0,
      0.319,
      0.392,
      0.618,
      0.289,
      0.448,
      0.405,
      0.349,
      0.314,
      0.493,
      0.315,
      0.54,
      0.447,
      0.334,
      0.237,
      0.519,
      0.49,
      0.482,
      0.434,
      0.383,
      0.466
    ],
    [
      0.355,
      0.342,
      0.287,
      0.254,
      0.113,
      0.239,
      0.333,
      0.178,
      0.374,
      0.508,
      0.199,
      0.489,
      0.453,
      0.699,
      0.562,
      0.35,
      0.464,
      0.356,
      0.397,
      0.327,
      0.402,
      0.354,
      0.421,
      0.328,
      0.3,
      0.312,
      0.319,
      1.0,
      0.829,
      0.612,
      0.619,
      0.425,
      0.388,
      0.168,
      0.266,
      0.345,
      0.354,
      0.493,
      0.452,
      0.359,
      0.185,
      0.377,
      0.408,
      0.599,
      0.372,
      0.309,
      0.254
    ],
    [
      0.374,
      0.313,
      0.311,
      0.259,
      0.108,
      0.191,
      0.345,
      0.269,
      0.405,
      0.515,
      0.206,
      0.51,
      0.468,
      0.704,
      0.515,
      0.34,
      0.442,
      0.363,
      0.383,
      0.376,
      0.416,
      0.321,
      0.458,
      0.345,
      0.254,
      0.314,
      0.392,
      0.829,
      1.0,
      0.604,
      0.586,
      0.388,
      0.383,
      0.158,
      0.239,
      0.36,
      0.396,
      0.498,
      0.457,
      0.336,
      0.189,
      0.426,
      0.434,
      0.583,
      0.362,
      0.307,
      0.256
    ],
    [
      0.591,
      0.254,
      0.582,
      0.6,
      0.398,
      0.394,
      0.55,
      0.258,
      0.584,
      0.721,
      0.267,
      0.643,
      0.594,
      0.719,
      0.657,
      0.441,
      0.538,
      0.592,
      0.593,
      0.5,
      0.564,
      0.514,
      0.539,
      0.39,
      0.425,
      0.474,
      0.618,
      0.612,
      0.604,
      1.0,
      0.636,
      0.627,
      0.588,
      0.352,
      0.342,
      0.613,
      0.384,
      0.643,
      0.496,
      0.415,
      0.26,
      0.584,
      0.653,
      0.665,
      0.491,
      0.439,
      0.537
    ],
    [
      0.277,
      0.289,
      0.442,
      0.389,
      0.289,
      0.363,
      0.383,
      0.182,
      0.338,
      0.495,
      0.136,
      0.451,
      0.429,
      0.689,
      0.516,
      0.354,
      0.386,
      0.36,
      0.342,
      0.314,
      0.334,
      0.473,
      0.452,
      0.369,
      0.387,
      0.354,
      0.289,
      0.619,
      0.586,
      0.636,
      1.0,
      0.474,
      0.438,
      0.277,
      0.273,
      0.441,
      0.322,
      0.438,
      0.416,
      0.323,
      0.176,
      0.41,
      0.5,
      0.505,
      0.373,
      0.232,
      0.34
    ],
    [
      0.535,
      0.303,
      0.555,
      0.53,
      0.231,
      0.265,
      0.442,
      0.18,
      0.513,
      0.618,
      0.255,
      0.725,
      0.613,
      0.547,
      0.706,
      0.507,
      0.557,
      0.488,
      0.454,
      0.444,
      0.418,
      0.345,
      0.438,
      0.33,
      0.341,
      0.386,
      0.448,
      0.425,
      0.388,
      0.627,
      0.474,
      1.0,
      0.707,
      0.3,
      0.279,
      0.667,
      0.348,
      0.552,
      0.351,
      0.309,
      0.127,
      0.584,
      0.601,
      0.622,
      0.388,
      0.388,
      0.553
    ],
    [
      0.565,
      0.348,
      0.551,
      0.58,
      0.259,
      0.315,
      0.442,
      0.314,
      0.505,
      0.6,
      0.253,
      0.672,
      0.694,
      0.508,
      0.596,
      0.603,
      0.685,
      0.669,
      0.623,
      0.582,
      0.486,
      0.389,
      0.473,
      0.429,
      0.353,
      0.614,
      0.405,
      0.388,
      0.383,
      0.588,
      0.438,
      0.707,
      1.0,
      0.422,
      0.316,
      0.595,
      0.48,
      0.651,
      0.33,
      0.391,
      0.238,
      0.6,
      0.607,
      0.699,
      0.54,
      0.307,
      0.562
    ],
    [
      0.209,
      0.294,
      0.431,
      0.343,
      0.252,
      0.32,
      0.412,
      0.211,
      0.25,
      0.301,
      0.197,
      0.246,
      0.319,
      0.212,
      0.258,
      0.315,
      0.257,
      0.361,
      0.256,
      0.316,
      0.311,
      0.443,
      0.382,
      0.358,
      0.328,
      0.2,
      0.349,
      0.168,
      0.158,
      0.352,
      0.277,
      0.3,
      0.422,
      1.0,
      0.712,
      0.142,
      0.286,
      0.147,
      0.151,
      0.303,
      0.251,
      0.241,
      0.327,
      0.304,
      0.206,
      0.153,
      0.401
    ],
    [
      0.238,
      0.226,
      0.443,
      0.341,
      0.326,
      0.397,
      0.466,
      0.202,
      0.242,
      0.31,
      0.254,
      0.203,
      0.287,
      0.215,
      0.259,
      0.339,
      0.264,
      0.263,
      0.242,
      0.224,
      0.236,
      0.44,
      0.264,
      0.295,
      0.283,
      0.252,
      0.314,
      0.266,
      0.239,
      0.342,
      0.273,
      0.279,
      0.316,
      0.712,
      1.0,
      0.158,
      0.209,
      0.156,
      0.253,
      0.149,
      0.162,
      0.207,
      0.284,
      0.289,
      0.26,
      0.173,
      0.275
    ],
    [
      0.53,
      0.136,
      0.416,
      0.486,
      0.172,
      0.153,
      0.503,
      0.093,
      0.531,
      0.653,
      0.071,
      0.577,
      0.466,
      0.515,
      0.517,
      0.323,
      0.504,
      0.495,
      0.561,
      0.496,
      0.382,
      0.319,
      0.445,
      0.249,
      0.197,
      0.571,
      0.493,
      0.345,
      0.36,
      0.613,
      0.441,
      0.667,
      0.595,
      0.142,
      0.158,
      1.0,
      0.239,
      0.682,
      0.367,
      0.25,
      0.096,
      0.636,
      0.553,
      0.559,
      0.448,
      0.393,
      0.523
    ],
    [
      0.539,
      0.379,
      0.421,
      0.345,
      0.198,
      0.446,
      0.373,
      0.633,
      0.451,
      0.449,
      0.418,
      0.398,
      0.626,
      0.389,
      0.433,
      0.583,
      0.481,
      0.452,
      0.499,
      0.479,
      0.629,
      0.23,
      0.562,
      0.509,
      0.46,
      0.306,
      0.315,
      0.354,
      0.396,
      0.384,
      0.322,
      0.348,
      0.48,
      0.286,
      0.209,
      0.239,
      1.0,
      0.433,
      0.463,
      0.444,
      0.158,
      0.434,
      0.562,
      0.549,
      0.521,
      0.419,
      0.383
    ],
    [
      0.649,
      0.344,
      0.438,
      0.447,
      0.196,
      0.16,
      0.474,
      0.27,
      0.617,
      0.635,
      0.207,
      0.659,
      0.623,
      0.617,
      0.601,
      0.478,
      0.64,
      0.582,
      0.575,
      0.562,
      0.522,
      0.278,
      0.468,
      0.344,
      0.28,
      0.557,
      0.54,
      0.493,
      0.498,
      0.643,
      0.438,
      0.552,
      0.651,
      0.147,
      0.156,
      0.682,
      0.433,
      1.0,
      0.47,
      0.361,
      0.19,
      0.626,
      0.64,
      0.735,
      0.653,
      0.381,
      0.506
    ],
    [
      0.551,
      0.363,
      0.376,
      0.414,
      0.29,
      0.409,
      0.437,
      0.291,
      0.428,
      0.408,
      0.306,
      0.404,
      0.461,
      0.474,
      0.462,
      0.38,
      0.323,
      0.376,
      0.397,
      0.391,
      0.526,
      0.307,
      0.386,
      0.58,
      0.631,
      0.359,
      0.447,
      0.452,
      0.457,
      0.496,
      0.416,
      0.351,
      0.33,
      0.151,
      0.253,
      0.367,
      0.463,
      0.47,
      1.0,
      0.376,
      0.135,
      0.441,
      0.559,
      0.518,
      0.48,
      0.431,
      0.326
    ],
    [
      0.34,
      0.239,
      0.206,
      0.242,
      0.091,
      0.249,
      0.365,
      0.43,
      0.308,
      0.425,
      0.262,
      0.295,
      0.419,
      0.361,
      0.306,
      0.326,
      0.333,
      0.421,
      0.425,
      0.421,
      0.592,
      0.261,
      0.49,
      0.305,
      0.346,
      0.256,
      0.334,
      0.359,
      0.336,
      0.415,
      0.323,
      0.309,
      0.391,
      0.303,
      0.149,
      0.25,
      0.444,
      0.361,
      0.376,
      1.0,
      0.296,
      0.522,
      0.389,
      0.433,
      0.417,
      0.324,
      0.373
    ],
    [
      0.214,
      0.221,
      0.069,
      0.165,
      0.187,
      0.277,
      0.251,
      0.197,
      0.123,
      0.185,
      0.205,
      0.153,
      0.191,
      0.243,
      0.065,
      0.299,
      0.257,
      0.222,
      0.181,
      0.243,
      0.25,
      0.352,
      0.375,
      0.161,
      0.117,
      0.213,
      0.237,
      0.185,
      0.189,
      0.26,
      0.176,
      0.127,
      0.238,
      0.251,
      0.162,
      0.096,
      0.158,
      0.19,
      0.135,
      0.296,
      1.0,
      0.26,
      0.183,
      0.222,
      0.154,
      0.325,
      0.226
    ],
    [
      0.536,
      0.213,
      0.451,
      0.461,
      0.263,
      0.271,
      0.485,
      0.361,
      0.445,
      0.728,
      0.236,
      0.651,
      0.567,
      0.54,
      0.5,
      0.486,
      0.594,
      0.55,
      0.579,
      0.513,
      0.491,
      0.313,
      0.546,
      0.332,
      0.328,
      0.459,
      0.519,
      0.377,
      0.426,
      0.584,
      0.41,
      0.584,
      0.6,
      0.241,
      0.207,
      0.636,
      0.434,
      0.626,
      0.441,
      0.522,
      0.26,
      1.0,
      0.627,
      0.621,
      0.557,
      0.393,
      0.514
    ],
    [
      0.624,
      0.341,
      0.56,
      0.481,
      0.364,
      0.316,
      0.566,
      0.374,
      0.552,
      0.673,
      0.328,
      0.678,
      0.649,
      0.634,
      0.697,
      0.55,
      0.599,
      0.6,
      0.591,
      0.557,
      0.594,
      0.378,
      0.615,
      0.424,
      0.508,
      0.441,
      0.49,
      0.408,
      0.434,
      0.653,
      0.5,
      0.601,
      0.607,
      0.327,
      0.284,
      0.553,
      0.562,
      0.64,
      0.559,
      0.389,
      0.183,
      0.627,
      1.0,
      0.756,
      0.554,
      0.407,
      0.517
    ],
    [
      0.708,
      0.44,
      0.547,
      0.527,
      0.306,
      0.332,
      0.524,
      0.355,
      0.625,
      0.691,
      0.323,
      0.747,
      0.763,
      0.707,
      0.764,
      0.652,
      0.716,
      0.681,
      0.64,
      0.553,
      0.6,
      0.441,
      0.56,
      0.471,
      0.458,
      0.566,
      0.482,
      0.599,
      0.583,
      0.665,
      0.505,
      0.622,
      0.699,
      0.304,
      0.289,
      0.559,
      0.549,
      0.735,
      0.518,
      0.433,
      0.222,
      0.621,
      0.756,
      1.0,
      0.662,
      0.4,
      0.433
    ],
    [
      0.608,
      0.434,
      0.486,
      0.408,
      0.205,
      0.305,
      0.446,
      0.418,
      0.466,
      0.567,
      0.334,
      0.531,
      0.635,
      0.505,
      0.573,
      0.55,
      0.635,
      0.62,
      0.599,
      0.621,
      0.601,
      0.228,
      0.393,
      0.434,
      0.435,
      0.566,
      0.434,
      0.372,
      0.362,
      0.491,
      0.373,
      0.388,
      0.54,
      0.206,
      0.26,
      0.448,
      0.521,
      0.653,
      0.48,
      0.417,
      0.154,
      0.557,
      0.554,
      0.662,
      1.0,
      0.319,
      0.382
    ],
    [
      0.508,
      0.236,
      0.378,
      0.303,
      0.327,
      0.381,
      0.382,
      0.297,
      0.441,
      0.386,
      0.208,
      0.337,
      0.4,
      0.342,
      0.382,
      0.309,
      0.35,
      0.221,
      0.319,
      0.304,
      0.476,
      0.155,
      0.512,
      0.323,
      0.349,
      0.194,
      0.383,
      0.309,
      0.307,
      0.439,
      0.232,
      0.388,
      0.307,
      0.153,
      0.173,
      0.393,
      0.419,
      0.381,
      0.431,
      0.324,
      0.325,
      0.393,
      0.407,
      0.4,
      0.319,
      1.0,
      0.436
    ],
    [
      0.496,
      0.31,
      0.487,
      0.485,
      0.352,
      0.255,
      0.42,
      0.336,
      0.522,
      0.543,
      0.288,
      0.426,
      0.466,
      0.376,
      0.449,
      0.339,
      0.368,
      0.404,
      0.45,
      0.502,
      0.465,
      0.322,
      0.487,
      0.39,
      0.374,
      0.333,
      0.466,
      0.254,
      0.256,
      0.537,
      0.34,
      0.553,
      0.562,
      0.401,
      0.275,
      0.523,
      0.383,
      0.506,
      0.326,
      0.373,
      0.226,
      0.514,
      0.517,
      0.433,
      0.382,
      0.436,
      1.0
    ]
  ]
}