{
  "feeds": [
    "Brazil | Folha de São Paulo",
    "Brazil | O Globo (via Google News)",
    "China | CGTN Politics",
    "China | CGTN World",
    "China | Global Times",
    "China | People's Daily CN",
    "China | Xinhua English",
    "India | Dainik Bhaskar",
    "India | NDTV World",
    "India | The Hindu Intl",
    "India | Times of India",
    "Iran (Opposition / Diaspora) | Iran International EN",
    "Iran (Opposition / Diaspora) | Iran International FA",
    "Iran (Opposition / Diaspora) | RFE/RL (was Radio Farda)",
    "Iran (State) | IRNA English",
    "Iran (State) | IRNA Farsi",
    "Iran (State) | Tehran Times",
    "Israel | Haaretz",
    "Israel | Jerusalem Post",
    "Israel | Times of Israel",
    "Israel | Ynet Hebrew",
    "Japan | Japan Times",
    "Japan | NHK Japanese",
    "Nigeria | The Punch",
    "Nigeria | Vanguard",
    "Qatar | Al Jazeera Arabic",
    "Qatar | Al Jazeera English",
    "Russia | Meduza",
    "Russia | Moscow Times",
    "Russia | RT",
    "Russia | TASS English",
    "Saudi Arabia | Al Arabiya English (via Google News)",
    "Saudi Arabia | Arab News (via Google News)",
    "South Korea | Korea Herald (via Google News)",
    "South Korea | Yonhap News",
    "Turkey | Daily Sabah",
    "Turkey | Hurriyet",
    "United Kingdom | BBC World",
    "United Kingdom | The Guardian World",
    "United Kingdom | The Telegraph",
    "United States | CNN World",
    "United States | Fox News World",
    "United States | NPR World",
    "Wire Services (Factual Baseline) | AFP / France 24 EN",
    "Wire Services (Factual Baseline) | AFP / France 24 FR",
    "Wire Services (Factual Baseline) | AP News",
    "Wire Services (Factual Baseline) | Reuters (via Google News)"
  ],
  "matrix": [
    [
      1.0,
      0.538,
      0.45,
      0.489,
      0.322,
      0.407,
      0.474,
      0.498,
      0.491,
      0.477,
      0.466,
      0.491,
      0.602,
      0.556,
      0.534,
      0.516,
      0.414,
      0.535,
      0.558,
      0.477,
      0.673,
      0.238,
      0.411,
      0.435,
      0.531,
      0.577,
      0.499,
      0.602,
      0.587,
      0.644,
      0.627,
      0.443,
      0.425,
      0.342,
      0.199,
      0.449,
      0.51,
      0.505,
      0.649,
      0.476,
      0.235,
      0.575,
      0.541,
      0.401,
      0.619,
      0.439,
      0.464
    ],
    [
      0.538,
      1.0,
      0.403,
      0.49,
      0.214,
      0.373,
      0.404,
      0.363,
      0.402,
      0.404,
      0.42,
      0.376,
      0.446,
      0.459,
      0.327,
      0.445,
      0.325,
      0.33,
      0.462,
      0.298,
      0.455,
      0.172,
      0.397,
      0.434,
      0.575,
      0.382,
      0.373,
      0.397,
      0.383,
      0.378,
      0.438,
      0.401,
      0.369,
      0.424,
      0.253,
      0.35,
      0.422,
      0.303,
      0.4,
      0.262,
      0.191,
      0.345,
      0.474,
      0.393,
      0.481,
      0.492,
      0.413
    ],
    [
      0.45,
      0.403,
      1.0,
      0.751,
      0.469,
      0.505,
      0.524,
      0.4,
      0.476,
      0.571,
      0.431,
      0.577,
      0.652,
      0.488,
      0.553,
      0.61,
      0.614,
      0.439,
      0.597,
      0.351,
      0.49,
      0.181,
      0.429,
      0.298,
      0.598,
      0.498,
      0.494,
      0.265,
      0.323,
      0.454,
      0.459,
      0.617,
      0.649,
      0.497,
      0.39,
      0.56,
      0.343,
      0.22,
      0.324,
      0.206,
      0.069,
      0.518,
      0.485,
      0.49,
      0.509,
      0.34,
      0.549
    ],
    [
      0.489,
      0.49,
      0.751,
      1.0,
      0.563,
      0.522,
      0.471,
      0.346,
      0.511,
      0.635,
      0.315,
      0.559,
      0.642,
      0.436,
      0.525,
      0.544,
      0.585,
      0.451,
      0.581,
      0.377,
      0.513,
      0.299,
      0.444,
      0.315,
      0.625,
      0.452,
      0.489,
      0.204,
      0.291,
      0.449,
      0.466,
      0.566,
      0.586,
      0.438,
      0.334,
      0.578,
      0.28,
      0.177,
      0.315,
      0.242,
      0.165,
      0.473,
      0.583,
      0.446,
      0.522,
      0.38,
      0.619
    ],
    [
      0.322,
      0.214,
      0.469,
      0.563,
      1.0,
      0.557,
      0.253,
      0.325,
      0.372,
      0.399,
      0.294,
      0.313,
      0.344,
      0.204,
      0.229,
      0.286,
      0.348,
      0.177,
      0.288,
      0.154,
      0.28,
      0.371,
      0.354,
      0.358,
      0.343,
      0.212,
      0.228,
      0.129,
      0.157,
      0.27,
      0.303,
      0.163,
      0.195,
      0.237,
      0.267,
      0.337,
      0.184,
      0.095,
      0.3,
      0.078,
      0.191,
      0.232,
      0.363,
      0.168,
      0.302,
      0.145,
      0.394
    ],
    [
      0.407,
      0.373,
      0.505,
      0.522,
      0.557,
      1.0,
      0.338,
      0.471,
      0.394,
      0.353,
      0.428,
      0.296,
      0.405,
      0.246,
      0.355,
      0.561,
      0.474,
      0.31,
      0.369,
      0.27,
      0.445,
      0.322,
      0.524,
      0.375,
      0.405,
      0.402,
      0.225,
      0.168,
      0.221,
      0.275,
      0.308,
      0.239,
      0.265,
      0.334,
      0.334,
      0.298,
      0.38,
      0.195,
      0.316,
      0.249,
      0.277,
      0.196,
      0.349,
      0.231,
      0.359,
      0.233,
      0.302
    ],
    [
      0.474,
      0.404,
      0.524,
      0.471,
      0.253,
      0.338,
      1.0,
      0.296,
      0.462,
      0.525,
      0.343,
      0.435,
      0.562,
      0.43,
      0.489,
      0.427,
      0.436,
      0.466,
      0.552,
      0.492,
      0.463,
      0.196,
      0.381,
      0.373,
      0.548,
      0.485,
      0.438,
      0.28,
      0.333,
      0.542,
      0.436,
      0.467,
      0.378,
      0.45,
      0.31,
      0.534,
      0.395,
      0.406,
      0.432,
      0.365,
      0.251,
      0.471,
      0.568,
      0.464,
      0.532,
      0.438,
      0.472
    ],
    [
      0.498,
      0.363,
      0.4,
      0.346,
      0.325,
      0.471,
      0.296,
      1.0,
      0.378,
      0.319,
      0.647,
      0.232,
      0.403,
      0.206,
      0.303,
      0.447,
      0.347,
      0.482,
      0.423,
      0.311,
      0.6,
      0.293,
      0.437,
      0.329,
      0.362,
      0.481,
      0.361,
      0.282,
      0.202,
      0.238,
      0.319,
      0.254,
      0.301,
      0.377,
      0.295,
      0.137,
      0.678,
      0.303,
      0.493,
      0.354,
      0.199,
      0.349,
      0.261,
      0.37,
      0.37,
      0.315,
      0.27
    ],
    [
      0.491,
      0.402,
      0.476,
      0.511,
      0.372,
      0.394,
      0.462,
      0.378,
      1.0,
      0.553,
      0.424,
      0.54,
      0.65,
      0.522,
      0.621,
      0.483,
      0.579,
      0.506,
      0.638,
      0.515,
      0.566,
      0.237,
      0.44,
      0.346,
      0.56,
      0.567,
      0.524,
      0.31,
      0.451,
      0.635,
      0.516,
      0.59,
      0.524,
      0.372,
      0.245,
      0.567,
      0.394,
      0.389,
      0.4,
      0.328,
      0.249,
      0.436,
      0.584,
      0.501,
      0.657,
      0.453,
      0.555
    ],
    [
      0.477,
      0.404,
      0.571,
      0.635,
      0.399,
      0.353,
      0.525,
      0.319,
      0.553,
      1.0,
      0.382,
      0.662,
      0.753,
      0.699,
      0.602,
      0.5,
      0.701,
      0.489,
      0.659,
      0.371,
      0.51,
      0.148,
      0.413,
      0.363,
      0.582,
      0.534,
      0.618,
      0.333,
      0.536,
      0.59,
      0.602,
      0.624,
      0.562,
      0.371,
      0.333,
      0.68,
      0.387,
      0.169,
      0.388,
      0.282,
      0.242,
      0.561,
      0.771,
      0.578,
      0.683,
      0.414,
      0.665
    ],
    [
      0.466,
      0.42,
      0.431,
      0.315,
      0.294,
      0.428,
      0.343,
      0.647,
      0.424,
      0.382,
      1.0,
      0.366,
      0.471,
      0.268,
      0.37,
      0.515,
      0.384,
      0.429,
      0.347,
      0.323,
      0.493,
      0.276,
      0.396,
      0.42,
      0.389,
      0.452,
      0.348,
      0.343,
      0.334,
      0.319,
      0.386,
      0.286,
      0.34,
      0.466,
      0.431,
      0.212,
      0.493,
      0.36,
      0.446,
      0.343,
      0.349,
      0.342,
      0.289,
      0.28,
      0.365,
      0.367,
      0.3
    ],
    [
      0.491,
      0.376,
      0.577,
      0.559,
      0.313,
      0.296,
      0.435,
      0.232,
      0.54,
      0.662,
      0.366,
      1.0,
      0.767,
      0.661,
      0.776,
      0.707,
      0.79,
      0.573,
      0.593,
      0.399,
      0.594,
      0.115,
      0.314,
      0.212,
      0.485,
      0.54,
      0.729,
      0.344,
      0.464,
      0.576,
      0.517,
      0.631,
      0.604,
      0.329,
      0.28,
      0.695,
      0.345,
      0.189,
      0.358,
      0.26,
      0.269,
      0.635,
      0.62,
      0.451,
      0.639,
      0.263,
      0.542
    ],
    [
      0.602,
      0.446,
      0.652,
      0.642,
      0.344,
      0.405,
      0.562,
      0.403,
      0.65,
      0.753,
      0.471,
      0.767,
      1.0,
      0.663,
      0.767,
      0.724,
      0.754,
      0.677,
      0.733,
      0.529,
      0.714,
      0.193,
      0.516,
      0.343,
      0.577,
      0.719,
      0.715,
      0.461,
      0.549,
      0.67,
      0.645,
      0.703,
      0.71,
      0.444,
      0.352,
      0.709,
      0.481,
      0.343,
      0.412,
      0.348,
      0.253,
      0.707,
      0.682,
      0.603,
      0.715,
      0.433,
      0.652
    ],
    [
      0.556,
      0.459,
      0.488,
      0.436,
      0.204,
      0.246,
      0.43,
      0.206,
      0.522,
      0.699,
      0.268,
      0.661,
      0.663,
      1.0,
      0.628,
      0.469,
      0.628,
      0.47,
      0.658,
      0.348,
      0.525,
      0.082,
      0.373,
      0.291,
      0.491,
      0.525,
      0.601,
      0.627,
      0.696,
      0.655,
      0.662,
      0.63,
      0.518,
      0.265,
      0.174,
      0.675,
      0.363,
      0.17,
      0.374,
      0.311,
      0.164,
      0.58,
      0.722,
      0.518,
      0.679,
      0.399,
      0.6
    ],
    [
      0.534,
      0.327,
      0.553,
      0.525,
      0.229,
      0.355,
      0.489,
      0.303,
      0.621,
      0.602,
      0.37,
      0.776,
      0.767,
      0.628,
      1.0,
      0.769,
      0.743,
      0.695,
      0.676,
      0.559,
      0.656,
      0.131,
      0.345,
      0.286,
      0.475,
      0.663,
      0.697,
      0.402,
      0.427,
      0.679,
      0.586,
      0.688,
      0.628,
      0.353,
      0.225,
      0.72,
      0.312,
      0.215,
      0.391,
      0.336,
      0.181,
      0.588,
      0.606,
      0.5,
      0.654,
      0.285,
      0.617
    ],
    [
      0.516,
      0.445,
      0.61,
      0.544,
      0.286,
      0.561,
      0.427,
      0.447,
      0.483,
      0.5,
      0.515,
      0.707,
      0.724,
      0.469,
      0.769,
      1.0,
      0.711,
      0.642,
      0.615,
      0.427,
      0.649,
      0.154,
      0.415,
      0.363,
      0.476,
      0.664,
      0.592,
      0.35,
      0.356,
      0.486,
      0.527,
      0.559,
      0.579,
      0.417,
      0.309,
      0.534,
      0.404,
      0.226,
      0.341,
      0.313,
      0.172,
      0.518,
      0.461,
      0.43,
      0.539,
      0.227,
      0.455
    ],
    [
      0.414,
      0.325,
      0.614,
      0.585,
      0.348,
      0.474,
      0.436,
      0.347,
      0.579,
      0.701,
      0.384,
      0.79,
      0.754,
      0.628,
      0.743,
      0.711,
      1.0,
      0.556,
      0.612,
      0.4,
      0.567,
      0.163,
      0.405,
      0.267,
      0.55,
      0.555,
      0.655,
      0.308,
      0.437,
      0.512,
      0.523,
      0.599,
      0.627,
      0.369,
      0.383,
      0.66,
      0.372,
      0.116,
      0.301,
      0.253,
      0.235,
      0.57,
      0.562,
      0.481,
      0.666,
      0.295,
      0.541
    ],
    [
      0.535,
      0.33,
      0.439,
      0.451,
      0.177,
      0.31,
      0.466,
      0.482,
      0.506,
      0.489,
      0.429,
      0.573,
      0.677,
      0.47,
      0.695,
      0.642,
      0.556,
      1.0,
      0.66,
      0.717,
      0.774,
      0.255,
      0.364,
      0.35,
      0.438,
      0.734,
      0.672,
      0.375,
      0.344,
      0.508,
      0.501,
      0.485,
      0.579,
      0.35,
      0.235,
      0.527,
      0.507,
      0.345,
      0.463,
      0.497,
      0.221,
      0.546,
      0.517,
      0.559,
      0.537,
      0.295,
      0.437
    ],
    [
      0.558,
      0.462,
      0.597,
      0.581,
      0.288,
      0.369,
      0.552,
      0.423,
      0.638,
      0.659,
      0.347,
      0.593,
      0.733,
      0.658,
      0.676,
      0.615,
      0.612,
      0.66,
      1.0,
      0.65,
      0.626,
      0.203,
      0.468,
      0.458,
      0.62,
      0.665,
      0.662,
      0.394,
      0.484,
      0.64,
      0.574,
      0.611,
      0.622,
      0.38,
      0.239,
      0.717,
      0.428,
      0.299,
      0.429,
      0.352,
      0.142,
      0.53,
      0.676,
      0.666,
      0.684,
      0.377,
      0.609
    ],
    [
      0.477,
      0.298,
      0.351,
      0.377,
      0.154,
      0.27,
      0.492,
      0.311,
      0.515,
      0.371,
      0.323,
      0.399,
      0.529,
      0.348,
      0.559,
      0.427,
      0.4,
      0.717,
      0.65,
      1.0,
      0.56,
      0.239,
      0.331,
      0.327,
      0.453,
      0.647,
      0.571,
      0.288,
      0.252,
      0.542,
      0.417,
      0.363,
      0.509,
      0.267,
      0.176,
      0.532,
      0.326,
      0.385,
      0.41,
      0.483,
      0.276,
      0.397,
      0.473,
      0.554,
      0.536,
      0.322,
      0.435
    ],
    [
      0.673,
      0.455,
      0.49,
      0.513,
      0.28,
      0.445,
      0.463,
      0.6,
      0.566,
      0.51,
      0.493,
      0.594,
      0.714,
      0.525,
      0.656,
      0.649,
      0.567,
      0.774,
      0.626,
      0.56,
      1.0,
      0.245,
      0.482,
      0.324,
      0.522,
      0.777,
      0.608,
      0.418,
      0.415,
      0.581,
      0.522,
      0.566,
      0.575,
      0.404,
      0.329,
      0.542,
      0.627,
      0.454,
      0.511,
      0.483,
      0.263,
      0.58,
      0.569,
      0.549,
      0.657,
      0.448,
      0.498
    ],
    [
      0.238,
      0.172,
      0.181,
      0.299,
      0.371,
      0.322,
      0.196,
      0.293,
      0.237,
      0.148,
      0.276,
      0.115,
      0.193,
      0.082,
      0.131,
      0.154,
      0.163,
      0.255,
      0.203,
      0.239,
      0.245,
      1.0,
      0.348,
      0.267,
      0.213,
      0.211,
      0.225,
      0.165,
      0.204,
      0.13,
      0.294,
      0.063,
      0.152,
      0.405,
      0.403,
      0.161,
      0.267,
      0.075,
      0.145,
      0.126,
      0.297,
      0.116,
      0.131,
      0.122,
      0.043,
      0.028,
      0.165
    ],
    [
      0.411,
      0.397,
      0.429,
      0.444,
      0.354,
      0.524,
      0.381,
      0.437,
      0.44,
      0.413,
      0.396,
      0.314,
      0.516,
      0.373,
      0.345,
      0.415,
      0.405,
      0.364,
      0.468,
      0.331,
      0.482,
      0.348,
      1.0,
      0.362,
      0.423,
      0.463,
      0.352,
      0.307,
      0.335,
      0.343,
      0.351,
      0.332,
      0.312,
      0.415,
      0.352,
      0.424,
      0.434,
      0.255,
      0.394,
      0.381,
      0.267,
      0.292,
      0.451,
      0.375,
      0.423,
      0.411,
      0.367
    ],
    [
      0.435,
      0.434,
      0.298,
      0.315,
      0.358,
      0.375,
      0.373,
      0.329,
      0.346,
      0.363,
      0.42,
      0.212,
      0.343,
      0.291,
      0.286,
      0.363,
      0.267,
      0.35,
      0.458,
      0.327,
      0.324,
      0.267,
      0.362,
      1.0,
      0.52,
      0.322,
      0.216,
      0.311,
      0.322,
      0.357,
      0.374,
      0.237,
      0.235,
      0.356,
      0.205,
      0.277,
      0.294,
      0.317,
      0.398,
      0.304,
      0.21,
      0.243,
      0.359,
      0.291,
      0.291,
      0.248,
      0.428
    ],
    [
      0.531,
      0.575,
      0.598,
      0.625,
      0.343,
      0.405,
      0.548,
      0.362,
      0.56,
      0.582,
      0.389,
      0.485,
      0.577,
      0.491,
      0.475,
      0.476,
      0.55,
      0.438,
      0.62,
      0.453,
      0.522,
      0.213,
      0.423,
      0.52,
      1.0,
      0.465,
      0.463,
      0.322,
      0.419,
      0.474,
      0.507,
      0.519,
      0.513,
      0.409,
      0.32,
      0.553,
      0.425,
      0.326,
      0.407,
      0.331,
      0.173,
      0.424,
      0.557,
      0.594,
      0.624,
      0.493,
      0.5
    ],
    [
      0.577,
      0.382,
      0.498,
      0.452,
      0.212,
      0.402,
      0.485,
      0.481,
      0.567,
      0.534,
      0.452,
      0.54,
      0.719,
      0.525,
      0.663,
      0.664,
      0.555,
      0.734,
      0.665,
      0.647,
      0.777,
      0.211,
      0.463,
      0.322,
      0.465,
      1.0,
      0.608,
      0.488,
      0.48,
      0.632,
      0.629,
      0.553,
      0.662,
      0.415,
      0.277,
      0.579,
      0.525,
      0.409,
      0.368,
      0.471,
      0.194,
      0.573,
      0.553,
      0.537,
      0.611,
      0.426,
      0.497
    ],
    [
      0.499,
      0.373,
      0.494,
      0.489,
      0.228,
      0.225,
      0.438,
      0.361,
      0.524,
      0.618,
      0.348,
      0.729,
      0.715,
      0.601,
      0.697,
      0.592,
      0.655,
      0.672,
      0.662,
      0.571,
      0.608,
      0.225,
      0.352,
      0.216,
      0.463,
      0.608,
      1.0,
      0.332,
      0.38,
      0.543,
      0.557,
      0.591,
      0.604,
      0.355,
      0.297,
      0.615,
      0.378,
      0.201,
      0.354,
      0.414,
      0.257,
      0.643,
      0.58,
      0.561,
      0.598,
      0.244,
      0.529
    ],
    [
      0.602,
      0.397,
      0.265,
      0.204,
      0.129,
      0.168,
      0.28,
      0.282,
      0.31,
      0.333,
      0.343,
      0.344,
      0.461,
      0.627,
      0.402,
      0.35,
      0.308,
      0.375,
      0.394,
      0.288,
      0.418,
      0.165,
      0.307,
      0.311,
      0.322,
      0.488,
      0.332,
      1.0,
      0.702,
      0.546,
      0.656,
      0.268,
      0.316,
      0.181,
      0.077,
      0.309,
      0.403,
      0.25,
      0.332,
      0.353,
      0.093,
      0.424,
      0.345,
      0.249,
      0.394,
      0.317,
      0.329
    ],
    [
      0.587,
      0.383,
      0.323,
      0.291,
      0.157,
      0.221,
      0.333,
      0.202,
      0.451,
      0.536,
      0.334,
      0.464,
      0.549,
      0.696,
      0.427,
      0.356,
      0.437,
      0.344,
      0.484,
      0.252,
      0.415,
      0.204,
      0.335,
      0.322,
      0.419,
      0.48,
      0.38,
      0.702,
      1.0,
      0.576,
      0.715,
      0.393,
      0.393,
      0.237,
      0.207,
      0.425,
      0.359,
      0.251,
      0.329,
      0.254,
      0.23,
      0.376,
      0.492,
      0.346,
      0.533,
      0.369,
      0.414
    ],
    [
      0.644,
      0.378,
      0.454,
      0.449,
      0.27,
      0.275,
      0.542,
      0.238,
      0.635,
      0.59,
      0.319,
      0.576,
      0.67,
      0.655,
      0.679,
      0.486,
      0.512,
      0.508,
      0.64,
      0.542,
      0.581,
      0.13,
      0.343,
      0.357,
      0.474,
      0.632,
      0.543,
      0.546,
      0.576,
      1.0,
      0.667,
      0.533,
      0.501,
      0.337,
      0.176,
      0.657,
      0.323,
      0.359,
      0.419,
      0.443,
      0.204,
      0.515,
      0.616,
      0.407,
      0.636,
      0.45,
      0.586
    ],
    [
      0.627,
      0.438,
      0.459,
      0.466,
      0.303,
      0.308,
      0.436,
      0.319,
      0.516,
      0.602,
      0.386,
      0.517,
      0.645,
      0.662,
      0.586,
      0.527,
      0.523,
      0.501,
      0.574,
      0.417,
      0.522,
      0.294,
      0.351,
      0.374,
      0.507,
      0.629,
      0.557,
      0.656,
      0.715,
      0.667,
      1.0,
      0.463,
      0.482,
      0.335,
      0.307,
      0.482,
      0.353,
      0.237,
      0.305,
      0.344,
      0.191,
      0.473,
      0.533,
      0.403,
      0.558,
      0.415,
      0.502
    ],
    [
      0.443,
      0.401,
      0.617,
      0.566,
      0.163,
      0.239,
      0.467,
      0.254,
      0.59,
      0.624,
      0.286,
      0.631,
      0.703,
      0.63,
      0.688,
      0.559,
      0.599,
      0.485,
      0.611,
      0.363,
      0.566,
      0.063,
      0.332,
      0.237,
      0.519,
      0.553,
      0.591,
      0.268,
      0.393,
      0.533,
      0.463,
      1.0,
      0.732,
      0.454,
      0.287,
      0.674,
      0.337,
      0.259,
      0.234,
      0.267,
      0.058,
      0.586,
      0.58,
      0.521,
      0.567,
      0.359,
      0.673
    ],
    [
      0.425,
      0.369,
      0.649,
      0.586,
      0.195,
      0.265,
      0.378,
      0.301,
      0.524,
      0.562,
      0.34,
      0.604,
      0.71,
      0.518,
      0.628,
      0.579,
      0.627,
      0.579,
      0.622,
      0.509,
      0.575,
      0.152,
      0.312,
      0.235,
      0.513,
      0.662,
      0.604,
      0.316,
      0.393,
      0.501,
      0.482,
      0.732,
      1.0,
      0.511,
      0.364,
      0.559,
      0.354,
      0.217,
      0.163,
      0.317,
      0.116,
      0.556,
      0.495,
      0.512,
      0.536,
      0.325,
      0.616
    ],
    [
      0.342,
      0.424,
      0.497,
      0.438,
      0.237,
      0.334,
      0.45,
      0.377,
      0.372,
      0.371,
      0.466,
      0.329,
      0.444,
      0.265,
      0.353,
      0.417,
      0.369,
      0.35,
      0.38,
      0.267,
      0.404,
      0.405,
      0.415,
      0.356,
      0.409,
      0.415,
      0.355,
      0.181,
      0.237,
      0.337,
      0.335,
      0.454,
      0.511,
      1.0,
      0.676,
      0.357,
      0.344,
      0.324,
      0.24,
      0.273,
      0.164,
      0.338,
      0.27,
      0.22,
      0.232,
      0.243,
      0.468
    ],
    [
      0.199,
      0.253,
      0.39,
      0.334,
      0.267,
      0.334,
      0.31,
      0.295,
      0.245,
      0.333,
      0.431,
      0.28,
      0.352,
      0.174,
      0.225,
      0.309,
      0.383,
      0.235,
      0.239,
      0.176,
      0.329,
      0.403,
      0.352,
      0.205,
      0.32,
      0.277,
      0.297,
      0.077,
      0.207,
      0.176,
      0.307,
      0.287,
      0.364,
      0.676,
      1.0,
      0.284,
      0.221,
      0.131,
      0.13,
      0.132,
      0.287,
      0.178,
      0.203,
      0.21,
      0.258,
      0.174,
      0.283
    ],
    [
      0.449,
      0.35,
      0.56,
      0.578,
      0.337,
      0.298,
      0.534,
      0.137,
      0.567,
      0.68,
      0.212,
      0.695,
      0.709,
      0.675,
      0.72,
      0.534,
      0.66,
      0.527,
      0.717,
      0.532,
      0.542,
      0.161,
      0.424,
      0.277,
      0.553,
      0.579,
      0.615,
      0.309,
      0.425,
      0.657,
      0.482,
      0.674,
      0.559,
      0.357,
      0.284,
      1.0,
      0.228,
      0.169,
      0.32,
      0.257,
      0.186,
      0.544,
      0.721,
      0.573,
      0.682,
      0.37,
      0.644
    ],
    [
      0.51,
      0.422,
      0.343,
      0.28,
      0.184,
      0.38,
      0.395,
      0.678,
      0.394,
      0.387,
      0.493,
      0.345,
      0.481,
      0.363,
      0.312,
      0.404,
      0.372,
      0.507,
      0.428,
      0.326,
      0.627,
      0.267,
      0.434,
      0.294,
      0.425,
      0.525,
      0.378,
      0.403,
      0.359,
      0.323,
      0.353,
      0.337,
      0.354,
      0.344,
      0.221,
      0.228,
      1.0,
      0.393,
      0.487,
      0.405,
      0.204,
      0.44,
      0.354,
      0.37,
      0.392,
      0.431,
      0.235
    ],
    [
      0.505,
      0.303,
      0.22,
      0.177,
      0.095,
      0.195,
      0.406,
      0.303,
      0.389,
      0.169,
      0.36,
      0.189,
      0.343,
      0.17,
      0.215,
      0.226,
      0.116,
      0.345,
      0.299,
      0.385,
      0.454,
      0.075,
      0.255,
      0.317,
      0.326,
      0.409,
      0.201,
      0.25,
      0.251,
      0.359,
      0.237,
      0.259,
      0.217,
      0.324,
      0.131,
      0.169,
      0.393,
      1.0,
      0.418,
      0.398,
      0.13,
      0.323,
      0.249,
      0.266,
      0.341,
      0.283,
      0.255
    ],
    [
      0.649,
      0.4,
      0.324,
      0.315,
      0.3,
      0.316,
      0.432,
      0.493,
      0.4,
      0.388,
      0.446,
      0.358,
      0.412,
      0.374,
      0.391,
      0.341,
      0.301,
      0.463,
      0.429,
      0.41,
      0.511,
      0.145,
      0.394,
      0.398,
      0.407,
      0.368,
      0.354,
      0.332,
      0.329,
      0.419,
      0.305,
      0.234,
      0.163,
      0.24,
      0.13,
      0.32,
      0.487,
      0.418,
      1.0,
      0.359,
      0.265,
      0.481,
      0.453,
      0.42,
      0.502,
      0.45,
      0.298
    ],
    [
      0.476,
      0.262,
      0.206,
      0.242,
      0.078,
      0.249,
      0.365,
      0.354,
      0.328,
      0.282,
      0.343,
      0.26,
      0.348,
      0.311,
      0.336,
      0.313,
      0.253,
      0.497,
      0.352,
      0.483,
      0.483,
      0.126,
      0.381,
      0.304,
      0.331,
      0.471,
      0.414,
      0.353,
      0.254,
      0.443,
      0.344,
      0.267,
      0.317,
      0.273,
      0.132,
      0.257,
      0.405,
      0.398,
      0.359,
      1.0,
      0.296,
      0.326,
      0.354,
      0.293,
      0.329,
      0.305,
      0.336
    ],
    [
      0.235,
      0.191,
      0.069,
      0.165,
      0.191,
      0.277,
      0.251,
      0.199,
      0.249,
      0.242,
      0.349,
      0.269,
      0.253,
      0.164,
      0.181,
      0.172,
      0.235,
      0.221,
      0.142,
      0.276,
      0.263,
      0.297,
      0.267,
      0.21,
      0.173,
      0.194,
      0.257,
      0.093,
      0.23,
      0.204,
      0.191,
      0.058,
      0.116,
      0.164,
      0.287,
      0.186,
      0.204,
      0.13,
      0.265,
      0.296,
      1.0,
      0.134,
      0.259,
      0.165,
      0.244,
      0.207,
      0.207
    ],
    [
      0.575,
      0.345,
      0.518,
      0.473,
      0.232,
      0.196,
      0.471,
      0.349,
      0.436,
      0.561,
      0.342,
      0.635,
      0.707,
      0.58,
      0.588,
      0.518,
      0.57,
      0.546,
      0.53,
      0.397,
      0.58,
      0.116,
      0.292,
      0.243,
      0.424,
      0.573,
      0.643,
      0.424,
      0.376,
      0.515,
      0.473,
      0.586,
      0.556,
      0.338,
      0.178,
      0.544,
      0.44,
      0.323,
      0.481,
      0.326,
      0.134,
      1.0,
      0.56,
      0.486,
      0.588,
      0.375,
      0.523
    ],
    [
      0.541,
      0.474,
      0.485,
      0.583,
      0.363,
      0.349,
      0.568,
      0.261,
      0.584,
      0.771,
      0.289,
      0.62,
      0.682,
      0.722,
      0.606,
      0.461,
      0.562,
      0.517,
      0.676,
      0.473,
      0.569,
      0.131,
      0.451,
      0.359,
      0.557,
      0.553,
      0.58,
      0.345,
      0.492,
      0.616,
      0.533,
      0.58,
      0.495,
      0.27,
      0.203,
      0.721,
      0.354,
      0.249,
      0.453,
      0.354,
      0.259,
      0.56,
      1.0,
      0.656,
      0.747,
      0.503,
      0.663
    ],
    [
      0.401,
      0.393,
      0.49,
      0.446,
      0.168,
      0.231,
      0.464,
      0.37,
      0.501,
      0.578,
      0.28,
      0.451,
      0.603,
      0.518,
      0.5,
      0.43,
      0.481,
      0.559,
      0.666,
      0.554,
      0.549,
      0.122,
      0.375,
      0.291,
      0.594,
      0.537,
      0.561,
      0.249,
      0.346,
      0.407,
      0.403,
      0.521,
      0.512,
      0.22,
      0.21,
      0.573,
      0.37,
      0.266,
      0.42,
      0.293,
      0.165,
      0.486,
      0.656,
      1.0,
      0.676,
      0.402,
      0.475
    ],
    [
      0.619,
      0.481,
      0.509,
      0.522,
      0.302,
      0.359,
      0.532,
      0.37,
      0.657,
      0.683,
      0.365,
      0.639,
      0.715,
      0.679,
      0.654,
      0.539,
      0.666,
      0.537,
      0.684,
      0.536,
      0.657,
      0.043,
      0.423,
      0.291,
      0.624,
      0.611,
      0.598,
      0.394,
      0.533,
      0.636,
      0.558,
      0.567,
      0.536,
      0.232,
      0.258,
      0.682,
      0.392,
      0.341,
      0.502,
      0.329,
      0.244,
      0.588,
      0.747,
      0.676,
      1.0,
      0.462,
      0.579
    ],
    [
      0.439,
      0.492,
      0.34,
      0.38,
      0.145,
      0.233,
      0.438,
      0.315,
      0.453,
      0.414,
      0.367,
      0.263,
      0.433,
      0.399,
      0.285,
      0.227,
      0.295,
      0.295,
      0.377,
      0.322,
      0.448,
      0.028,
      0.411,
      0.248,
      0.493,
      0.426,
      0.244,
      0.317,
      0.369,
      0.45,
      0.415,
      0.359,
      0.325,
      0.243,
      0.174,
      0.37,
      0.431,
      0.283,
      0.45,
      0.305,
      0.207,
      0.375,
      0.503,
      0.402,
      0.462,
      1.0,
      0.313
    ],
    [
      0.464,
      0.413,
      0.549,
      0.619,
      0.394,
      0.302,
      0.472,
      0.27,
      0.555,
      0.665,
      0.3,
      0.542,
      0.652,
      0.6,
      0.617,
      0.455,
      0.541,
      0.437,
      0.609,
      0.435,
      0.498,
      0.165,
      0.367,
      0.428,
      0.5,
      0.497,
      0.529,
      0.329,
      0.414,
      0.586,
      0.502,
      0.673,
      0.616,
      0.468,
      0.283,
      0.644,
      0.235,
      0.255,
      0.298,
      0.336,
      0.207,
      0.523,
      0.663,
      0.475,
      0.579,
      0.313,
      1.0
    ]
  ]
}