{
  "feeds": [
    "Brazil | Folha de São Paulo",
    "Brazil | O Globo (via Google News)",
    "China | CGTN Politics",
    "China | CGTN World",
    "China | Global Times",
    "China | People's Daily CN",
    "China | Xinhua English",
    "India | Dainik Bhaskar",
    "India | NDTV World",
    "India | The Hindu Intl",
    "India | Times of India",
    "Iran (Opposition / Diaspora) | Iran International EN",
    "Iran (Opposition / Diaspora) | Iran International FA",
    "Iran (Opposition / Diaspora) | RFE/RL (was Radio Farda)",
    "Iran (State) | IRNA English",
    "Iran (State) | IRNA Farsi",
    "Iran (State) | Tehran Times",
    "Israel | Haaretz",
    "Israel | Jerusalem Post",
    "Israel | Times of Israel",
    "Israel | Ynet Hebrew",
    "Japan | Japan Times",
    "Japan | NHK Japanese",
    "Nigeria | The Punch",
    "Nigeria | Vanguard",
    "Qatar | Al Jazeera Arabic",
    "Qatar | Al Jazeera English",
    "Russia | Meduza",
    "Russia | Moscow Times",
    "Russia | RT",
    "Russia | TASS English",
    "Saudi Arabia | Al Arabiya English (via Google News)",
    "Saudi Arabia | Arab News (via Google News)",
    "South Korea | Korea Herald (via Google News)",
    "South Korea | Yonhap News",
    "Turkey | Daily Sabah",
    "Turkey | Hurriyet",
    "United Kingdom | BBC World",
    "United Kingdom | The Guardian World",
    "United Kingdom | The Telegraph",
    "United States | CNN World",
    "United States | Fox News World",
    "United States | NPR World",
    "Wire Services (Factual Baseline) | AFP / France 24 EN",
    "Wire Services (Factual Baseline) | AFP / France 24 FR",
    "Wire Services (Factual Baseline) | AP News",
    "Wire Services (Factual Baseline) | Reuters (via Google News)"
  ],
  "matrix": [
    [
      1.0,
      0.551,
      0.449,
      0.49,
      0.296,
      0.395,
      0.459,
      0.387,
      0.55,
      0.621,
      0.461,
      0.588,
      0.633,
      0.556,
      0.57,
      0.54,
      0.602,
      0.568,
      0.576,
      0.519,
      0.599,
      0.272,
      0.324,
      0.454,
      0.612,
      0.457,
      0.668,
      0.366,
      0.501,
      0.54,
      0.572,
      0.485,
      0.477,
      0.145,
      0.264,
      0.603,
      0.532,
      0.462,
      0.621,
      0.405,
      0.231,
      0.577,
      0.57,
      0.576,
      0.663,
      0.557,
      0.552
    ],
    [
      0.551,
      1.0,
      0.406,
      0.453,
      0.208,
      0.303,
      0.515,
      0.357,
      0.318,
      0.439,
      0.406,
      0.335,
      0.467,
      0.378,
      0.371,
      0.546,
      0.411,
      0.428,
      0.467,
      0.533,
      0.6,
      0.359,
      0.346,
      0.457,
      0.493,
      0.523,
      0.456,
      0.344,
      0.363,
      0.461,
      0.417,
      0.415,
      0.445,
      0.436,
      0.347,
      0.4,
      0.538,
      0.352,
      0.571,
      0.427,
      0.234,
      0.527,
      0.423,
      0.478,
      0.521,
      0.525,
      0.464
    ],
    [
      0.449,
      0.406,
      1.0,
      0.751,
      0.469,
      0.505,
      0.524,
      0.366,
      0.622,
      0.627,
      0.38,
      0.602,
      0.623,
      0.466,
      0.542,
      0.516,
      0.586,
      0.517,
      0.573,
      0.533,
      0.537,
      0.295,
      0.299,
      0.324,
      0.564,
      0.572,
      0.52,
      0.282,
      0.331,
      0.4,
      0.645,
      0.588,
      0.653,
      0.449,
      0.45,
      0.54,
      0.44,
      0.369,
      0.433,
      0.206,
      0.069,
      0.466,
      0.592,
      0.659,
      0.581,
      0.533,
      0.512
    ],
    [
      0.49,
      0.453,
      0.751,
      1.0,
      0.563,
      0.522,
      0.471,
      0.279,
      0.633,
      0.54,
      0.325,
      0.486,
      0.572,
      0.43,
      0.518,
      0.459,
      0.534,
      0.505,
      0.497,
      0.482,
      0.45,
      0.359,
      0.249,
      0.304,
      0.567,
      0.578,
      0.498,
      0.228,
      0.355,
      0.435,
      0.567,
      0.595,
      0.61,
      0.375,
      0.364,
      0.585,
      0.327,
      0.437,
      0.412,
      0.242,
      0.165,
      0.488,
      0.641,
      0.58,
      0.53,
      0.455,
      0.584
    ],
    [
      0.296,
      0.208,
      0.469,
      0.563,
      1.0,
      0.557,
      0.253,
      0.254,
      0.426,
      0.249,
      0.185,
      0.323,
      0.281,
      0.236,
      0.256,
      0.256,
      0.286,
      0.221,
      0.176,
      0.144,
      0.141,
      0.207,
      0.174,
      0.197,
      0.373,
      0.309,
      0.161,
      0.154,
      0.175,
      0.236,
      0.352,
      0.182,
      0.236,
      0.241,
      0.355,
      0.258,
      0.129,
      0.156,
      0.176,
      0.078,
      0.191,
      0.242,
      0.323,
      0.285,
      0.254,
      0.24,
      0.378
    ],
    [
      0.395,
      0.303,
      0.505,
      0.522,
      0.557,
      1.0,
      0.338,
      0.441,
      0.34,
      0.322,
      0.346,
      0.312,
      0.406,
      0.234,
      0.295,
      0.589,
      0.338,
      0.293,
      0.296,
      0.231,
      0.378,
      0.387,
      0.348,
      0.388,
      0.422,
      0.457,
      0.325,
      0.205,
      0.256,
      0.316,
      0.359,
      0.279,
      0.281,
      0.305,
      0.449,
      0.277,
      0.397,
      0.146,
      0.286,
      0.249,
      0.277,
      0.179,
      0.35,
      0.331,
      0.465,
      0.381,
      0.397
    ],
    [
      0.459,
      0.515,
      0.524,
      0.471,
      0.253,
      0.338,
      1.0,
      0.286,
      0.455,
      0.546,
      0.375,
      0.406,
      0.508,
      0.429,
      0.507,
      0.414,
      0.457,
      0.471,
      0.49,
      0.468,
      0.482,
      0.358,
      0.273,
      0.342,
      0.523,
      0.516,
      0.492,
      0.313,
      0.437,
      0.562,
      0.595,
      0.421,
      0.466,
      0.407,
      0.444,
      0.501,
      0.371,
      0.43,
      0.48,
      0.365,
      0.251,
      0.497,
      0.543,
      0.494,
      0.463,
      0.532,
      0.411
    ],
    [
      0.387,
      0.357,
      0.366,
      0.279,
      0.254,
      0.441,
      0.286,
      1.0,
      0.19,
      0.399,
      0.462,
      0.288,
      0.506,
      0.177,
      0.205,
      0.548,
      0.29,
      0.278,
      0.39,
      0.36,
      0.446,
      0.329,
      0.458,
      0.369,
      0.454,
      0.411,
      0.441,
      0.225,
      0.23,
      0.198,
      0.256,
      0.253,
      0.261,
      0.347,
      0.463,
      0.197,
      0.631,
      0.179,
      0.393,
      0.301,
      0.19,
      0.269,
      0.268,
      0.289,
      0.385,
      0.459,
      0.3
    ],
    [
      0.55,
      0.318,
      0.622,
      0.633,
      0.426,
      0.34,
      0.455,
      0.19,
      1.0,
      0.742,
      0.428,
      0.728,
      0.631,
      0.719,
      0.726,
      0.437,
      0.599,
      0.528,
      0.512,
      0.43,
      0.453,
      0.264,
      0.209,
      0.358,
      0.561,
      0.483,
      0.548,
      0.404,
      0.509,
      0.535,
      0.779,
      0.649,
      0.673,
      0.301,
      0.296,
      0.67,
      0.339,
      0.47,
      0.366,
      0.226,
      0.221,
      0.493,
      0.686,
      0.547,
      0.556,
      0.448,
      0.672
    ],
    [
      0.621,
      0.439,
      0.627,
      0.54,
      0.249,
      0.322,
      0.546,
      0.399,
      0.742,
      1.0,
      0.517,
      0.756,
      0.767,
      0.696,
      0.734,
      0.583,
      0.677,
      0.628,
      0.715,
      0.593,
      0.662,
      0.319,
      0.38,
      0.365,
      0.591,
      0.588,
      0.695,
      0.443,
      0.581,
      0.581,
      0.734,
      0.686,
      0.726,
      0.323,
      0.367,
      0.684,
      0.584,
      0.534,
      0.477,
      0.385,
      0.231,
      0.606,
      0.688,
      0.565,
      0.547,
      0.626,
      0.627
    ],
    [
      0.461,
      0.406,
      0.38,
      0.325,
      0.185,
      0.346,
      0.375,
      0.462,
      0.428,
      0.517,
      1.0,
      0.409,
      0.533,
      0.302,
      0.327,
      0.395,
      0.385,
      0.436,
      0.436,
      0.487,
      0.563,
      0.367,
      0.266,
      0.364,
      0.415,
      0.383,
      0.517,
      0.247,
      0.386,
      0.398,
      0.353,
      0.34,
      0.396,
      0.364,
      0.379,
      0.388,
      0.479,
      0.406,
      0.412,
      0.358,
      0.335,
      0.355,
      0.389,
      0.361,
      0.576,
      0.496,
      0.464
    ],
    [
      0.588,
      0.335,
      0.602,
      0.486,
      0.323,
      0.312,
      0.406,
      0.288,
      0.728,
      0.756,
      0.409,
      1.0,
      0.688,
      0.687,
      0.747,
      0.557,
      0.766,
      0.556,
      0.597,
      0.493,
      0.549,
      0.255,
      0.279,
      0.397,
      0.528,
      0.513,
      0.674,
      0.382,
      0.515,
      0.555,
      0.699,
      0.599,
      0.699,
      0.257,
      0.248,
      0.548,
      0.467,
      0.372,
      0.421,
      0.323,
      0.249,
      0.554,
      0.577,
      0.46,
      0.45,
      0.469,
      0.641
    ],
    [
      0.633,
      0.467,
      0.623,
      0.572,
      0.281,
      0.406,
      0.508,
      0.506,
      0.631,
      0.767,
      0.533,
      0.688,
      1.0,
      0.607,
      0.62,
      0.674,
      0.648,
      0.63,
      0.758,
      0.62,
      0.735,
      0.292,
      0.364,
      0.354,
      0.581,
      0.656,
      0.639,
      0.426,
      0.502,
      0.524,
      0.659,
      0.649,
      0.691,
      0.355,
      0.355,
      0.544,
      0.681,
      0.455,
      0.486,
      0.342,
      0.158,
      0.548,
      0.601,
      0.587,
      0.612,
      0.62,
      0.535
    ],
    [
      0.556,
      0.378,
      0.466,
      0.43,
      0.236,
      0.234,
      0.429,
      0.177,
      0.719,
      0.696,
      0.302,
      0.687,
      0.607,
      1.0,
      0.751,
      0.501,
      0.632,
      0.474,
      0.543,
      0.383,
      0.488,
      0.317,
      0.273,
      0.416,
      0.468,
      0.499,
      0.575,
      0.654,
      0.759,
      0.662,
      0.763,
      0.562,
      0.625,
      0.237,
      0.18,
      0.605,
      0.472,
      0.451,
      0.392,
      0.332,
      0.204,
      0.576,
      0.635,
      0.478,
      0.405,
      0.475,
      0.682
    ],
    [
      0.57,
      0.371,
      0.542,
      0.518,
      0.256,
      0.295,
      0.507,
      0.205,
      0.726,
      0.734,
      0.327,
      0.747,
      0.62,
      0.751,
      1.0,
      0.554,
      0.78,
      0.573,
      0.551,
      0.498,
      0.517,
      0.33,
      0.319,
      0.451,
      0.521,
      0.481,
      0.676,
      0.502,
      0.644,
      0.622,
      0.777,
      0.669,
      0.693,
      0.217,
      0.199,
      0.708,
      0.396,
      0.473,
      0.446,
      0.317,
      0.156,
      0.605,
      0.638,
      0.528,
      0.438,
      0.41,
      0.619
    ],
    [
      0.54,
      0.546,
      0.516,
      0.459,
      0.256,
      0.589,
      0.414,
      0.548,
      0.437,
      0.583,
      0.395,
      0.557,
      0.674,
      0.501,
      0.554,
      1.0,
      0.593,
      0.467,
      0.583,
      0.5,
      0.636,
      0.422,
      0.416,
      0.543,
      0.473,
      0.657,
      0.597,
      0.43,
      0.455,
      0.506,
      0.543,
      0.473,
      0.528,
      0.357,
      0.386,
      0.436,
      0.664,
      0.255,
      0.458,
      0.367,
      0.306,
      0.404,
      0.453,
      0.375,
      0.462,
      0.51,
      0.529
    ],
    [
      0.602,
      0.411,
      0.586,
      0.534,
      0.286,
      0.338,
      0.457,
      0.29,
      0.599,
      0.677,
      0.385,
      0.766,
      0.648,
      0.632,
      0.78,
      0.593,
      1.0,
      0.652,
      0.658,
      0.551,
      0.617,
      0.261,
      0.305,
      0.412,
      0.509,
      0.52,
      0.735,
      0.425,
      0.485,
      0.587,
      0.635,
      0.569,
      0.644,
      0.246,
      0.266,
      0.5,
      0.479,
      0.388,
      0.447,
      0.343,
      0.224,
      0.63,
      0.516,
      0.488,
      0.478,
      0.495,
      0.568
    ],
    [
      0.568,
      0.428,
      0.517,
      0.505,
      0.221,
      0.293,
      0.471,
      0.278,
      0.528,
      0.628,
      0.436,
      0.556,
      0.63,
      0.474,
      0.573,
      0.467,
      0.652,
      1.0,
      0.782,
      0.832,
      0.726,
      0.3,
      0.213,
      0.288,
      0.539,
      0.453,
      0.665,
      0.295,
      0.398,
      0.571,
      0.516,
      0.531,
      0.593,
      0.201,
      0.263,
      0.589,
      0.414,
      0.455,
      0.337,
      0.42,
      0.202,
      0.488,
      0.474,
      0.504,
      0.546,
      0.485,
      0.438
    ],
    [
      0.576,
      0.467,
      0.573,
      0.497,
      0.176,
      0.296,
      0.49,
      0.39,
      0.512,
      0.715,
      0.436,
      0.597,
      0.758,
      0.543,
      0.551,
      0.583,
      0.658,
      0.782,
      1.0,
      0.789,
      0.777,
      0.29,
      0.317,
      0.286,
      0.505,
      0.566,
      0.656,
      0.42,
      0.459,
      0.544,
      0.6,
      0.518,
      0.601,
      0.248,
      0.287,
      0.545,
      0.599,
      0.386,
      0.424,
      0.334,
      0.125,
      0.528,
      0.528,
      0.544,
      0.543,
      0.551,
      0.451
    ],
    [
      0.519,
      0.533,
      0.533,
      0.482,
      0.144,
      0.231,
      0.468,
      0.36,
      0.43,
      0.593,
      0.487,
      0.493,
      0.62,
      0.383,
      0.498,
      0.5,
      0.551,
      0.832,
      0.789,
      1.0,
      0.757,
      0.332,
      0.288,
      0.289,
      0.514,
      0.503,
      0.688,
      0.267,
      0.331,
      0.473,
      0.459,
      0.53,
      0.581,
      0.241,
      0.264,
      0.564,
      0.462,
      0.469,
      0.407,
      0.461,
      0.233,
      0.499,
      0.476,
      0.526,
      0.546,
      0.496,
      0.429
    ],
    [
      0.599,
      0.6,
      0.537,
      0.45,
      0.141,
      0.378,
      0.482,
      0.446,
      0.453,
      0.662,
      0.563,
      0.549,
      0.735,
      0.488,
      0.517,
      0.636,
      0.617,
      0.726,
      0.777,
      0.757,
      1.0,
      0.35,
      0.395,
      0.38,
      0.528,
      0.535,
      0.629,
      0.384,
      0.433,
      0.531,
      0.525,
      0.5,
      0.548,
      0.303,
      0.283,
      0.467,
      0.649,
      0.409,
      0.495,
      0.503,
      0.156,
      0.568,
      0.422,
      0.475,
      0.585,
      0.612,
      0.474
    ],
    [
      0.272,
      0.359,
      0.295,
      0.359,
      0.207,
      0.387,
      0.358,
      0.329,
      0.264,
      0.319,
      0.367,
      0.255,
      0.292,
      0.317,
      0.33,
      0.422,
      0.261,
      0.3,
      0.29,
      0.332,
      0.35,
      1.0,
      0.55,
      0.433,
      0.344,
      0.409,
      0.402,
      0.294,
      0.421,
      0.327,
      0.312,
      0.21,
      0.254,
      0.389,
      0.416,
      0.313,
      0.32,
      0.355,
      0.244,
      0.297,
      0.281,
      0.319,
      0.378,
      0.166,
      0.197,
      0.357,
      0.398
    ],
    [
      0.324,
      0.346,
      0.299,
      0.249,
      0.174,
      0.348,
      0.273,
      0.458,
      0.209,
      0.38,
      0.266,
      0.279,
      0.364,
      0.273,
      0.319,
      0.416,
      0.305,
      0.213,
      0.317,
      0.288,
      0.395,
      0.55,
      1.0,
      0.345,
      0.301,
      0.372,
      0.351,
      0.229,
      0.278,
      0.186,
      0.289,
      0.188,
      0.236,
      0.256,
      0.324,
      0.201,
      0.43,
      0.405,
      0.361,
      0.347,
      0.192,
      0.476,
      0.371,
      0.177,
      0.201,
      0.366,
      0.297
    ],
    [
      0.454,
      0.457,
      0.324,
      0.304,
      0.197,
      0.388,
      0.342,
      0.369,
      0.358,
      0.365,
      0.364,
      0.397,
      0.354,
      0.416,
      0.451,
      0.543,
      0.412,
      0.288,
      0.286,
      0.289,
      0.38,
      0.433,
      0.345,
      1.0,
      0.519,
      0.364,
      0.45,
      0.377,
      0.482,
      0.389,
      0.44,
      0.377,
      0.381,
      0.317,
      0.302,
      0.357,
      0.456,
      0.258,
      0.441,
      0.239,
      0.273,
      0.325,
      0.4,
      0.262,
      0.346,
      0.422,
      0.519
    ],
    [
      0.612,
      0.493,
      0.564,
      0.567,
      0.373,
      0.422,
      0.523,
      0.454,
      0.561,
      0.591,
      0.415,
      0.528,
      0.581,
      0.468,
      0.521,
      0.473,
      0.509,
      0.539,
      0.505,
      0.514,
      0.528,
      0.344,
      0.301,
      0.519,
      1.0,
      0.535,
      0.574,
      0.297,
      0.407,
      0.507,
      0.55,
      0.511,
      0.52,
      0.312,
      0.406,
      0.542,
      0.494,
      0.34,
      0.523,
      0.363,
      0.163,
      0.431,
      0.558,
      0.546,
      0.613,
      0.599,
      0.502
    ],
    [
      0.457,
      0.523,
      0.572,
      0.578,
      0.309,
      0.457,
      0.516,
      0.411,
      0.483,
      0.588,
      0.383,
      0.513,
      0.656,
      0.499,
      0.481,
      0.657,
      0.52,
      0.453,
      0.566,
      0.503,
      0.535,
      0.409,
      0.372,
      0.364,
      0.535,
      1.0,
      0.536,
      0.354,
      0.412,
      0.518,
      0.583,
      0.501,
      0.623,
      0.405,
      0.454,
      0.457,
      0.509,
      0.318,
      0.339,
      0.339,
      0.259,
      0.435,
      0.524,
      0.417,
      0.392,
      0.544,
      0.527
    ],
    [
      0.668,
      0.456,
      0.52,
      0.498,
      0.161,
      0.325,
      0.492,
      0.441,
      0.548,
      0.695,
      0.517,
      0.674,
      0.639,
      0.575,
      0.676,
      0.597,
      0.735,
      0.665,
      0.656,
      0.688,
      0.629,
      0.402,
      0.351,
      0.45,
      0.574,
      0.536,
      1.0,
      0.297,
      0.488,
      0.568,
      0.544,
      0.581,
      0.629,
      0.232,
      0.284,
      0.665,
      0.487,
      0.463,
      0.528,
      0.441,
      0.323,
      0.627,
      0.584,
      0.525,
      0.543,
      0.506,
      0.609
    ],
    [
      0.366,
      0.344,
      0.282,
      0.228,
      0.154,
      0.205,
      0.313,
      0.225,
      0.404,
      0.443,
      0.247,
      0.382,
      0.426,
      0.654,
      0.502,
      0.43,
      0.425,
      0.295,
      0.42,
      0.267,
      0.384,
      0.294,
      0.229,
      0.377,
      0.297,
      0.354,
      0.297,
      1.0,
      0.741,
      0.485,
      0.532,
      0.252,
      0.335,
      0.135,
      0.081,
      0.331,
      0.453,
      0.199,
      0.386,
      0.306,
      0.141,
      0.34,
      0.355,
      0.335,
      0.31,
      0.304,
      0.412
    ],
    [
      0.501,
      0.363,
      0.331,
      0.355,
      0.175,
      0.256,
      0.437,
      0.23,
      0.509,
      0.581,
      0.386,
      0.515,
      0.502,
      0.759,
      0.644,
      0.455,
      0.485,
      0.398,
      0.459,
      0.331,
      0.433,
      0.421,
      0.278,
      0.482,
      0.407,
      0.412,
      0.488,
      0.741,
      1.0,
      0.663,
      0.664,
      0.389,
      0.463,
      0.211,
      0.18,
      0.544,
      0.479,
      0.441,
      0.475,
      0.374,
      0.216,
      0.493,
      0.528,
      0.357,
      0.334,
      0.392,
      0.581
    ],
    [
      0.54,
      0.461,
      0.4,
      0.435,
      0.236,
      0.316,
      0.562,
      0.198,
      0.535,
      0.581,
      0.398,
      0.555,
      0.524,
      0.662,
      0.622,
      0.506,
      0.587,
      0.571,
      0.544,
      0.473,
      0.531,
      0.327,
      0.186,
      0.389,
      0.507,
      0.518,
      0.568,
      0.485,
      0.663,
      1.0,
      0.665,
      0.477,
      0.538,
      0.238,
      0.243,
      0.598,
      0.44,
      0.291,
      0.428,
      0.482,
      0.281,
      0.476,
      0.513,
      0.404,
      0.45,
      0.451,
      0.605
    ],
    [
      0.572,
      0.417,
      0.645,
      0.567,
      0.352,
      0.359,
      0.595,
      0.256,
      0.779,
      0.734,
      0.353,
      0.699,
      0.659,
      0.763,
      0.777,
      0.543,
      0.635,
      0.516,
      0.6,
      0.459,
      0.525,
      0.312,
      0.289,
      0.44,
      0.55,
      0.583,
      0.544,
      0.532,
      0.664,
      0.665,
      1.0,
      0.65,
      0.7,
      0.358,
      0.316,
      0.669,
      0.455,
      0.43,
      0.479,
      0.284,
      0.182,
      0.544,
      0.699,
      0.581,
      0.511,
      0.5,
      0.647
    ],
    [
      0.485,
      0.415,
      0.588,
      0.595,
      0.182,
      0.279,
      0.421,
      0.253,
      0.649,
      0.686,
      0.34,
      0.599,
      0.649,
      0.562,
      0.669,
      0.473,
      0.569,
      0.531,
      0.518,
      0.53,
      0.5,
      0.21,
      0.188,
      0.377,
      0.511,
      0.501,
      0.581,
      0.252,
      0.389,
      0.477,
      0.65,
      1.0,
      0.837,
      0.362,
      0.31,
      0.65,
      0.362,
      0.44,
      0.334,
      0.23,
      0.095,
      0.457,
      0.646,
      0.515,
      0.472,
      0.45,
      0.57
    ],
    [
      0.477,
      0.445,
      0.653,
      0.61,
      0.236,
      0.281,
      0.466,
      0.261,
      0.673,
      0.726,
      0.396,
      0.699,
      0.691,
      0.625,
      0.693,
      0.528,
      0.644,
      0.593,
      0.601,
      0.581,
      0.548,
      0.254,
      0.236,
      0.381,
      0.52,
      0.623,
      0.629,
      0.335,
      0.463,
      0.538,
      0.7,
      0.837,
      1.0,
      0.451,
      0.358,
      0.634,
      0.405,
      0.485,
      0.33,
      0.338,
      0.178,
      0.56,
      0.634,
      0.523,
      0.458,
      0.492,
      0.652
    ],
    [
      0.145,
      0.436,
      0.449,
      0.375,
      0.241,
      0.305,
      0.407,
      0.347,
      0.301,
      0.323,
      0.364,
      0.257,
      0.355,
      0.237,
      0.217,
      0.357,
      0.246,
      0.201,
      0.248,
      0.241,
      0.303,
      0.389,
      0.256,
      0.317,
      0.312,
      0.405,
      0.232,
      0.135,
      0.211,
      0.238,
      0.358,
      0.362,
      0.451,
      1.0,
      0.738,
      0.219,
      0.283,
      0.249,
      0.18,
      0.179,
      0.17,
      0.184,
      0.321,
      0.222,
      0.247,
      0.462,
      0.386
    ],
    [
      0.264,
      0.347,
      0.45,
      0.364,
      0.355,
      0.449,
      0.444,
      0.463,
      0.296,
      0.367,
      0.379,
      0.248,
      0.355,
      0.18,
      0.199,
      0.386,
      0.266,
      0.263,
      0.287,
      0.264,
      0.283,
      0.416,
      0.324,
      0.302,
      0.406,
      0.454,
      0.284,
      0.081,
      0.18,
      0.243,
      0.316,
      0.31,
      0.358,
      0.738,
      1.0,
      0.252,
      0.347,
      0.21,
      0.155,
      0.212,
      0.192,
      0.15,
      0.313,
      0.248,
      0.307,
      0.472,
      0.317
    ],
    [
      0.603,
      0.4,
      0.54,
      0.585,
      0.258,
      0.277,
      0.501,
      0.197,
      0.67,
      0.684,
      0.388,
      0.548,
      0.544,
      0.605,
      0.708,
      0.436,
      0.5,
      0.589,
      0.545,
      0.564,
      0.467,
      0.313,
      0.201,
      0.357,
      0.542,
      0.457,
      0.665,
      0.331,
      0.544,
      0.598,
      0.669,
      0.65,
      0.634,
      0.219,
      0.252,
      1.0,
      0.315,
      0.479,
      0.438,
      0.287,
      0.204,
      0.499,
      0.677,
      0.603,
      0.559,
      0.381,
      0.569
    ],
    [
      0.532,
      0.538,
      0.44,
      0.327,
      0.129,
      0.397,
      0.371,
      0.631,
      0.339,
      0.584,
      0.479,
      0.467,
      0.681,
      0.472,
      0.396,
      0.664,
      0.479,
      0.414,
      0.599,
      0.462,
      0.649,
      0.32,
      0.43,
      0.456,
      0.494,
      0.509,
      0.487,
      0.453,
      0.479,
      0.44,
      0.455,
      0.362,
      0.405,
      0.283,
      0.347,
      0.315,
      1.0,
      0.316,
      0.582,
      0.436,
      0.134,
      0.392,
      0.381,
      0.438,
      0.564,
      0.61,
      0.421
    ],
    [
      0.462,
      0.352,
      0.369,
      0.437,
      0.156,
      0.146,
      0.43,
      0.179,
      0.47,
      0.534,
      0.406,
      0.372,
      0.455,
      0.451,
      0.473,
      0.255,
      0.388,
      0.455,
      0.386,
      0.469,
      0.409,
      0.355,
      0.405,
      0.258,
      0.34,
      0.318,
      0.463,
      0.199,
      0.441,
      0.291,
      0.43,
      0.44,
      0.485,
      0.249,
      0.21,
      0.479,
      0.316,
      1.0,
      0.418,
      0.274,
      0.185,
      0.621,
      0.667,
      0.416,
      0.4,
      0.429,
      0.467
    ],
    [
      0.621,
      0.571,
      0.433,
      0.412,
      0.176,
      0.286,
      0.48,
      0.393,
      0.366,
      0.477,
      0.412,
      0.421,
      0.486,
      0.392,
      0.446,
      0.458,
      0.447,
      0.337,
      0.424,
      0.407,
      0.495,
      0.244,
      0.361,
      0.441,
      0.523,
      0.339,
      0.528,
      0.386,
      0.475,
      0.428,
      0.479,
      0.334,
      0.33,
      0.18,
      0.155,
      0.438,
      0.582,
      0.418,
      1.0,
      0.365,
      0.152,
      0.556,
      0.546,
      0.594,
      0.618,
      0.485,
      0.402
    ],
    [
      0.405,
      0.427,
      0.206,
      0.242,
      0.078,
      0.249,
      0.365,
      0.301,
      0.226,
      0.385,
      0.358,
      0.323,
      0.342,
      0.332,
      0.317,
      0.367,
      0.343,
      0.42,
      0.334,
      0.461,
      0.503,
      0.297,
      0.347,
      0.239,
      0.363,
      0.339,
      0.441,
      0.306,
      0.374,
      0.482,
      0.284,
      0.23,
      0.338,
      0.179,
      0.212,
      0.287,
      0.436,
      0.274,
      0.365,
      1.0,
      0.296,
      0.378,
      0.205,
      0.282,
      0.355,
      0.386,
      0.379
    ],
    [
      0.231,
      0.234,
      0.069,
      0.165,
      0.191,
      0.277,
      0.251,
      0.19,
      0.221,
      0.231,
      0.335,
      0.249,
      0.158,
      0.204,
      0.156,
      0.306,
      0.224,
      0.202,
      0.125,
      0.233,
      0.156,
      0.281,
      0.192,
      0.273,
      0.163,
      0.259,
      0.323,
      0.141,
      0.216,
      0.281,
      0.182,
      0.095,
      0.178,
      0.17,
      0.192,
      0.204,
      0.134,
      0.185,
      0.152,
      0.296,
      1.0,
      0.173,
      0.205,
      0.006,
      0.19,
      0.197,
      0.355
    ],
    [
      0.577,
      0.527,
      0.466,
      0.488,
      0.242,
      0.179,
      0.497,
      0.269,
      0.493,
      0.606,
      0.355,
      0.554,
      0.548,
      0.576,
      0.605,
      0.404,
      0.63,
      0.488,
      0.528,
      0.499,
      0.568,
      0.319,
      0.476,
      0.325,
      0.431,
      0.435,
      0.627,
      0.34,
      0.493,
      0.476,
      0.544,
      0.457,
      0.56,
      0.184,
      0.15,
      0.499,
      0.392,
      0.621,
      0.556,
      0.378,
      0.173,
      1.0,
      0.613,
      0.538,
      0.416,
      0.491,
      0.533
    ],
    [
      0.57,
      0.423,
      0.592,
      0.641,
      0.323,
      0.35,
      0.543,
      0.268,
      0.686,
      0.688,
      0.389,
      0.577,
      0.601,
      0.635,
      0.638,
      0.453,
      0.516,
      0.474,
      0.528,
      0.476,
      0.422,
      0.378,
      0.371,
      0.4,
      0.558,
      0.524,
      0.584,
      0.355,
      0.528,
      0.513,
      0.699,
      0.646,
      0.634,
      0.321,
      0.313,
      0.677,
      0.381,
      0.667,
      0.546,
      0.205,
      0.205,
      0.613,
      1.0,
      0.613,
      0.544,
      0.524,
      0.616
    ],
    [
      0.576,
      0.478,
      0.659,
      0.58,
      0.285,
      0.331,
      0.494,
      0.289,
      0.547,
      0.565,
      0.361,
      0.46,
      0.587,
      0.478,
      0.528,
      0.375,
      0.488,
      0.504,
      0.544,
      0.526,
      0.475,
      0.166,
      0.177,
      0.262,
      0.546,
      0.417,
      0.525,
      0.335,
      0.357,
      0.404,
      0.581,
      0.515,
      0.523,
      0.222,
      0.248,
      0.603,
      0.438,
      0.416,
      0.594,
      0.282,
      0.006,
      0.538,
      0.613,
      1.0,
      0.757,
      0.582,
      0.407
    ],
    [
      0.663,
      0.521,
      0.581,
      0.53,
      0.254,
      0.465,
      0.463,
      0.385,
      0.556,
      0.547,
      0.576,
      0.45,
      0.612,
      0.405,
      0.438,
      0.462,
      0.478,
      0.546,
      0.543,
      0.546,
      0.585,
      0.197,
      0.201,
      0.346,
      0.613,
      0.392,
      0.543,
      0.31,
      0.334,
      0.45,
      0.511,
      0.472,
      0.458,
      0.247,
      0.307,
      0.559,
      0.564,
      0.4,
      0.618,
      0.355,
      0.19,
      0.416,
      0.544,
      0.757,
      1.0,
      0.589,
      0.428
    ],
    [
      0.557,
      0.525,
      0.533,
      0.455,
      0.24,
      0.381,
      0.532,
      0.459,
      0.448,
      0.626,
      0.496,
      0.469,
      0.62,
      0.475,
      0.41,
      0.51,
      0.495,
      0.485,
      0.551,
      0.496,
      0.612,
      0.357,
      0.366,
      0.422,
      0.599,
      0.544,
      0.506,
      0.304,
      0.392,
      0.451,
      0.5,
      0.45,
      0.492,
      0.462,
      0.472,
      0.381,
      0.61,
      0.429,
      0.485,
      0.386,
      0.197,
      0.491,
      0.524,
      0.582,
      0.589,
      1.0,
      0.468
    ],
    [
      0.552,
      0.464,
      0.512,
      0.584,
      0.378,
      0.397,
      0.411,
      0.3,
      0.672,
      0.627,
      0.464,
      0.641,
      0.535,
      0.682,
      0.619,
      0.529,
      0.568,
      0.438,
      0.451,
      0.429,
      0.474,
      0.398,
      0.297,
      0.519,
      0.502,
      0.527,
      0.609,
      0.412,
      0.581,
      0.605,
      0.647,
      0.57,
      0.652,
      0.386,
      0.317,
      0.569,
      0.421,
      0.467,
      0.402,
      0.379,
      0.355,
      0.533,
      0.616,
      0.407,
      0.428,
      0.468,
      1.0
    ]
  ]
}