{
  "feeds": [
    "Brazil | Folha de São Paulo",
    "Brazil | O Globo (via Google News)",
    "China | CGTN Politics",
    "China | CGTN World",
    "China | Global Times",
    "China | People's Daily CN",
    "China | Xinhua English",
    "India | Dainik Bhaskar",
    "India | NDTV World",
    "India | The Hindu Intl",
    "India | Times of India",
    "Iran (Opposition / Diaspora) | Iran International EN",
    "Iran (Opposition / Diaspora) | Iran International FA",
    "Iran (Opposition / Diaspora) | RFE/RL (was Radio Farda)",
    "Israel | Haaretz",
    "Israel | Jerusalem Post",
    "Israel | Times of Israel",
    "Israel | Ynet Hebrew",
    "Japan | Japan Times",
    "Japan | NHK Japanese",
    "Nigeria | Vanguard",
    "Qatar | Al Jazeera Arabic",
    "Qatar | Al Jazeera English",
    "Russia | Meduza",
    "Russia | Moscow Times",
    "Russia | RT",
    "Russia | TASS English",
    "Saudi Arabia | Al Arabiya English (via Google News)",
    "Saudi Arabia | Arab News (via Google News)",
    "South Korea | Korea Herald (via Google News)",
    "South Korea | Yonhap News",
    "Turkey | Daily Sabah",
    "Turkey | Hurriyet",
    "United Kingdom | BBC World",
    "United Kingdom | The Guardian World",
    "United Kingdom | The Telegraph",
    "United States | CNN World",
    "United States | Fox News World",
    "United States | NPR World",
    "Wire Services (Factual Baseline) | AFP / France 24 EN",
    "Wire Services (Factual Baseline) | AFP / France 24 FR",
    "Wire Services (Factual Baseline) | AP News",
    "Wire Services (Factual Baseline) | Reuters (via Google News)"
  ],
  "matrix": [
    [
      1.0,
      0.395,
      0.606,
      0.59,
      0.28,
      0.397,
      0.565,
      0.403,
      0.612,
      0.629,
      0.412,
      0.652,
      0.69,
      0.592,
      0.675,
      0.701,
      0.686,
      0.683,
      0.358,
      0.383,
      0.664,
      0.687,
      0.691,
      0.411,
      0.426,
      0.611,
      0.532,
      0.569,
      0.57,
      0.248,
      0.302,
      0.718,
      0.507,
      0.611,
      0.561,
      0.35,
      0.179,
      0.645,
      0.663,
      0.604,
      0.761,
      0.593,
      0.386
    ],
    [
      0.395,
      1.0,
      0.499,
      0.393,
      0.194,
      0.381,
      0.348,
      0.309,
      0.278,
      0.367,
      0.241,
      0.238,
      0.242,
      0.282,
      0.182,
      0.223,
      0.275,
      0.402,
      0.272,
      0.261,
      0.395,
      0.327,
      0.381,
      0.331,
      0.295,
      0.324,
      0.3,
      0.321,
      0.217,
      0.303,
      0.288,
      0.299,
      0.4,
      0.324,
      0.462,
      0.282,
      0.164,
      0.342,
      0.3,
      0.318,
      0.421,
      0.306,
      0.279
    ],
    [
      0.606,
      0.499,
      1.0,
      0.646,
      0.432,
      0.491,
      0.576,
      0.376,
      0.461,
      0.614,
      0.368,
      0.502,
      0.496,
      0.401,
      0.447,
      0.478,
      0.537,
      0.492,
      0.498,
      0.327,
      0.483,
      0.548,
      0.581,
      0.363,
      0.33,
      0.478,
      0.394,
      0.531,
      0.525,
      0.436,
      0.491,
      0.514,
      0.415,
      0.477,
      0.464,
      0.337,
      0.113,
      0.506,
      0.469,
      0.378,
      0.572,
      0.523,
      0.369
    ],
    [
      0.59,
      0.393,
      0.646,
      1.0,
      0.291,
      0.401,
      0.591,
      0.263,
      0.644,
      0.587,
      0.33,
      0.715,
      0.608,
      0.7,
      0.55,
      0.617,
      0.666,
      0.587,
      0.464,
      0.274,
      0.602,
      0.678,
      0.658,
      0.552,
      0.516,
      0.668,
      0.57,
      0.642,
      0.634,
      0.392,
      0.369,
      0.687,
      0.34,
      0.498,
      0.418,
      0.377,
      0.221,
      0.709,
      0.649,
      0.579,
      0.694,
      0.667,
      0.516
    ],
    [
      0.28,
      0.194,
      0.432,
      0.291,
      1.0,
      0.538,
      0.232,
      0.346,
      0.283,
      0.353,
      0.257,
      0.27,
      0.213,
      0.154,
      0.165,
      0.253,
      0.212,
      0.18,
      0.485,
      0.338,
      0.22,
      0.274,
      0.316,
      0.207,
      0.084,
      0.163,
      0.202,
      0.084,
      0.183,
      0.268,
      0.273,
      0.251,
      0.176,
      0.258,
      0.18,
      0.077,
      0.186,
      0.267,
      0.304,
      0.204,
      0.231,
      0.331,
      0.206
    ],
    [
      0.397,
      0.381,
      0.491,
      0.401,
      0.538,
      1.0,
      0.338,
      0.446,
      0.253,
      0.407,
      0.395,
      0.301,
      0.294,
      0.21,
      0.221,
      0.26,
      0.241,
      0.401,
      0.504,
      0.435,
      0.352,
      0.388,
      0.38,
      0.338,
      0.184,
      0.245,
      0.245,
      0.258,
      0.222,
      0.376,
      0.417,
      0.236,
      0.4,
      0.244,
      0.331,
      0.249,
      0.277,
      0.27,
      0.337,
      0.286,
      0.423,
      0.445,
      0.282
    ],
    [
      0.565,
      0.348,
      0.576,
      0.591,
      0.232,
      0.338,
      1.0,
      0.242,
      0.389,
      0.45,
      0.302,
      0.448,
      0.434,
      0.418,
      0.486,
      0.47,
      0.469,
      0.523,
      0.336,
      0.328,
      0.491,
      0.527,
      0.455,
      0.39,
      0.352,
      0.528,
      0.4,
      0.465,
      0.449,
      0.404,
      0.481,
      0.585,
      0.351,
      0.495,
      0.425,
      0.365,
      0.251,
      0.505,
      0.517,
      0.469,
      0.539,
      0.484,
      0.324
    ],
    [
      0.403,
      0.309,
      0.376,
      0.263,
      0.346,
      0.446,
      0.242,
      1.0,
      0.302,
      0.388,
      0.597,
      0.334,
      0.333,
      0.155,
      0.313,
      0.373,
      0.256,
      0.442,
      0.363,
      0.46,
      0.245,
      0.365,
      0.29,
      0.276,
      0.186,
      0.207,
      0.31,
      0.239,
      0.205,
      0.255,
      0.251,
      0.223,
      0.469,
      0.337,
      0.364,
      0.267,
      0.277,
      0.267,
      0.313,
      0.263,
      0.38,
      0.329,
      0.268
    ],
    [
      0.612,
      0.278,
      0.461,
      0.644,
      0.283,
      0.253,
      0.389,
      0.302,
      1.0,
      0.567,
      0.454,
      0.741,
      0.621,
      0.652,
      0.667,
      0.706,
      0.735,
      0.604,
      0.378,
      0.328,
      0.584,
      0.636,
      0.646,
      0.417,
      0.383,
      0.688,
      0.528,
      0.607,
      0.607,
      0.213,
      0.215,
      0.615,
      0.4,
      0.393,
      0.33,
      0.289,
      0.215,
      0.648,
      0.637,
      0.506,
      0.609,
      0.588,
      0.508
    ],
    [
      0.629,
      0.367,
      0.614,
      0.587,
      0.353,
      0.407,
      0.45,
      0.388,
      0.567,
      1.0,
      0.426,
      0.618,
      0.612,
      0.55,
      0.483,
      0.534,
      0.578,
      0.518,
      0.531,
      0.408,
      0.514,
      0.507,
      0.566,
      0.521,
      0.548,
      0.588,
      0.59,
      0.461,
      0.496,
      0.279,
      0.308,
      0.512,
      0.396,
      0.35,
      0.424,
      0.323,
      0.278,
      0.604,
      0.52,
      0.467,
      0.576,
      0.639,
      0.54
    ],
    [
      0.412,
      0.241,
      0.368,
      0.33,
      0.257,
      0.395,
      0.302,
      0.597,
      0.454,
      0.426,
      1.0,
      0.395,
      0.444,
      0.267,
      0.462,
      0.501,
      0.433,
      0.537,
      0.32,
      0.547,
      0.407,
      0.455,
      0.48,
      0.312,
      0.215,
      0.319,
      0.377,
      0.435,
      0.368,
      0.239,
      0.314,
      0.284,
      0.378,
      0.329,
      0.38,
      0.334,
      0.343,
      0.288,
      0.383,
      0.404,
      0.448,
      0.431,
      0.355
    ],
    [
      0.652,
      0.238,
      0.502,
      0.715,
      0.27,
      0.301,
      0.448,
      0.334,
      0.741,
      0.618,
      0.395,
      1.0,
      0.773,
      0.747,
      0.678,
      0.769,
      0.815,
      0.594,
      0.46,
      0.309,
      0.625,
      0.76,
      0.703,
      0.478,
      0.452,
      0.726,
      0.607,
      0.697,
      0.721,
      0.24,
      0.232,
      0.65,
      0.365,
      0.476,
      0.376,
      0.241,
      0.21,
      0.689,
      0.694,
      0.618,
      0.741,
      0.705,
      0.476
    ],
    [
      0.69,
      0.242,
      0.496,
      0.608,
      0.213,
      0.294,
      0.434,
      0.333,
      0.621,
      0.612,
      0.444,
      0.773,
      1.0,
      0.718,
      0.689,
      0.708,
      0.761,
      0.641,
      0.392,
      0.355,
      0.597,
      0.745,
      0.702,
      0.521,
      0.532,
      0.655,
      0.626,
      0.729,
      0.725,
      0.285,
      0.294,
      0.582,
      0.44,
      0.509,
      0.412,
      0.333,
      0.206,
      0.682,
      0.651,
      0.635,
      0.735,
      0.705,
      0.531
    ],
    [
      0.592,
      0.282,
      0.401,
      0.7,
      0.154,
      0.21,
      0.418,
      0.155,
      0.652,
      0.55,
      0.267,
      0.747,
      0.718,
      1.0,
      0.549,
      0.673,
      0.742,
      0.536,
      0.38,
      0.2,
      0.625,
      0.677,
      0.689,
      0.585,
      0.712,
      0.701,
      0.677,
      0.635,
      0.658,
      0.211,
      0.208,
      0.64,
      0.261,
      0.383,
      0.331,
      0.205,
      0.163,
      0.737,
      0.753,
      0.68,
      0.663,
      0.724,
      0.562
    ],
    [
      0.675,
      0.182,
      0.447,
      0.55,
      0.165,
      0.221,
      0.486,
      0.313,
      0.667,
      0.483,
      0.462,
      0.678,
      0.689,
      0.549,
      1.0,
      0.838,
      0.807,
      0.717,
      0.35,
      0.347,
      0.478,
      0.75,
      0.642,
      0.422,
      0.331,
      0.682,
      0.54,
      0.686,
      0.73,
      0.285,
      0.309,
      0.6,
      0.377,
      0.563,
      0.299,
      0.429,
      0.237,
      0.627,
      0.623,
      0.622,
      0.719,
      0.543,
      0.407
    ],
    [
      0.701,
      0.223,
      0.478,
      0.617,
      0.253,
      0.26,
      0.47,
      0.373,
      0.706,
      0.534,
      0.501,
      0.769,
      0.708,
      0.673,
      0.838,
      1.0,
      0.858,
      0.772,
      0.416,
      0.395,
      0.585,
      0.793,
      0.731,
      0.454,
      0.408,
      0.694,
      0.596,
      0.701,
      0.735,
      0.227,
      0.258,
      0.663,
      0.369,
      0.567,
      0.385,
      0.35,
      0.232,
      0.664,
      0.715,
      0.659,
      0.741,
      0.603,
      0.47
    ],
    [
      0.686,
      0.275,
      0.537,
      0.666,
      0.212,
      0.241,
      0.469,
      0.256,
      0.735,
      0.578,
      0.433,
      0.815,
      0.761,
      0.742,
      0.807,
      0.858,
      1.0,
      0.743,
      0.431,
      0.312,
      0.603,
      0.789,
      0.744,
      0.494,
      0.432,
      0.702,
      0.571,
      0.74,
      0.783,
      0.304,
      0.307,
      0.677,
      0.332,
      0.512,
      0.385,
      0.367,
      0.176,
      0.687,
      0.716,
      0.679,
      0.756,
      0.686,
      0.487
    ],
    [
      0.683,
      0.402,
      0.492,
      0.587,
      0.18,
      0.401,
      0.523,
      0.442,
      0.604,
      0.518,
      0.537,
      0.594,
      0.641,
      0.536,
      0.717,
      0.772,
      0.743,
      1.0,
      0.328,
      0.471,
      0.513,
      0.7,
      0.621,
      0.513,
      0.385,
      0.634,
      0.533,
      0.63,
      0.566,
      0.319,
      0.327,
      0.601,
      0.548,
      0.556,
      0.538,
      0.537,
      0.323,
      0.594,
      0.664,
      0.642,
      0.716,
      0.603,
      0.418
    ],
    [
      0.358,
      0.272,
      0.498,
      0.464,
      0.485,
      0.504,
      0.336,
      0.363,
      0.378,
      0.531,
      0.32,
      0.46,
      0.392,
      0.38,
      0.35,
      0.416,
      0.431,
      0.328,
      1.0,
      0.353,
      0.279,
      0.405,
      0.43,
      0.463,
      0.366,
      0.411,
      0.393,
      0.344,
      0.376,
      0.377,
      0.354,
      0.301,
      0.224,
      0.33,
      0.154,
      0.235,
      0.147,
      0.508,
      0.399,
      0.229,
      0.395,
      0.44,
      0.423
    ],
    [
      0.383,
      0.261,
      0.327,
      0.274,
      0.338,
      0.435,
      0.328,
      0.46,
      0.328,
      0.408,
      0.547,
      0.309,
      0.355,
      0.2,
      0.347,
      0.395,
      0.312,
      0.471,
      0.353,
      1.0,
      0.348,
      0.288,
      0.317,
      0.384,
      0.251,
      0.328,
      0.381,
      0.292,
      0.292,
      0.404,
      0.435,
      0.22,
      0.352,
      0.165,
      0.291,
      0.245,
      0.408,
      0.259,
      0.276,
      0.322,
      0.335,
      0.397,
      0.312
    ],
    [
      0.664,
      0.395,
      0.483,
      0.602,
      0.22,
      0.352,
      0.491,
      0.245,
      0.584,
      0.514,
      0.407,
      0.625,
      0.597,
      0.625,
      0.478,
      0.585,
      0.603,
      0.513,
      0.279,
      0.348,
      1.0,
      0.594,
      0.694,
      0.371,
      0.408,
      0.512,
      0.481,
      0.553,
      0.573,
      0.232,
      0.278,
      0.604,
      0.372,
      0.43,
      0.537,
      0.275,
      0.196,
      0.575,
      0.602,
      0.614,
      0.702,
      0.577,
      0.421
    ],
    [
      0.687,
      0.327,
      0.548,
      0.678,
      0.274,
      0.388,
      0.527,
      0.365,
      0.636,
      0.507,
      0.455,
      0.76,
      0.745,
      0.677,
      0.75,
      0.793,
      0.789,
      0.7,
      0.405,
      0.288,
      0.594,
      1.0,
      0.715,
      0.485,
      0.427,
      0.696,
      0.582,
      0.77,
      0.729,
      0.287,
      0.317,
      0.688,
      0.432,
      0.666,
      0.478,
      0.35,
      0.209,
      0.695,
      0.699,
      0.624,
      0.772,
      0.66,
      0.484
    ],
    [
      0.691,
      0.381,
      0.581,
      0.658,
      0.316,
      0.38,
      0.455,
      0.29,
      0.646,
      0.566,
      0.48,
      0.703,
      0.702,
      0.689,
      0.642,
      0.731,
      0.744,
      0.621,
      0.43,
      0.317,
      0.694,
      0.715,
      1.0,
      0.412,
      0.467,
      0.641,
      0.583,
      0.677,
      0.71,
      0.301,
      0.384,
      0.631,
      0.374,
      0.506,
      0.459,
      0.311,
      0.184,
      0.66,
      0.673,
      0.678,
      0.73,
      0.644,
      0.483
    ],
    [
      0.411,
      0.331,
      0.363,
      0.552,
      0.207,
      0.338,
      0.39,
      0.276,
      0.417,
      0.521,
      0.312,
      0.478,
      0.521,
      0.585,
      0.422,
      0.454,
      0.494,
      0.513,
      0.463,
      0.384,
      0.371,
      0.485,
      0.412,
      1.0,
      0.742,
      0.64,
      0.73,
      0.435,
      0.432,
      0.377,
      0.274,
      0.458,
      0.431,
      0.302,
      0.449,
      0.428,
      0.294,
      0.558,
      0.511,
      0.49,
      0.539,
      0.562,
      0.486
    ],
    [
      0.426,
      0.295,
      0.33,
      0.516,
      0.084,
      0.184,
      0.352,
      0.186,
      0.383,
      0.548,
      0.215,
      0.452,
      0.532,
      0.712,
      0.331,
      0.408,
      0.432,
      0.385,
      0.366,
      0.251,
      0.408,
      0.427,
      0.467,
      0.742,
      1.0,
      0.606,
      0.724,
      0.417,
      0.402,
      0.185,
      0.173,
      0.451,
      0.332,
      0.246,
      0.362,
      0.251,
      0.118,
      0.571,
      0.523,
      0.523,
      0.493,
      0.525,
      0.478
    ],
    [
      0.611,
      0.324,
      0.478,
      0.668,
      0.163,
      0.245,
      0.528,
      0.207,
      0.688,
      0.588,
      0.319,
      0.726,
      0.655,
      0.701,
      0.682,
      0.694,
      0.702,
      0.634,
      0.411,
      0.328,
      0.512,
      0.696,
      0.641,
      0.64,
      0.606,
      1.0,
      0.707,
      0.662,
      0.669,
      0.271,
      0.271,
      0.681,
      0.343,
      0.497,
      0.362,
      0.301,
      0.208,
      0.698,
      0.662,
      0.585,
      0.678,
      0.605,
      0.528
    ],
    [
      0.532,
      0.3,
      0.394,
      0.57,
      0.202,
      0.245,
      0.4,
      0.31,
      0.528,
      0.59,
      0.377,
      0.607,
      0.626,
      0.677,
      0.54,
      0.596,
      0.571,
      0.533,
      0.393,
      0.381,
      0.481,
      0.582,
      0.583,
      0.73,
      0.724,
      0.707,
      1.0,
      0.555,
      0.555,
      0.246,
      0.241,
      0.525,
      0.375,
      0.4,
      0.384,
      0.342,
      0.274,
      0.634,
      0.6,
      0.55,
      0.587,
      0.61,
      0.497
    ],
    [
      0.569,
      0.321,
      0.531,
      0.642,
      0.084,
      0.258,
      0.465,
      0.239,
      0.607,
      0.461,
      0.435,
      0.697,
      0.729,
      0.635,
      0.686,
      0.701,
      0.74,
      0.63,
      0.344,
      0.292,
      0.553,
      0.77,
      0.677,
      0.435,
      0.417,
      0.662,
      0.555,
      1.0,
      0.851,
      0.352,
      0.355,
      0.537,
      0.398,
      0.526,
      0.377,
      0.335,
      0.141,
      0.587,
      0.6,
      0.563,
      0.664,
      0.605,
      0.499
    ],
    [
      0.57,
      0.217,
      0.525,
      0.634,
      0.183,
      0.222,
      0.449,
      0.205,
      0.607,
      0.496,
      0.368,
      0.721,
      0.725,
      0.658,
      0.73,
      0.735,
      0.783,
      0.566,
      0.376,
      0.292,
      0.573,
      0.729,
      0.71,
      0.432,
      0.402,
      0.669,
      0.555,
      0.851,
      1.0,
      0.371,
      0.393,
      0.563,
      0.33,
      0.474,
      0.345,
      0.304,
      0.186,
      0.599,
      0.607,
      0.564,
      0.66,
      0.612,
      0.524
    ],
    [
      0.248,
      0.303,
      0.436,
      0.392,
      0.268,
      0.376,
      0.404,
      0.255,
      0.213,
      0.279,
      0.239,
      0.24,
      0.285,
      0.211,
      0.285,
      0.227,
      0.304,
      0.319,
      0.377,
      0.404,
      0.232,
      0.287,
      0.301,
      0.377,
      0.185,
      0.271,
      0.246,
      0.352,
      0.371,
      1.0,
      0.766,
      0.169,
      0.265,
      0.181,
      0.225,
      0.302,
      0.314,
      0.345,
      0.255,
      0.292,
      0.28,
      0.359,
      0.347
    ],
    [
      0.302,
      0.288,
      0.491,
      0.369,
      0.273,
      0.417,
      0.481,
      0.251,
      0.215,
      0.308,
      0.314,
      0.232,
      0.294,
      0.208,
      0.309,
      0.258,
      0.307,
      0.327,
      0.354,
      0.435,
      0.278,
      0.317,
      0.384,
      0.274,
      0.173,
      0.271,
      0.241,
      0.355,
      0.393,
      0.766,
      1.0,
      0.29,
      0.305,
      0.188,
      0.225,
      0.247,
      0.242,
      0.275,
      0.279,
      0.317,
      0.341,
      0.378,
      0.305
    ],
    [
      0.718,
      0.299,
      0.514,
      0.687,
      0.251,
      0.236,
      0.585,
      0.223,
      0.615,
      0.512,
      0.284,
      0.65,
      0.582,
      0.64,
      0.6,
      0.663,
      0.677,
      0.601,
      0.301,
      0.22,
      0.604,
      0.688,
      0.631,
      0.458,
      0.451,
      0.681,
      0.525,
      0.537,
      0.563,
      0.169,
      0.29,
      1.0,
      0.346,
      0.646,
      0.521,
      0.342,
      0.146,
      0.628,
      0.675,
      0.6,
      0.721,
      0.538,
      0.357
    ],
    [
      0.507,
      0.4,
      0.415,
      0.34,
      0.176,
      0.4,
      0.351,
      0.469,
      0.4,
      0.396,
      0.378,
      0.365,
      0.44,
      0.261,
      0.377,
      0.369,
      0.332,
      0.548,
      0.224,
      0.352,
      0.372,
      0.432,
      0.374,
      0.431,
      0.332,
      0.343,
      0.375,
      0.398,
      0.33,
      0.265,
      0.305,
      0.346,
      1.0,
      0.39,
      0.6,
      0.421,
      0.157,
      0.432,
      0.386,
      0.348,
      0.523,
      0.383,
      0.216
    ],
    [
      0.611,
      0.324,
      0.477,
      0.498,
      0.258,
      0.244,
      0.495,
      0.337,
      0.393,
      0.35,
      0.329,
      0.476,
      0.509,
      0.383,
      0.563,
      0.567,
      0.512,
      0.556,
      0.33,
      0.165,
      0.43,
      0.666,
      0.506,
      0.302,
      0.246,
      0.497,
      0.4,
      0.526,
      0.474,
      0.181,
      0.188,
      0.646,
      0.39,
      1.0,
      0.524,
      0.438,
      0.135,
      0.541,
      0.472,
      0.44,
      0.632,
      0.407,
      0.195
    ],
    [
      0.561,
      0.462,
      0.464,
      0.418,
      0.18,
      0.331,
      0.425,
      0.364,
      0.33,
      0.424,
      0.38,
      0.376,
      0.412,
      0.331,
      0.299,
      0.385,
      0.385,
      0.538,
      0.154,
      0.291,
      0.537,
      0.478,
      0.459,
      0.449,
      0.362,
      0.362,
      0.384,
      0.377,
      0.345,
      0.225,
      0.225,
      0.521,
      0.6,
      0.524,
      1.0,
      0.429,
      0.181,
      0.449,
      0.457,
      0.455,
      0.548,
      0.434,
      0.249
    ],
    [
      0.35,
      0.282,
      0.337,
      0.377,
      0.077,
      0.249,
      0.365,
      0.267,
      0.289,
      0.323,
      0.334,
      0.241,
      0.333,
      0.205,
      0.429,
      0.35,
      0.367,
      0.537,
      0.235,
      0.245,
      0.275,
      0.35,
      0.311,
      0.428,
      0.251,
      0.301,
      0.342,
      0.335,
      0.304,
      0.302,
      0.247,
      0.342,
      0.421,
      0.438,
      0.429,
      1.0,
      0.296,
      0.298,
      0.302,
      0.277,
      0.477,
      0.275,
      0.27
    ],
    [
      0.179,
      0.164,
      0.113,
      0.221,
      0.186,
      0.277,
      0.251,
      0.277,
      0.215,
      0.278,
      0.343,
      0.21,
      0.206,
      0.163,
      0.237,
      0.232,
      0.176,
      0.323,
      0.147,
      0.408,
      0.196,
      0.209,
      0.184,
      0.294,
      0.118,
      0.208,
      0.274,
      0.141,
      0.186,
      0.314,
      0.242,
      0.146,
      0.157,
      0.135,
      0.181,
      0.296,
      1.0,
      0.169,
      0.208,
      0.233,
      0.177,
      0.372,
      0.382
    ],
    [
      0.645,
      0.342,
      0.506,
      0.709,
      0.267,
      0.27,
      0.505,
      0.267,
      0.648,
      0.604,
      0.288,
      0.689,
      0.682,
      0.737,
      0.627,
      0.664,
      0.687,
      0.594,
      0.508,
      0.259,
      0.575,
      0.695,
      0.66,
      0.558,
      0.571,
      0.698,
      0.634,
      0.587,
      0.599,
      0.345,
      0.275,
      0.628,
      0.432,
      0.541,
      0.449,
      0.298,
      0.169,
      1.0,
      0.74,
      0.541,
      0.665,
      0.645,
      0.504
    ],
    [
      0.663,
      0.3,
      0.469,
      0.649,
      0.304,
      0.337,
      0.517,
      0.313,
      0.637,
      0.52,
      0.383,
      0.694,
      0.651,
      0.753,
      0.623,
      0.715,
      0.716,
      0.664,
      0.399,
      0.276,
      0.602,
      0.699,
      0.673,
      0.511,
      0.523,
      0.662,
      0.6,
      0.6,
      0.607,
      0.255,
      0.279,
      0.675,
      0.386,
      0.472,
      0.457,
      0.302,
      0.208,
      0.74,
      1.0,
      0.638,
      0.675,
      0.661,
      0.501
    ],
    [
      0.604,
      0.318,
      0.378,
      0.579,
      0.204,
      0.286,
      0.469,
      0.263,
      0.506,
      0.467,
      0.404,
      0.618,
      0.635,
      0.68,
      0.622,
      0.659,
      0.679,
      0.642,
      0.229,
      0.322,
      0.614,
      0.624,
      0.678,
      0.49,
      0.523,
      0.585,
      0.55,
      0.563,
      0.564,
      0.292,
      0.317,
      0.6,
      0.348,
      0.44,
      0.455,
      0.277,
      0.233,
      0.541,
      0.638,
      1.0,
      0.794,
      0.619,
      0.406
    ],
    [
      0.761,
      0.421,
      0.572,
      0.694,
      0.231,
      0.423,
      0.539,
      0.38,
      0.609,
      0.576,
      0.448,
      0.741,
      0.735,
      0.663,
      0.719,
      0.741,
      0.756,
      0.716,
      0.395,
      0.335,
      0.702,
      0.772,
      0.73,
      0.539,
      0.493,
      0.678,
      0.587,
      0.664,
      0.66,
      0.28,
      0.341,
      0.721,
      0.523,
      0.632,
      0.548,
      0.477,
      0.177,
      0.665,
      0.675,
      0.794,
      1.0,
      0.637,
      0.437
    ],
    [
      0.593,
      0.306,
      0.523,
      0.667,
      0.331,
      0.445,
      0.484,
      0.329,
      0.588,
      0.639,
      0.431,
      0.705,
      0.705,
      0.724,
      0.543,
      0.603,
      0.686,
      0.603,
      0.44,
      0.397,
      0.577,
      0.66,
      0.644,
      0.562,
      0.525,
      0.605,
      0.61,
      0.605,
      0.612,
      0.359,
      0.378,
      0.538,
      0.383,
      0.407,
      0.434,
      0.275,
      0.372,
      0.645,
      0.661,
      0.619,
      0.637,
      1.0,
      0.569
    ],
    [
      0.386,
      0.279,
      0.369,
      0.516,
      0.206,
      0.282,
      0.324,
      0.268,
      0.508,
      0.54,
      0.355,
      0.476,
      0.531,
      0.562,
      0.407,
      0.47,
      0.487,
      0.418,
      0.423,
      0.312,
      0.421,
      0.484,
      0.483,
      0.486,
      0.478,
      0.528,
      0.497,
      0.499,
      0.524,
      0.347,
      0.305,
      0.357,
      0.216,
      0.195,
      0.249,
      0.27,
      0.382,
      0.504,
      0.501,
      0.406,
      0.437,
      0.569,
      1.0
    ]
  ]
}