{
  "feeds": [
    "Brazil | Folha de São Paulo",
    "Brazil | O Globo (via Google News)",
    "China | CGTN Politics",
    "China | CGTN World",
    "China | Global Times",
    "China | People's Daily CN",
    "China | Xinhua English",
    "India | Dainik Bhaskar",
    "India | NDTV World",
    "India | The Hindu Intl",
    "India | Times of India",
    "Iran (Opposition / Diaspora) | Iran International EN",
    "Iran (Opposition / Diaspora) | Iran International FA",
    "Iran (Opposition / Diaspora) | RFE/RL (was Radio Farda)",
    "Iran (State) | IRNA English",
    "Iran (State) | IRNA Farsi",
    "Iran (State) | Tehran Times",
    "Israel | Haaretz",
    "Israel | Jerusalem Post",
    "Israel | Times of Israel",
    "Israel | Ynet Hebrew",
    "Japan | Japan Times",
    "Japan | NHK Japanese",
    "Nigeria | The Punch",
    "Nigeria | Vanguard",
    "Qatar | Al Jazeera Arabic",
    "Qatar | Al Jazeera English",
    "Russia | Meduza",
    "Russia | Moscow Times",
    "Russia | RT",
    "Russia | TASS English",
    "Saudi Arabia | Al Arabiya English (via Google News)",
    "Saudi Arabia | Arab News (via Google News)",
    "South Korea | Korea Herald (via Google News)",
    "South Korea | Yonhap News",
    "Turkey | Daily Sabah",
    "Turkey | Hurriyet",
    "United Kingdom | BBC World",
    "United Kingdom | The Guardian World",
    "United Kingdom | The Telegraph",
    "United States | CNN World",
    "United States | Fox News World",
    "United States | NPR World",
    "Wire Services (Factual Baseline) | AFP / France 24 EN",
    "Wire Services (Factual Baseline) | AFP / France 24 FR",
    "Wire Services (Factual Baseline) | AP News",
    "Wire Services (Factual Baseline) | Reuters (via Google News)"
  ],
  "matrix": [
    [
      1.0,
      0.491,
      0.483,
      0.469,
      0.224,
      0.325,
      0.485,
      0.35,
      0.566,
      0.7,
      0.176,
      0.506,
      0.587,
      0.575,
      0.479,
      0.387,
      0.466,
      0.46,
      0.485,
      0.611,
      0.643,
      0.472,
      0.397,
      0.455,
      0.535,
      0.605,
      0.576,
      0.35,
      0.436,
      0.625,
      0.388,
      0.442,
      0.379,
      0.241,
      0.21,
      0.599,
      0.423,
      0.574,
      0.618,
      0.361,
      0.238,
      0.6,
      0.68,
      0.736,
      0.698,
      0.615,
      0.348
    ],
    [
      0.491,
      1.0,
      0.249,
      0.295,
      0.093,
      0.302,
      0.339,
      0.393,
      0.307,
      0.363,
      0.331,
      0.242,
      0.35,
      0.314,
      0.31,
      0.331,
      0.218,
      0.192,
      0.205,
      0.333,
      0.433,
      0.32,
      0.312,
      0.498,
      0.365,
      0.328,
      0.402,
      0.334,
      0.26,
      0.383,
      0.279,
      0.351,
      0.245,
      0.369,
      0.282,
      0.293,
      0.501,
      0.378,
      0.563,
      0.3,
      0.145,
      0.284,
      0.432,
      0.4,
      0.437,
      0.434,
      0.299
    ],
    [
      0.483,
      0.249,
      1.0,
      0.751,
      0.422,
      0.505,
      0.524,
      0.398,
      0.595,
      0.585,
      0.245,
      0.606,
      0.653,
      0.562,
      0.642,
      0.571,
      0.586,
      0.517,
      0.58,
      0.528,
      0.553,
      0.604,
      0.444,
      0.513,
      0.385,
      0.569,
      0.512,
      0.269,
      0.521,
      0.346,
      0.487,
      0.658,
      0.624,
      0.403,
      0.46,
      0.547,
      0.333,
      0.439,
      0.425,
      0.206,
      0.069,
      0.664,
      0.451,
      0.413,
      0.551,
      0.536,
      0.583
    ],
    [
      0.469,
      0.295,
      0.751,
      1.0,
      0.525,
      0.522,
      0.471,
      0.323,
      0.583,
      0.575,
      0.25,
      0.56,
      0.616,
      0.481,
      0.556,
      0.428,
      0.534,
      0.509,
      0.538,
      0.503,
      0.53,
      0.621,
      0.489,
      0.48,
      0.447,
      0.599,
      0.604,
      0.189,
      0.469,
      0.391,
      0.531,
      0.633,
      0.655,
      0.329,
      0.362,
      0.54,
      0.252,
      0.416,
      0.399,
      0.242,
      0.165,
      0.604,
      0.483,
      0.461,
      0.544,
      0.493,
      0.608
    ],
    [
      0.224,
      0.093,
      0.422,
      0.525,
      1.0,
      0.538,
      0.232,
      0.337,
      0.271,
      0.275,
      0.261,
      0.266,
      0.32,
      0.274,
      0.259,
      0.255,
      0.252,
      0.216,
      0.153,
      0.179,
      0.257,
      0.402,
      0.384,
      0.335,
      0.269,
      0.282,
      0.309,
      0.131,
      0.231,
      0.184,
      0.307,
      0.202,
      0.291,
      0.168,
      0.278,
      0.184,
      0.093,
      0.275,
      0.22,
      0.077,
      0.186,
      0.301,
      0.166,
      0.212,
      0.304,
      0.216,
      0.367
    ],
    [
      0.325,
      0.302,
      0.505,
      0.522,
      0.538,
      1.0,
      0.338,
      0.531,
      0.306,
      0.388,
      0.426,
      0.308,
      0.411,
      0.313,
      0.378,
      0.461,
      0.338,
      0.251,
      0.216,
      0.29,
      0.472,
      0.435,
      0.647,
      0.462,
      0.463,
      0.322,
      0.32,
      0.161,
      0.302,
      0.275,
      0.344,
      0.352,
      0.35,
      0.25,
      0.338,
      0.208,
      0.326,
      0.187,
      0.394,
      0.249,
      0.277,
      0.258,
      0.254,
      0.298,
      0.447,
      0.392,
      0.357
    ],
    [
      0.485,
      0.339,
      0.524,
      0.471,
      0.232,
      0.338,
      1.0,
      0.267,
      0.542,
      0.542,
      0.221,
      0.433,
      0.56,
      0.547,
      0.46,
      0.339,
      0.457,
      0.476,
      0.537,
      0.566,
      0.522,
      0.536,
      0.414,
      0.515,
      0.458,
      0.449,
      0.478,
      0.257,
      0.406,
      0.488,
      0.438,
      0.441,
      0.389,
      0.396,
      0.399,
      0.484,
      0.358,
      0.454,
      0.409,
      0.365,
      0.251,
      0.542,
      0.543,
      0.499,
      0.593,
      0.446,
      0.397
    ],
    [
      0.35,
      0.393,
      0.398,
      0.323,
      0.337,
      0.531,
      0.267,
      1.0,
      0.209,
      0.353,
      0.633,
      0.214,
      0.372,
      0.252,
      0.217,
      0.466,
      0.244,
      0.248,
      0.247,
      0.26,
      0.526,
      0.302,
      0.435,
      0.424,
      0.434,
      0.263,
      0.248,
      0.198,
      0.146,
      0.271,
      0.132,
      0.306,
      0.256,
      0.316,
      0.415,
      0.108,
      0.546,
      0.368,
      0.461,
      0.332,
      0.173,
      0.222,
      0.166,
      0.281,
      0.342,
      0.399,
      0.301
    ],
    [
      0.566,
      0.307,
      0.595,
      0.583,
      0.271,
      0.306,
      0.542,
      0.209,
      1.0,
      0.767,
      0.205,
      0.827,
      0.83,
      0.728,
      0.777,
      0.488,
      0.687,
      0.575,
      0.585,
      0.63,
      0.592,
      0.663,
      0.456,
      0.426,
      0.507,
      0.65,
      0.638,
      0.45,
      0.656,
      0.566,
      0.719,
      0.724,
      0.664,
      0.274,
      0.253,
      0.766,
      0.391,
      0.557,
      0.386,
      0.357,
      0.232,
      0.74,
      0.727,
      0.581,
      0.657,
      0.574,
      0.597
    ],
    [
      0.7,
      0.363,
      0.585,
      0.575,
      0.275,
      0.388,
      0.542,
      0.353,
      0.767,
      1.0,
      0.285,
      0.761,
      0.81,
      0.729,
      0.702,
      0.448,
      0.635,
      0.607,
      0.563,
      0.65,
      0.666,
      0.604,
      0.478,
      0.441,
      0.533,
      0.648,
      0.667,
      0.318,
      0.569,
      0.663,
      0.529,
      0.706,
      0.632,
      0.27,
      0.298,
      0.726,
      0.411,
      0.479,
      0.404,
      0.335,
      0.233,
      0.736,
      0.732,
      0.592,
      0.635,
      0.619,
      0.503
    ],
    [
      0.176,
      0.331,
      0.245,
      0.25,
      0.261,
      0.426,
      0.221,
      0.633,
      0.205,
      0.285,
      1.0,
      0.219,
      0.341,
      0.176,
      0.215,
      0.369,
      0.17,
      0.214,
      0.187,
      0.211,
      0.327,
      0.291,
      0.365,
      0.401,
      0.437,
      0.171,
      0.207,
      0.047,
      0.114,
      0.25,
      0.199,
      0.297,
      0.293,
      0.295,
      0.278,
      0.074,
      0.407,
      0.19,
      0.273,
      0.223,
      0.226,
      0.16,
      0.143,
      0.155,
      0.277,
      0.229,
      0.28
    ],
    [
      0.506,
      0.242,
      0.606,
      0.56,
      0.266,
      0.308,
      0.433,
      0.214,
      0.827,
      0.761,
      0.219,
      1.0,
      0.843,
      0.711,
      0.768,
      0.55,
      0.793,
      0.608,
      0.573,
      0.608,
      0.598,
      0.653,
      0.449,
      0.378,
      0.527,
      0.667,
      0.579,
      0.405,
      0.609,
      0.575,
      0.596,
      0.693,
      0.608,
      0.277,
      0.256,
      0.704,
      0.387,
      0.442,
      0.33,
      0.269,
      0.23,
      0.759,
      0.62,
      0.504,
      0.562,
      0.526,
      0.545
    ],
    [
      0.587,
      0.35,
      0.653,
      0.616,
      0.32,
      0.411,
      0.56,
      0.372,
      0.83,
      0.81,
      0.341,
      0.843,
      1.0,
      0.725,
      0.729,
      0.576,
      0.724,
      0.656,
      0.632,
      0.682,
      0.731,
      0.688,
      0.576,
      0.484,
      0.509,
      0.689,
      0.606,
      0.381,
      0.611,
      0.579,
      0.612,
      0.76,
      0.696,
      0.405,
      0.389,
      0.73,
      0.502,
      0.513,
      0.41,
      0.353,
      0.219,
      0.734,
      0.659,
      0.545,
      0.684,
      0.633,
      0.553
    ],
    [
      0.575,
      0.314,
      0.562,
      0.481,
      0.274,
      0.313,
      0.547,
      0.252,
      0.728,
      0.729,
      0.176,
      0.711,
      0.725,
      1.0,
      0.7,
      0.465,
      0.631,
      0.541,
      0.565,
      0.597,
      0.584,
      0.642,
      0.39,
      0.473,
      0.462,
      0.547,
      0.605,
      0.667,
      0.736,
      0.586,
      0.673,
      0.613,
      0.569,
      0.271,
      0.279,
      0.678,
      0.463,
      0.528,
      0.403,
      0.366,
      0.2,
      0.642,
      0.578,
      0.549,
      0.578,
      0.54,
      0.53
    ],
    [
      0.479,
      0.31,
      0.642,
      0.556,
      0.259,
      0.378,
      0.46,
      0.217,
      0.777,
      0.702,
      0.215,
      0.768,
      0.729,
      0.7,
      1.0,
      0.579,
      0.77,
      0.597,
      0.546,
      0.593,
      0.567,
      0.59,
      0.465,
      0.454,
      0.466,
      0.638,
      0.579,
      0.468,
      0.656,
      0.536,
      0.635,
      0.739,
      0.63,
      0.256,
      0.224,
      0.704,
      0.328,
      0.516,
      0.375,
      0.294,
      0.135,
      0.693,
      0.577,
      0.471,
      0.593,
      0.569,
      0.539
    ],
    [
      0.387,
      0.331,
      0.571,
      0.428,
      0.255,
      0.461,
      0.339,
      0.466,
      0.488,
      0.448,
      0.369,
      0.55,
      0.576,
      0.465,
      0.579,
      1.0,
      0.665,
      0.564,
      0.571,
      0.562,
      0.608,
      0.432,
      0.416,
      0.516,
      0.41,
      0.562,
      0.408,
      0.353,
      0.455,
      0.409,
      0.403,
      0.486,
      0.436,
      0.279,
      0.268,
      0.446,
      0.453,
      0.458,
      0.387,
      0.262,
      0.143,
      0.501,
      0.228,
      0.333,
      0.529,
      0.431,
      0.367
    ],
    [
      0.466,
      0.218,
      0.586,
      0.534,
      0.252,
      0.338,
      0.457,
      0.244,
      0.687,
      0.635,
      0.17,
      0.793,
      0.724,
      0.631,
      0.77,
      0.665,
      1.0,
      0.674,
      0.651,
      0.68,
      0.644,
      0.569,
      0.413,
      0.445,
      0.453,
      0.664,
      0.479,
      0.424,
      0.529,
      0.543,
      0.525,
      0.621,
      0.555,
      0.311,
      0.25,
      0.647,
      0.402,
      0.522,
      0.305,
      0.343,
      0.224,
      0.646,
      0.464,
      0.492,
      0.583,
      0.523,
      0.476
    ],
    [
      0.46,
      0.192,
      0.517,
      0.509,
      0.216,
      0.251,
      0.476,
      0.248,
      0.575,
      0.607,
      0.214,
      0.608,
      0.656,
      0.541,
      0.597,
      0.564,
      0.674,
      1.0,
      0.825,
      0.824,
      0.687,
      0.494,
      0.475,
      0.401,
      0.336,
      0.775,
      0.454,
      0.302,
      0.48,
      0.599,
      0.428,
      0.608,
      0.598,
      0.303,
      0.25,
      0.674,
      0.329,
      0.582,
      0.258,
      0.382,
      0.171,
      0.645,
      0.436,
      0.514,
      0.57,
      0.461,
      0.443
    ],
    [
      0.485,
      0.205,
      0.58,
      0.538,
      0.153,
      0.216,
      0.537,
      0.247,
      0.585,
      0.563,
      0.187,
      0.573,
      0.632,
      0.565,
      0.546,
      0.571,
      0.651,
      0.825,
      1.0,
      0.802,
      0.676,
      0.536,
      0.454,
      0.465,
      0.344,
      0.69,
      0.472,
      0.341,
      0.503,
      0.577,
      0.43,
      0.554,
      0.526,
      0.318,
      0.224,
      0.634,
      0.419,
      0.534,
      0.33,
      0.347,
      0.143,
      0.633,
      0.437,
      0.512,
      0.572,
      0.485,
      0.403
    ],
    [
      0.611,
      0.333,
      0.528,
      0.503,
      0.179,
      0.29,
      0.566,
      0.26,
      0.63,
      0.65,
      0.211,
      0.608,
      0.682,
      0.597,
      0.593,
      0.562,
      0.68,
      0.824,
      0.802,
      1.0,
      0.747,
      0.514,
      0.482,
      0.504,
      0.423,
      0.751,
      0.479,
      0.319,
      0.46,
      0.61,
      0.44,
      0.58,
      0.493,
      0.353,
      0.211,
      0.696,
      0.397,
      0.566,
      0.352,
      0.433,
      0.219,
      0.629,
      0.53,
      0.606,
      0.663,
      0.536,
      0.371
    ],
    [
      0.643,
      0.433,
      0.553,
      0.53,
      0.257,
      0.472,
      0.522,
      0.526,
      0.592,
      0.666,
      0.327,
      0.598,
      0.731,
      0.584,
      0.567,
      0.608,
      0.644,
      0.687,
      0.676,
      0.747,
      1.0,
      0.551,
      0.644,
      0.527,
      0.537,
      0.652,
      0.487,
      0.394,
      0.453,
      0.537,
      0.431,
      0.593,
      0.518,
      0.438,
      0.335,
      0.606,
      0.617,
      0.538,
      0.493,
      0.534,
      0.277,
      0.543,
      0.521,
      0.569,
      0.632,
      0.617,
      0.381
    ],
    [
      0.472,
      0.32,
      0.604,
      0.621,
      0.402,
      0.435,
      0.536,
      0.302,
      0.663,
      0.604,
      0.291,
      0.653,
      0.688,
      0.642,
      0.59,
      0.432,
      0.569,
      0.494,
      0.536,
      0.514,
      0.551,
      1.0,
      0.617,
      0.508,
      0.486,
      0.498,
      0.61,
      0.418,
      0.653,
      0.497,
      0.683,
      0.576,
      0.509,
      0.42,
      0.442,
      0.583,
      0.456,
      0.449,
      0.418,
      0.344,
      0.268,
      0.632,
      0.537,
      0.535,
      0.572,
      0.506,
      0.584
    ],
    [
      0.397,
      0.312,
      0.444,
      0.489,
      0.384,
      0.647,
      0.414,
      0.435,
      0.456,
      0.478,
      0.365,
      0.449,
      0.576,
      0.39,
      0.465,
      0.416,
      0.413,
      0.475,
      0.454,
      0.482,
      0.644,
      0.617,
      1.0,
      0.47,
      0.476,
      0.418,
      0.394,
      0.205,
      0.37,
      0.41,
      0.451,
      0.488,
      0.414,
      0.358,
      0.305,
      0.401,
      0.442,
      0.328,
      0.336,
      0.436,
      0.278,
      0.405,
      0.401,
      0.384,
      0.512,
      0.412,
      0.438
    ],
    [
      0.455,
      0.498,
      0.513,
      0.48,
      0.335,
      0.462,
      0.515,
      0.424,
      0.426,
      0.441,
      0.401,
      0.378,
      0.484,
      0.473,
      0.454,
      0.516,
      0.445,
      0.401,
      0.465,
      0.504,
      0.527,
      0.508,
      0.47,
      1.0,
      0.575,
      0.419,
      0.431,
      0.308,
      0.382,
      0.393,
      0.412,
      0.437,
      0.401,
      0.403,
      0.369,
      0.395,
      0.512,
      0.425,
      0.489,
      0.313,
      0.14,
      0.466,
      0.354,
      0.336,
      0.524,
      0.395,
      0.4
    ],
    [
      0.535,
      0.365,
      0.385,
      0.447,
      0.269,
      0.463,
      0.458,
      0.434,
      0.507,
      0.533,
      0.437,
      0.527,
      0.509,
      0.462,
      0.466,
      0.41,
      0.453,
      0.336,
      0.344,
      0.423,
      0.537,
      0.486,
      0.476,
      0.575,
      1.0,
      0.398,
      0.544,
      0.205,
      0.316,
      0.482,
      0.41,
      0.457,
      0.411,
      0.253,
      0.248,
      0.378,
      0.434,
      0.329,
      0.531,
      0.382,
      0.354,
      0.455,
      0.441,
      0.44,
      0.542,
      0.505,
      0.406
    ],
    [
      0.605,
      0.328,
      0.569,
      0.599,
      0.282,
      0.322,
      0.449,
      0.263,
      0.65,
      0.648,
      0.171,
      0.667,
      0.689,
      0.547,
      0.638,
      0.562,
      0.664,
      0.775,
      0.69,
      0.751,
      0.652,
      0.498,
      0.418,
      0.419,
      0.398,
      1.0,
      0.519,
      0.328,
      0.465,
      0.586,
      0.386,
      0.643,
      0.633,
      0.329,
      0.26,
      0.674,
      0.333,
      0.63,
      0.4,
      0.317,
      0.2,
      0.64,
      0.505,
      0.567,
      0.645,
      0.486,
      0.43
    ],
    [
      0.576,
      0.402,
      0.512,
      0.604,
      0.309,
      0.32,
      0.478,
      0.248,
      0.638,
      0.667,
      0.207,
      0.579,
      0.606,
      0.605,
      0.579,
      0.408,
      0.479,
      0.454,
      0.472,
      0.479,
      0.487,
      0.61,
      0.394,
      0.431,
      0.544,
      0.519,
      1.0,
      0.329,
      0.547,
      0.505,
      0.646,
      0.567,
      0.538,
      0.272,
      0.306,
      0.617,
      0.387,
      0.427,
      0.519,
      0.325,
      0.179,
      0.586,
      0.612,
      0.462,
      0.536,
      0.538,
      0.524
    ],
    [
      0.35,
      0.334,
      0.269,
      0.189,
      0.131,
      0.161,
      0.257,
      0.198,
      0.45,
      0.318,
      0.047,
      0.405,
      0.381,
      0.667,
      0.468,
      0.353,
      0.424,
      0.302,
      0.341,
      0.319,
      0.394,
      0.418,
      0.205,
      0.308,
      0.205,
      0.328,
      0.329,
      1.0,
      0.689,
      0.406,
      0.515,
      0.254,
      0.242,
      0.18,
      0.15,
      0.435,
      0.49,
      0.495,
      0.38,
      0.309,
      0.093,
      0.314,
      0.319,
      0.428,
      0.378,
      0.354,
      0.28
    ],
    [
      0.436,
      0.26,
      0.521,
      0.469,
      0.231,
      0.302,
      0.406,
      0.146,
      0.656,
      0.569,
      0.114,
      0.609,
      0.611,
      0.736,
      0.656,
      0.455,
      0.529,
      0.48,
      0.503,
      0.46,
      0.453,
      0.653,
      0.37,
      0.382,
      0.316,
      0.465,
      0.547,
      0.689,
      1.0,
      0.538,
      0.724,
      0.513,
      0.48,
      0.258,
      0.245,
      0.642,
      0.343,
      0.46,
      0.375,
      0.236,
      0.155,
      0.589,
      0.499,
      0.457,
      0.509,
      0.462,
      0.513
    ],
    [
      0.625,
      0.383,
      0.346,
      0.391,
      0.184,
      0.275,
      0.488,
      0.271,
      0.566,
      0.663,
      0.25,
      0.575,
      0.579,
      0.586,
      0.536,
      0.409,
      0.543,
      0.599,
      0.577,
      0.61,
      0.537,
      0.497,
      0.41,
      0.393,
      0.482,
      0.586,
      0.505,
      0.406,
      0.538,
      1.0,
      0.379,
      0.46,
      0.363,
      0.22,
      0.155,
      0.568,
      0.388,
      0.557,
      0.409,
      0.423,
      0.275,
      0.661,
      0.59,
      0.687,
      0.639,
      0.484,
      0.437
    ],
    [
      0.388,
      0.279,
      0.487,
      0.531,
      0.307,
      0.344,
      0.438,
      0.132,
      0.719,
      0.529,
      0.199,
      0.596,
      0.612,
      0.673,
      0.635,
      0.403,
      0.525,
      0.428,
      0.43,
      0.44,
      0.431,
      0.683,
      0.451,
      0.412,
      0.41,
      0.386,
      0.646,
      0.515,
      0.724,
      0.379,
      1.0,
      0.539,
      0.534,
      0.234,
      0.282,
      0.572,
      0.337,
      0.388,
      0.363,
      0.252,
      0.16,
      0.559,
      0.514,
      0.43,
      0.491,
      0.44,
      0.608
    ],
    [
      0.442,
      0.351,
      0.658,
      0.633,
      0.202,
      0.352,
      0.441,
      0.306,
      0.724,
      0.706,
      0.297,
      0.693,
      0.76,
      0.613,
      0.739,
      0.486,
      0.621,
      0.608,
      0.554,
      0.58,
      0.593,
      0.576,
      0.488,
      0.437,
      0.457,
      0.643,
      0.567,
      0.254,
      0.513,
      0.46,
      0.539,
      1.0,
      0.84,
      0.429,
      0.366,
      0.691,
      0.359,
      0.435,
      0.309,
      0.332,
      0.179,
      0.633,
      0.574,
      0.409,
      0.537,
      0.57,
      0.664
    ],
    [
      0.379,
      0.245,
      0.624,
      0.655,
      0.291,
      0.35,
      0.389,
      0.256,
      0.664,
      0.632,
      0.293,
      0.608,
      0.696,
      0.569,
      0.63,
      0.436,
      0.555,
      0.598,
      0.526,
      0.493,
      0.518,
      0.509,
      0.414,
      0.401,
      0.411,
      0.633,
      0.538,
      0.242,
      0.48,
      0.363,
      0.534,
      0.84,
      1.0,
      0.465,
      0.442,
      0.605,
      0.303,
      0.4,
      0.272,
      0.274,
      0.195,
      0.587,
      0.496,
      0.313,
      0.434,
      0.486,
      0.652
    ],
    [
      0.241,
      0.369,
      0.403,
      0.329,
      0.168,
      0.25,
      0.396,
      0.316,
      0.274,
      0.27,
      0.295,
      0.277,
      0.405,
      0.271,
      0.256,
      0.279,
      0.311,
      0.303,
      0.318,
      0.353,
      0.438,
      0.42,
      0.358,
      0.403,
      0.253,
      0.329,
      0.272,
      0.18,
      0.258,
      0.22,
      0.234,
      0.429,
      0.465,
      1.0,
      0.752,
      0.248,
      0.347,
      0.308,
      0.19,
      0.338,
      0.215,
      0.271,
      0.249,
      0.248,
      0.253,
      0.206,
      0.357
    ],
    [
      0.21,
      0.282,
      0.46,
      0.362,
      0.278,
      0.338,
      0.399,
      0.415,
      0.253,
      0.298,
      0.278,
      0.256,
      0.389,
      0.279,
      0.224,
      0.268,
      0.25,
      0.25,
      0.224,
      0.211,
      0.335,
      0.442,
      0.305,
      0.369,
      0.248,
      0.26,
      0.306,
      0.15,
      0.245,
      0.155,
      0.282,
      0.366,
      0.442,
      0.752,
      1.0,
      0.144,
      0.338,
      0.27,
      0.232,
      0.201,
      0.2,
      0.322,
      0.184,
      0.151,
      0.212,
      0.293,
      0.335
    ],
    [
      0.599,
      0.293,
      0.547,
      0.54,
      0.184,
      0.208,
      0.484,
      0.108,
      0.766,
      0.726,
      0.074,
      0.704,
      0.73,
      0.678,
      0.704,
      0.446,
      0.647,
      0.674,
      0.634,
      0.696,
      0.606,
      0.583,
      0.401,
      0.395,
      0.378,
      0.674,
      0.617,
      0.435,
      0.642,
      0.568,
      0.572,
      0.691,
      0.605,
      0.248,
      0.144,
      1.0,
      0.303,
      0.495,
      0.303,
      0.284,
      0.126,
      0.683,
      0.719,
      0.585,
      0.607,
      0.544,
      0.545
    ],
    [
      0.423,
      0.501,
      0.333,
      0.252,
      0.093,
      0.326,
      0.358,
      0.546,
      0.391,
      0.411,
      0.407,
      0.387,
      0.502,
      0.463,
      0.328,
      0.453,
      0.402,
      0.329,
      0.419,
      0.397,
      0.617,
      0.456,
      0.442,
      0.512,
      0.434,
      0.333,
      0.387,
      0.49,
      0.343,
      0.388,
      0.337,
      0.359,
      0.303,
      0.347,
      0.338,
      0.303,
      1.0,
      0.479,
      0.539,
      0.416,
      0.151,
      0.401,
      0.349,
      0.417,
      0.381,
      0.444,
      0.321
    ],
    [
      0.574,
      0.378,
      0.439,
      0.416,
      0.275,
      0.187,
      0.454,
      0.368,
      0.557,
      0.479,
      0.19,
      0.442,
      0.513,
      0.528,
      0.516,
      0.458,
      0.522,
      0.582,
      0.534,
      0.566,
      0.538,
      0.449,
      0.328,
      0.425,
      0.329,
      0.63,
      0.427,
      0.495,
      0.46,
      0.557,
      0.388,
      0.435,
      0.4,
      0.308,
      0.27,
      0.495,
      0.479,
      1.0,
      0.477,
      0.445,
      0.109,
      0.57,
      0.45,
      0.634,
      0.599,
      0.413,
      0.411
    ],
    [
      0.618,
      0.563,
      0.425,
      0.399,
      0.22,
      0.394,
      0.409,
      0.461,
      0.386,
      0.404,
      0.273,
      0.33,
      0.41,
      0.403,
      0.375,
      0.387,
      0.305,
      0.258,
      0.33,
      0.352,
      0.493,
      0.418,
      0.336,
      0.489,
      0.531,
      0.4,
      0.519,
      0.38,
      0.375,
      0.409,
      0.363,
      0.309,
      0.272,
      0.19,
      0.232,
      0.303,
      0.539,
      0.477,
      1.0,
      0.399,
      0.154,
      0.458,
      0.398,
      0.513,
      0.61,
      0.543,
      0.31
    ],
    [
      0.361,
      0.3,
      0.206,
      0.242,
      0.077,
      0.249,
      0.365,
      0.332,
      0.357,
      0.335,
      0.223,
      0.269,
      0.353,
      0.366,
      0.294,
      0.262,
      0.343,
      0.382,
      0.347,
      0.433,
      0.534,
      0.344,
      0.436,
      0.313,
      0.382,
      0.317,
      0.325,
      0.309,
      0.236,
      0.423,
      0.252,
      0.332,
      0.274,
      0.338,
      0.201,
      0.284,
      0.416,
      0.445,
      0.399,
      1.0,
      0.296,
      0.278,
      0.339,
      0.426,
      0.432,
      0.35,
      0.323
    ],
    [
      0.238,
      0.145,
      0.069,
      0.165,
      0.186,
      0.277,
      0.251,
      0.173,
      0.232,
      0.233,
      0.226,
      0.23,
      0.219,
      0.2,
      0.135,
      0.143,
      0.224,
      0.171,
      0.143,
      0.219,
      0.277,
      0.268,
      0.278,
      0.14,
      0.354,
      0.2,
      0.179,
      0.093,
      0.155,
      0.275,
      0.16,
      0.179,
      0.195,
      0.215,
      0.2,
      0.126,
      0.151,
      0.109,
      0.154,
      0.296,
      1.0,
      0.145,
      0.157,
      0.251,
      0.229,
      0.303,
      0.264
    ],
    [
      0.6,
      0.284,
      0.664,
      0.604,
      0.301,
      0.258,
      0.542,
      0.222,
      0.74,
      0.736,
      0.16,
      0.759,
      0.734,
      0.642,
      0.693,
      0.501,
      0.646,
      0.645,
      0.633,
      0.629,
      0.543,
      0.632,
      0.405,
      0.466,
      0.455,
      0.64,
      0.586,
      0.314,
      0.589,
      0.661,
      0.559,
      0.633,
      0.587,
      0.271,
      0.322,
      0.683,
      0.401,
      0.57,
      0.458,
      0.278,
      0.145,
      1.0,
      0.656,
      0.577,
      0.591,
      0.508,
      0.565
    ],
    [
      0.68,
      0.432,
      0.451,
      0.483,
      0.166,
      0.254,
      0.543,
      0.166,
      0.727,
      0.732,
      0.143,
      0.62,
      0.659,
      0.578,
      0.577,
      0.228,
      0.464,
      0.436,
      0.437,
      0.53,
      0.521,
      0.537,
      0.401,
      0.354,
      0.441,
      0.505,
      0.612,
      0.319,
      0.499,
      0.59,
      0.514,
      0.574,
      0.496,
      0.249,
      0.184,
      0.719,
      0.349,
      0.45,
      0.398,
      0.339,
      0.157,
      0.656,
      1.0,
      0.616,
      0.531,
      0.537,
      0.496
    ],
    [
      0.736,
      0.4,
      0.413,
      0.461,
      0.212,
      0.298,
      0.499,
      0.281,
      0.581,
      0.592,
      0.155,
      0.504,
      0.545,
      0.549,
      0.471,
      0.333,
      0.492,
      0.514,
      0.512,
      0.606,
      0.569,
      0.535,
      0.384,
      0.336,
      0.44,
      0.567,
      0.462,
      0.428,
      0.457,
      0.687,
      0.43,
      0.409,
      0.313,
      0.248,
      0.151,
      0.585,
      0.417,
      0.634,
      0.513,
      0.426,
      0.251,
      0.577,
      0.616,
      1.0,
      0.736,
      0.574,
      0.431
    ],
    [
      0.698,
      0.437,
      0.551,
      0.544,
      0.304,
      0.447,
      0.593,
      0.342,
      0.657,
      0.635,
      0.277,
      0.562,
      0.684,
      0.578,
      0.593,
      0.529,
      0.583,
      0.57,
      0.572,
      0.663,
      0.632,
      0.572,
      0.512,
      0.524,
      0.542,
      0.645,
      0.536,
      0.378,
      0.509,
      0.639,
      0.491,
      0.537,
      0.434,
      0.253,
      0.212,
      0.607,
      0.381,
      0.599,
      0.61,
      0.432,
      0.229,
      0.591,
      0.531,
      0.736,
      1.0,
      0.662,
      0.449
    ],
    [
      0.615,
      0.434,
      0.536,
      0.493,
      0.216,
      0.392,
      0.446,
      0.399,
      0.574,
      0.619,
      0.229,
      0.526,
      0.633,
      0.54,
      0.569,
      0.431,
      0.523,
      0.461,
      0.485,
      0.536,
      0.617,
      0.506,
      0.412,
      0.395,
      0.505,
      0.486,
      0.538,
      0.354,
      0.462,
      0.484,
      0.44,
      0.57,
      0.486,
      0.206,
      0.293,
      0.544,
      0.444,
      0.413,
      0.543,
      0.35,
      0.303,
      0.508,
      0.537,
      0.574,
      0.662,
      1.0,
      0.407
    ],
    [
      0.348,
      0.299,
      0.583,
      0.608,
      0.367,
      0.357,
      0.397,
      0.301,
      0.597,
      0.503,
      0.28,
      0.545,
      0.553,
      0.53,
      0.539,
      0.367,
      0.476,
      0.443,
      0.403,
      0.371,
      0.381,
      0.584,
      0.438,
      0.4,
      0.406,
      0.43,
      0.524,
      0.28,
      0.513,
      0.437,
      0.608,
      0.664,
      0.652,
      0.357,
      0.335,
      0.545,
      0.321,
      0.411,
      0.31,
      0.323,
      0.264,
      0.565,
      0.496,
      0.431,
      0.449,
      0.407,
      1.0
    ]
  ]
}