{
  "feeds": [
    "Brazil | Folha de São Paulo",
    "Brazil | O Globo (via Google News)",
    "China | CGTN Politics",
    "China | CGTN World",
    "China | Global Times",
    "China | People's Daily CN",
    "China | Xinhua English",
    "India | Dainik Bhaskar",
    "India | NDTV World",
    "India | The Hindu Intl",
    "India | Times of India",
    "Iran (Opposition / Diaspora) | Iran International EN",
    "Iran (Opposition / Diaspora) | Iran International FA",
    "Iran (Opposition / Diaspora) | RFE/RL (was Radio Farda)",
    "Israel | Haaretz",
    "Israel | Jerusalem Post",
    "Israel | Times of Israel",
    "Israel | Ynet Hebrew",
    "Japan | Japan Times",
    "Japan | NHK Japanese",
    "Nigeria | Vanguard",
    "Qatar | Al Jazeera Arabic",
    "Qatar | Al Jazeera English",
    "Russia | Meduza",
    "Russia | Moscow Times",
    "Russia | RT",
    "Russia | TASS English",
    "Saudi Arabia | Al Arabiya English (via Google News)",
    "Saudi Arabia | Arab News (via Google News)",
    "South Korea | Korea Herald (via Google News)",
    "South Korea | Yonhap News",
    "Turkey | Daily Sabah",
    "Turkey | Hurriyet",
    "United Kingdom | BBC World",
    "United Kingdom | The Guardian World",
    "United Kingdom | The Telegraph",
    "United States | CNN World",
    "United States | Fox News World",
    "United States | NPR World",
    "Wire Services (Factual Baseline) | AFP / France 24 EN",
    "Wire Services (Factual Baseline) | AFP / France 24 FR",
    "Wire Services (Factual Baseline) | AP News",
    "Wire Services (Factual Baseline) | Reuters (via Google News)"
  ],
  "matrix": [
    [
      1.0,
      0.318,
      0.599,
      0.572,
      0.245,
      0.314,
      0.431,
      0.367,
      0.615,
      0.732,
      0.447,
      0.674,
      0.673,
      0.709,
      0.501,
      0.682,
      0.489,
      0.721,
      0.146,
      0.515,
      0.524,
      0.63,
      0.676,
      0.558,
      0.529,
      0.662,
      0.564,
      0.582,
      0.555,
      0.25,
      0.154,
      0.773,
      0.366,
      0.473,
      0.423,
      0.35,
      0.156,
      0.768,
      0.636,
      0.591,
      0.662,
      0.657,
      0.486
    ],
    [
      0.318,
      1.0,
      0.282,
      0.363,
      0.105,
      0.294,
      0.333,
      0.37,
      0.301,
      0.325,
      0.325,
      0.32,
      0.251,
      0.207,
      0.414,
      0.271,
      0.338,
      0.427,
      0.264,
      0.3,
      0.419,
      0.445,
      0.334,
      0.323,
      0.277,
      0.42,
      0.264,
      0.4,
      0.263,
      0.448,
      0.311,
      0.24,
      0.489,
      0.258,
      0.417,
      0.377,
      0.197,
      0.247,
      0.312,
      0.446,
      0.426,
      0.38,
      0.372
    ],
    [
      0.599,
      0.282,
      1.0,
      0.608,
      0.565,
      0.516,
      0.468,
      0.308,
      0.532,
      0.547,
      0.391,
      0.582,
      0.579,
      0.628,
      0.433,
      0.566,
      0.499,
      0.583,
      0.351,
      0.539,
      0.387,
      0.595,
      0.498,
      0.486,
      0.51,
      0.529,
      0.566,
      0.597,
      0.629,
      0.437,
      0.345,
      0.646,
      0.217,
      0.431,
      0.283,
      0.24,
      0.101,
      0.627,
      0.489,
      0.486,
      0.594,
      0.486,
      0.525
    ],
    [
      0.572,
      0.363,
      0.608,
      1.0,
      0.392,
      0.472,
      0.54,
      0.442,
      0.563,
      0.584,
      0.431,
      0.628,
      0.601,
      0.679,
      0.488,
      0.585,
      0.499,
      0.641,
      0.32,
      0.524,
      0.55,
      0.625,
      0.537,
      0.522,
      0.478,
      0.514,
      0.684,
      0.655,
      0.578,
      0.409,
      0.367,
      0.573,
      0.368,
      0.425,
      0.437,
      0.325,
      0.345,
      0.645,
      0.573,
      0.571,
      0.625,
      0.535,
      0.647
    ],
    [
      0.245,
      0.105,
      0.565,
      0.392,
      1.0,
      0.538,
      0.232,
      0.352,
      0.292,
      0.376,
      0.22,
      0.286,
      0.186,
      0.201,
      0.102,
      0.14,
      0.135,
      0.254,
      0.381,
      0.354,
      0.227,
      0.237,
      0.164,
      0.204,
      0.198,
      0.124,
      0.22,
      0.117,
      0.197,
      0.268,
      0.215,
      0.18,
      0.056,
      0.33,
      0.156,
      0.077,
      0.186,
      0.328,
      0.25,
      0.2,
      0.222,
      0.304,
      0.319
    ],
    [
      0.314,
      0.294,
      0.516,
      0.472,
      0.538,
      1.0,
      0.338,
      0.57,
      0.329,
      0.323,
      0.342,
      0.337,
      0.241,
      0.27,
      0.253,
      0.214,
      0.246,
      0.41,
      0.369,
      0.495,
      0.318,
      0.38,
      0.207,
      0.305,
      0.271,
      0.219,
      0.277,
      0.29,
      0.255,
      0.358,
      0.337,
      0.203,
      0.298,
      0.27,
      0.336,
      0.249,
      0.277,
      0.257,
      0.32,
      0.326,
      0.396,
      0.399,
      0.324
    ],
    [
      0.431,
      0.333,
      0.468,
      0.54,
      0.232,
      0.338,
      1.0,
      0.288,
      0.442,
      0.497,
      0.335,
      0.431,
      0.482,
      0.449,
      0.414,
      0.449,
      0.464,
      0.5,
      0.299,
      0.424,
      0.416,
      0.443,
      0.452,
      0.38,
      0.411,
      0.52,
      0.556,
      0.447,
      0.414,
      0.403,
      0.408,
      0.433,
      0.407,
      0.35,
      0.388,
      0.365,
      0.251,
      0.519,
      0.445,
      0.488,
      0.524,
      0.487,
      0.45
    ],
    [
      0.367,
      0.37,
      0.308,
      0.442,
      0.352,
      0.57,
      0.288,
      1.0,
      0.426,
      0.439,
      0.601,
      0.369,
      0.341,
      0.248,
      0.296,
      0.358,
      0.297,
      0.503,
      0.317,
      0.511,
      0.511,
      0.425,
      0.328,
      0.341,
      0.274,
      0.237,
      0.329,
      0.285,
      0.264,
      0.293,
      0.245,
      0.224,
      0.512,
      0.384,
      0.492,
      0.403,
      0.382,
      0.244,
      0.398,
      0.356,
      0.398,
      0.542,
      0.441
    ],
    [
      0.615,
      0.301,
      0.532,
      0.563,
      0.292,
      0.329,
      0.442,
      0.426,
      1.0,
      0.61,
      0.482,
      0.623,
      0.605,
      0.627,
      0.527,
      0.613,
      0.508,
      0.736,
      0.272,
      0.504,
      0.454,
      0.579,
      0.566,
      0.433,
      0.43,
      0.537,
      0.525,
      0.583,
      0.555,
      0.334,
      0.254,
      0.626,
      0.436,
      0.504,
      0.415,
      0.373,
      0.268,
      0.579,
      0.621,
      0.504,
      0.56,
      0.591,
      0.545
    ],
    [
      0.732,
      0.325,
      0.547,
      0.584,
      0.376,
      0.323,
      0.497,
      0.439,
      0.61,
      1.0,
      0.453,
      0.58,
      0.534,
      0.609,
      0.376,
      0.555,
      0.439,
      0.619,
      0.261,
      0.483,
      0.528,
      0.551,
      0.563,
      0.527,
      0.473,
      0.567,
      0.499,
      0.496,
      0.495,
      0.22,
      0.145,
      0.645,
      0.326,
      0.376,
      0.412,
      0.3,
      0.265,
      0.677,
      0.61,
      0.518,
      0.562,
      0.612,
      0.562
    ],
    [
      0.447,
      0.325,
      0.391,
      0.431,
      0.22,
      0.342,
      0.335,
      0.601,
      0.482,
      0.453,
      1.0,
      0.456,
      0.514,
      0.356,
      0.446,
      0.532,
      0.408,
      0.529,
      0.209,
      0.452,
      0.476,
      0.486,
      0.403,
      0.348,
      0.298,
      0.344,
      0.437,
      0.415,
      0.395,
      0.224,
      0.225,
      0.348,
      0.432,
      0.43,
      0.39,
      0.276,
      0.251,
      0.342,
      0.435,
      0.402,
      0.448,
      0.52,
      0.465
    ],
    [
      0.674,
      0.32,
      0.582,
      0.628,
      0.286,
      0.337,
      0.431,
      0.369,
      0.623,
      0.58,
      0.456,
      1.0,
      0.734,
      0.752,
      0.596,
      0.681,
      0.519,
      0.71,
      0.226,
      0.489,
      0.458,
      0.651,
      0.608,
      0.55,
      0.498,
      0.573,
      0.622,
      0.661,
      0.64,
      0.303,
      0.238,
      0.714,
      0.425,
      0.537,
      0.43,
      0.239,
      0.213,
      0.709,
      0.647,
      0.498,
      0.622,
      0.605,
      0.529
    ],
    [
      0.673,
      0.251,
      0.579,
      0.601,
      0.186,
      0.241,
      0.482,
      0.341,
      0.605,
      0.534,
      0.514,
      0.734,
      1.0,
      0.728,
      0.685,
      0.867,
      0.672,
      0.743,
      0.102,
      0.43,
      0.507,
      0.775,
      0.734,
      0.51,
      0.48,
      0.625,
      0.724,
      0.757,
      0.742,
      0.279,
      0.256,
      0.736,
      0.474,
      0.626,
      0.394,
      0.339,
      0.176,
      0.694,
      0.623,
      0.561,
      0.708,
      0.593,
      0.545
    ],
    [
      0.709,
      0.207,
      0.628,
      0.679,
      0.201,
      0.27,
      0.449,
      0.248,
      0.627,
      0.609,
      0.356,
      0.752,
      0.728,
      1.0,
      0.488,
      0.691,
      0.516,
      0.659,
      0.152,
      0.495,
      0.442,
      0.611,
      0.626,
      0.621,
      0.616,
      0.578,
      0.72,
      0.685,
      0.697,
      0.292,
      0.289,
      0.766,
      0.318,
      0.435,
      0.323,
      0.21,
      0.148,
      0.807,
      0.666,
      0.533,
      0.619,
      0.573,
      0.547
    ],
    [
      0.501,
      0.414,
      0.433,
      0.488,
      0.102,
      0.253,
      0.414,
      0.296,
      0.527,
      0.376,
      0.446,
      0.596,
      0.685,
      0.488,
      1.0,
      0.731,
      0.731,
      0.769,
      0.11,
      0.363,
      0.397,
      0.685,
      0.579,
      0.362,
      0.314,
      0.541,
      0.591,
      0.63,
      0.469,
      0.225,
      0.143,
      0.552,
      0.489,
      0.519,
      0.446,
      0.434,
      0.158,
      0.463,
      0.484,
      0.638,
      0.679,
      0.471,
      0.373
    ],
    [
      0.682,
      0.271,
      0.566,
      0.585,
      0.14,
      0.214,
      0.449,
      0.358,
      0.613,
      0.555,
      0.532,
      0.681,
      0.867,
      0.691,
      0.731,
      1.0,
      0.739,
      0.784,
      0.128,
      0.443,
      0.497,
      0.765,
      0.71,
      0.501,
      0.446,
      0.624,
      0.71,
      0.756,
      0.698,
      0.216,
      0.16,
      0.77,
      0.431,
      0.584,
      0.396,
      0.362,
      0.164,
      0.634,
      0.609,
      0.599,
      0.703,
      0.538,
      0.527
    ],
    [
      0.489,
      0.338,
      0.499,
      0.499,
      0.135,
      0.246,
      0.464,
      0.297,
      0.508,
      0.439,
      0.408,
      0.519,
      0.672,
      0.516,
      0.731,
      0.739,
      1.0,
      0.717,
      0.168,
      0.392,
      0.378,
      0.628,
      0.556,
      0.366,
      0.313,
      0.518,
      0.576,
      0.663,
      0.549,
      0.244,
      0.136,
      0.602,
      0.419,
      0.496,
      0.378,
      0.351,
      0.134,
      0.475,
      0.497,
      0.598,
      0.684,
      0.511,
      0.428
    ],
    [
      0.721,
      0.427,
      0.583,
      0.641,
      0.254,
      0.41,
      0.5,
      0.503,
      0.736,
      0.619,
      0.529,
      0.71,
      0.743,
      0.659,
      0.769,
      0.784,
      0.717,
      1.0,
      0.198,
      0.597,
      0.549,
      0.739,
      0.649,
      0.499,
      0.458,
      0.645,
      0.631,
      0.67,
      0.591,
      0.307,
      0.219,
      0.729,
      0.553,
      0.572,
      0.515,
      0.462,
      0.254,
      0.625,
      0.67,
      0.664,
      0.756,
      0.652,
      0.555
    ],
    [
      0.146,
      0.264,
      0.351,
      0.32,
      0.381,
      0.369,
      0.299,
      0.317,
      0.272,
      0.261,
      0.209,
      0.226,
      0.102,
      0.152,
      0.11,
      0.128,
      0.168,
      0.198,
      1.0,
      0.376,
      0.254,
      0.22,
      0.094,
      0.364,
      0.388,
      0.176,
      0.306,
      0.175,
      0.199,
      0.455,
      0.421,
      0.072,
      0.05,
      0.133,
      0.113,
      0.195,
      0.289,
      0.175,
      0.274,
      0.251,
      0.287,
      0.203,
      0.226
    ],
    [
      0.515,
      0.3,
      0.539,
      0.524,
      0.354,
      0.495,
      0.424,
      0.511,
      0.504,
      0.483,
      0.452,
      0.489,
      0.43,
      0.495,
      0.363,
      0.443,
      0.392,
      0.597,
      0.376,
      1.0,
      0.436,
      0.493,
      0.353,
      0.411,
      0.397,
      0.395,
      0.51,
      0.389,
      0.367,
      0.378,
      0.439,
      0.449,
      0.282,
      0.309,
      0.263,
      0.3,
      0.314,
      0.48,
      0.42,
      0.424,
      0.539,
      0.531,
      0.491
    ],
    [
      0.524,
      0.419,
      0.387,
      0.55,
      0.227,
      0.318,
      0.416,
      0.511,
      0.454,
      0.528,
      0.476,
      0.458,
      0.507,
      0.442,
      0.397,
      0.497,
      0.378,
      0.549,
      0.254,
      0.436,
      1.0,
      0.548,
      0.504,
      0.484,
      0.395,
      0.442,
      0.419,
      0.456,
      0.475,
      0.304,
      0.381,
      0.467,
      0.537,
      0.392,
      0.518,
      0.388,
      0.207,
      0.477,
      0.5,
      0.555,
      0.499,
      0.549,
      0.499
    ],
    [
      0.63,
      0.445,
      0.595,
      0.625,
      0.237,
      0.38,
      0.443,
      0.425,
      0.579,
      0.551,
      0.486,
      0.651,
      0.775,
      0.611,
      0.685,
      0.765,
      0.628,
      0.739,
      0.22,
      0.493,
      0.548,
      1.0,
      0.718,
      0.513,
      0.412,
      0.636,
      0.658,
      0.7,
      0.624,
      0.293,
      0.253,
      0.68,
      0.423,
      0.469,
      0.475,
      0.377,
      0.163,
      0.579,
      0.596,
      0.72,
      0.744,
      0.599,
      0.585
    ],
    [
      0.676,
      0.334,
      0.498,
      0.537,
      0.164,
      0.207,
      0.452,
      0.328,
      0.566,
      0.563,
      0.403,
      0.608,
      0.734,
      0.626,
      0.579,
      0.71,
      0.556,
      0.649,
      0.094,
      0.353,
      0.504,
      0.718,
      1.0,
      0.489,
      0.405,
      0.612,
      0.603,
      0.688,
      0.64,
      0.219,
      0.148,
      0.664,
      0.415,
      0.561,
      0.431,
      0.436,
      0.116,
      0.631,
      0.568,
      0.648,
      0.651,
      0.6,
      0.541
    ],
    [
      0.558,
      0.323,
      0.486,
      0.522,
      0.204,
      0.305,
      0.38,
      0.341,
      0.433,
      0.527,
      0.348,
      0.55,
      0.51,
      0.621,
      0.362,
      0.501,
      0.366,
      0.499,
      0.364,
      0.411,
      0.484,
      0.513,
      0.489,
      1.0,
      0.818,
      0.61,
      0.682,
      0.477,
      0.463,
      0.39,
      0.253,
      0.459,
      0.435,
      0.371,
      0.43,
      0.388,
      0.256,
      0.615,
      0.625,
      0.538,
      0.541,
      0.543,
      0.395
    ],
    [
      0.529,
      0.277,
      0.51,
      0.478,
      0.198,
      0.271,
      0.411,
      0.274,
      0.43,
      0.473,
      0.298,
      0.498,
      0.48,
      0.616,
      0.314,
      0.446,
      0.313,
      0.458,
      0.388,
      0.397,
      0.395,
      0.412,
      0.405,
      0.818,
      1.0,
      0.549,
      0.662,
      0.412,
      0.428,
      0.372,
      0.247,
      0.396,
      0.377,
      0.343,
      0.323,
      0.349,
      0.243,
      0.57,
      0.584,
      0.437,
      0.503,
      0.428,
      0.309
    ],
    [
      0.662,
      0.42,
      0.529,
      0.514,
      0.124,
      0.219,
      0.52,
      0.237,
      0.537,
      0.567,
      0.344,
      0.573,
      0.625,
      0.578,
      0.541,
      0.624,
      0.518,
      0.645,
      0.176,
      0.395,
      0.442,
      0.636,
      0.612,
      0.61,
      0.549,
      1.0,
      0.65,
      0.629,
      0.571,
      0.353,
      0.254,
      0.668,
      0.402,
      0.474,
      0.385,
      0.442,
      0.165,
      0.649,
      0.582,
      0.624,
      0.667,
      0.517,
      0.487
    ],
    [
      0.564,
      0.264,
      0.566,
      0.684,
      0.22,
      0.277,
      0.556,
      0.329,
      0.525,
      0.499,
      0.437,
      0.622,
      0.724,
      0.72,
      0.591,
      0.71,
      0.576,
      0.631,
      0.306,
      0.51,
      0.419,
      0.658,
      0.603,
      0.682,
      0.662,
      0.65,
      1.0,
      0.658,
      0.587,
      0.334,
      0.29,
      0.573,
      0.364,
      0.457,
      0.365,
      0.377,
      0.19,
      0.674,
      0.553,
      0.597,
      0.674,
      0.513,
      0.508
    ],
    [
      0.582,
      0.4,
      0.597,
      0.655,
      0.117,
      0.29,
      0.447,
      0.285,
      0.583,
      0.496,
      0.415,
      0.661,
      0.757,
      0.685,
      0.63,
      0.756,
      0.663,
      0.67,
      0.175,
      0.389,
      0.456,
      0.7,
      0.688,
      0.477,
      0.412,
      0.629,
      0.658,
      1.0,
      0.809,
      0.423,
      0.305,
      0.719,
      0.424,
      0.466,
      0.344,
      0.379,
      0.096,
      0.603,
      0.5,
      0.516,
      0.66,
      0.469,
      0.644
    ],
    [
      0.555,
      0.263,
      0.629,
      0.578,
      0.197,
      0.255,
      0.414,
      0.264,
      0.555,
      0.495,
      0.395,
      0.64,
      0.742,
      0.697,
      0.469,
      0.698,
      0.549,
      0.591,
      0.199,
      0.367,
      0.475,
      0.624,
      0.64,
      0.463,
      0.428,
      0.571,
      0.587,
      0.809,
      1.0,
      0.423,
      0.393,
      0.688,
      0.32,
      0.488,
      0.312,
      0.289,
      0.161,
      0.582,
      0.527,
      0.406,
      0.552,
      0.448,
      0.655
    ],
    [
      0.25,
      0.448,
      0.437,
      0.409,
      0.268,
      0.358,
      0.403,
      0.293,
      0.334,
      0.22,
      0.224,
      0.303,
      0.279,
      0.292,
      0.225,
      0.216,
      0.244,
      0.307,
      0.455,
      0.378,
      0.304,
      0.293,
      0.219,
      0.39,
      0.372,
      0.353,
      0.334,
      0.423,
      0.423,
      1.0,
      0.704,
      0.231,
      0.327,
      0.277,
      0.215,
      0.304,
      0.282,
      0.288,
      0.308,
      0.245,
      0.316,
      0.307,
      0.447
    ],
    [
      0.154,
      0.311,
      0.345,
      0.367,
      0.215,
      0.337,
      0.408,
      0.245,
      0.254,
      0.145,
      0.225,
      0.238,
      0.256,
      0.289,
      0.143,
      0.16,
      0.136,
      0.219,
      0.421,
      0.439,
      0.381,
      0.253,
      0.148,
      0.253,
      0.247,
      0.254,
      0.29,
      0.305,
      0.393,
      0.704,
      1.0,
      0.221,
      0.181,
      0.208,
      0.153,
      0.192,
      0.208,
      0.202,
      0.236,
      0.249,
      0.265,
      0.278,
      0.428
    ],
    [
      0.773,
      0.24,
      0.646,
      0.573,
      0.18,
      0.203,
      0.433,
      0.224,
      0.626,
      0.645,
      0.348,
      0.714,
      0.736,
      0.766,
      0.552,
      0.77,
      0.602,
      0.729,
      0.072,
      0.449,
      0.467,
      0.68,
      0.664,
      0.459,
      0.396,
      0.668,
      0.573,
      0.719,
      0.688,
      0.231,
      0.221,
      1.0,
      0.306,
      0.471,
      0.321,
      0.267,
      0.08,
      0.754,
      0.623,
      0.581,
      0.646,
      0.519,
      0.573
    ],
    [
      0.366,
      0.489,
      0.217,
      0.368,
      0.056,
      0.298,
      0.407,
      0.512,
      0.436,
      0.326,
      0.432,
      0.425,
      0.474,
      0.318,
      0.489,
      0.431,
      0.419,
      0.553,
      0.05,
      0.282,
      0.537,
      0.423,
      0.415,
      0.435,
      0.377,
      0.402,
      0.364,
      0.424,
      0.32,
      0.327,
      0.181,
      0.306,
      1.0,
      0.453,
      0.604,
      0.448,
      0.176,
      0.349,
      0.433,
      0.443,
      0.39,
      0.483,
      0.261
    ],
    [
      0.473,
      0.258,
      0.431,
      0.425,
      0.33,
      0.27,
      0.35,
      0.384,
      0.504,
      0.376,
      0.43,
      0.537,
      0.626,
      0.435,
      0.519,
      0.584,
      0.496,
      0.572,
      0.133,
      0.309,
      0.392,
      0.469,
      0.561,
      0.371,
      0.343,
      0.474,
      0.457,
      0.466,
      0.488,
      0.277,
      0.208,
      0.471,
      0.453,
      1.0,
      0.427,
      0.39,
      0.182,
      0.46,
      0.479,
      0.418,
      0.511,
      0.451,
      0.381
    ],
    [
      0.423,
      0.417,
      0.283,
      0.437,
      0.156,
      0.336,
      0.388,
      0.492,
      0.415,
      0.412,
      0.39,
      0.43,
      0.394,
      0.323,
      0.446,
      0.396,
      0.378,
      0.515,
      0.113,
      0.263,
      0.518,
      0.475,
      0.431,
      0.43,
      0.323,
      0.385,
      0.365,
      0.344,
      0.312,
      0.215,
      0.153,
      0.321,
      0.604,
      0.427,
      1.0,
      0.459,
      0.194,
      0.453,
      0.381,
      0.53,
      0.458,
      0.463,
      0.284
    ],
    [
      0.35,
      0.377,
      0.24,
      0.325,
      0.077,
      0.249,
      0.365,
      0.403,
      0.373,
      0.3,
      0.276,
      0.239,
      0.339,
      0.21,
      0.434,
      0.362,
      0.351,
      0.462,
      0.195,
      0.3,
      0.388,
      0.377,
      0.436,
      0.388,
      0.349,
      0.442,
      0.377,
      0.379,
      0.289,
      0.304,
      0.192,
      0.267,
      0.448,
      0.39,
      0.459,
      1.0,
      0.296,
      0.3,
      0.321,
      0.409,
      0.447,
      0.365,
      0.391
    ],
    [
      0.156,
      0.197,
      0.101,
      0.345,
      0.186,
      0.277,
      0.251,
      0.382,
      0.268,
      0.265,
      0.251,
      0.213,
      0.176,
      0.148,
      0.158,
      0.164,
      0.134,
      0.254,
      0.289,
      0.314,
      0.207,
      0.163,
      0.116,
      0.256,
      0.243,
      0.165,
      0.19,
      0.096,
      0.161,
      0.282,
      0.208,
      0.08,
      0.176,
      0.182,
      0.194,
      0.296,
      1.0,
      0.187,
      0.257,
      0.102,
      0.228,
      0.338,
      0.321
    ],
    [
      0.768,
      0.247,
      0.627,
      0.645,
      0.328,
      0.257,
      0.519,
      0.244,
      0.579,
      0.677,
      0.342,
      0.709,
      0.694,
      0.807,
      0.463,
      0.634,
      0.475,
      0.625,
      0.175,
      0.48,
      0.477,
      0.579,
      0.631,
      0.615,
      0.57,
      0.649,
      0.674,
      0.603,
      0.582,
      0.288,
      0.202,
      0.754,
      0.349,
      0.46,
      0.453,
      0.3,
      0.187,
      1.0,
      0.627,
      0.546,
      0.593,
      0.558,
      0.511
    ],
    [
      0.636,
      0.312,
      0.489,
      0.573,
      0.25,
      0.32,
      0.445,
      0.398,
      0.621,
      0.61,
      0.435,
      0.647,
      0.623,
      0.666,
      0.484,
      0.609,
      0.497,
      0.67,
      0.274,
      0.42,
      0.5,
      0.596,
      0.568,
      0.625,
      0.584,
      0.582,
      0.553,
      0.5,
      0.527,
      0.308,
      0.236,
      0.623,
      0.433,
      0.479,
      0.381,
      0.321,
      0.257,
      0.627,
      1.0,
      0.606,
      0.627,
      0.599,
      0.464
    ],
    [
      0.591,
      0.446,
      0.486,
      0.571,
      0.2,
      0.326,
      0.488,
      0.356,
      0.504,
      0.518,
      0.402,
      0.498,
      0.561,
      0.533,
      0.638,
      0.599,
      0.598,
      0.664,
      0.251,
      0.424,
      0.555,
      0.72,
      0.648,
      0.538,
      0.437,
      0.624,
      0.597,
      0.516,
      0.406,
      0.245,
      0.249,
      0.581,
      0.443,
      0.418,
      0.53,
      0.409,
      0.102,
      0.546,
      0.606,
      1.0,
      0.773,
      0.588,
      0.452
    ],
    [
      0.662,
      0.426,
      0.594,
      0.625,
      0.222,
      0.396,
      0.524,
      0.398,
      0.56,
      0.562,
      0.448,
      0.622,
      0.708,
      0.619,
      0.679,
      0.703,
      0.684,
      0.756,
      0.287,
      0.539,
      0.499,
      0.744,
      0.651,
      0.541,
      0.503,
      0.667,
      0.674,
      0.66,
      0.552,
      0.316,
      0.265,
      0.646,
      0.39,
      0.511,
      0.458,
      0.447,
      0.228,
      0.593,
      0.627,
      0.773,
      1.0,
      0.643,
      0.538
    ],
    [
      0.657,
      0.38,
      0.486,
      0.535,
      0.304,
      0.399,
      0.487,
      0.542,
      0.591,
      0.612,
      0.52,
      0.605,
      0.593,
      0.573,
      0.471,
      0.538,
      0.511,
      0.652,
      0.203,
      0.531,
      0.549,
      0.599,
      0.6,
      0.543,
      0.428,
      0.517,
      0.513,
      0.469,
      0.448,
      0.307,
      0.278,
      0.519,
      0.483,
      0.451,
      0.463,
      0.365,
      0.338,
      0.558,
      0.599,
      0.588,
      0.643,
      1.0,
      0.573
    ],
    [
      0.486,
      0.372,
      0.525,
      0.647,
      0.319,
      0.324,
      0.45,
      0.441,
      0.545,
      0.562,
      0.465,
      0.529,
      0.545,
      0.547,
      0.373,
      0.527,
      0.428,
      0.555,
      0.226,
      0.491,
      0.499,
      0.585,
      0.541,
      0.395,
      0.309,
      0.487,
      0.508,
      0.644,
      0.655,
      0.447,
      0.428,
      0.573,
      0.261,
      0.381,
      0.284,
      0.391,
      0.321,
      0.511,
      0.464,
      0.452,
      0.538,
      0.573,
      1.0
    ]
  ]
}