{
  "feeds": [
    "Brazil | Folha de São Paulo",
    "Brazil | O Globo (via Google News)",
    "China | CGTN Politics",
    "China | CGTN World",
    "China | Global Times",
    "China | People's Daily CN",
    "China | Xinhua English",
    "India | Dainik Bhaskar",
    "India | NDTV World",
    "India | The Hindu Intl",
    "India | Times of India",
    "Iran (Opposition / Diaspora) | Iran International EN",
    "Iran (Opposition / Diaspora) | Iran International FA",
    "Iran (Opposition / Diaspora) | RFE/RL (was Radio Farda)",
    "Iran (State) | IRNA English",
    "Iran (State) | IRNA Farsi",
    "Iran (State) | Tehran Times",
    "Israel | Haaretz",
    "Israel | Jerusalem Post",
    "Israel | Times of Israel",
    "Israel | Ynet Hebrew",
    "Japan | Japan Times",
    "Japan | NHK Japanese",
    "Nigeria | Vanguard",
    "Qatar | Al Jazeera Arabic",
    "Qatar | Al Jazeera English",
    "Russia | Meduza",
    "Russia | Moscow Times",
    "Russia | RT",
    "Russia | TASS English",
    "Saudi Arabia | Al Arabiya English (via Google News)",
    "Saudi Arabia | Arab News (via Google News)",
    "South Korea | Korea Herald (via Google News)",
    "South Korea | Yonhap News",
    "Turkey | Daily Sabah",
    "Turkey | Hurriyet",
    "United Kingdom | BBC World",
    "United Kingdom | The Guardian World",
    "United Kingdom | The Telegraph",
    "United States | CNN World",
    "United States | Fox News World",
    "United States | NPR World",
    "Wire Services (Factual Baseline) | AFP / France 24 EN",
    "Wire Services (Factual Baseline) | AFP / France 24 FR",
    "Wire Services (Factual Baseline) | AP News",
    "Wire Services (Factual Baseline) | Reuters (via Google News)"
  ],
  "matrix": [
    [
      1.0,
      0.407,
      0.44,
      0.439,
      0.222,
      0.33,
      0.48,
      0.271,
      0.504,
      0.624,
      0.202,
      0.524,
      0.526,
      0.668,
      0.564,
      0.409,
      0.543,
      0.46,
      0.601,
      0.575,
      0.615,
      0.242,
      0.416,
      0.425,
      0.602,
      0.572,
      0.537,
      0.645,
      0.585,
      0.614,
      0.416,
      0.432,
      0.307,
      0.34,
      0.5,
      0.459,
      0.588,
      0.667,
      0.413,
      0.208,
      0.544,
      0.585,
      0.778,
      0.747,
      0.703,
      0.484
    ],
    [
      0.407,
      1.0,
      0.349,
      0.318,
      0.203,
      0.398,
      0.358,
      0.361,
      0.329,
      0.248,
      0.324,
      0.323,
      0.419,
      0.324,
      0.311,
      0.432,
      0.302,
      0.221,
      0.335,
      0.297,
      0.396,
      0.288,
      0.31,
      0.448,
      0.408,
      0.294,
      0.305,
      0.298,
      0.287,
      0.31,
      0.366,
      0.305,
      0.458,
      0.337,
      0.238,
      0.253,
      0.278,
      0.375,
      0.332,
      0.254,
      0.399,
      0.301,
      0.421,
      0.465,
      0.35,
      0.376
    ],
    [
      0.44,
      0.349,
      1.0,
      0.751,
      0.469,
      0.505,
      0.524,
      0.356,
      0.492,
      0.5,
      0.182,
      0.496,
      0.541,
      0.482,
      0.546,
      0.539,
      0.586,
      0.481,
      0.618,
      0.547,
      0.458,
      0.29,
      0.414,
      0.378,
      0.525,
      0.419,
      0.26,
      0.362,
      0.402,
      0.511,
      0.574,
      0.639,
      0.4,
      0.529,
      0.598,
      0.242,
      0.401,
      0.378,
      0.206,
      0.069,
      0.367,
      0.379,
      0.542,
      0.512,
      0.548,
      0.428
    ],
    [
      0.439,
      0.318,
      0.751,
      1.0,
      0.563,
      0.522,
      0.471,
      0.27,
      0.481,
      0.441,
      0.161,
      0.457,
      0.561,
      0.467,
      0.566,
      0.454,
      0.534,
      0.476,
      0.599,
      0.488,
      0.481,
      0.332,
      0.343,
      0.369,
      0.565,
      0.407,
      0.286,
      0.255,
      0.461,
      0.578,
      0.566,
      0.66,
      0.357,
      0.456,
      0.509,
      0.223,
      0.351,
      0.489,
      0.242,
      0.165,
      0.388,
      0.419,
      0.495,
      0.497,
      0.492,
      0.368
    ],
    [
      0.222,
      0.203,
      0.469,
      0.563,
      1.0,
      0.557,
      0.253,
      0.328,
      0.216,
      0.174,
      0.186,
      0.198,
      0.356,
      0.202,
      0.263,
      0.198,
      0.286,
      0.17,
      0.304,
      0.169,
      0.249,
      0.289,
      0.249,
      0.235,
      0.323,
      0.138,
      0.161,
      0.15,
      0.247,
      0.281,
      0.176,
      0.29,
      0.27,
      0.321,
      0.209,
      0.1,
      0.163,
      0.214,
      0.078,
      0.191,
      0.222,
      0.159,
      0.207,
      0.287,
      0.188,
      0.235
    ],
    [
      0.33,
      0.398,
      0.505,
      0.522,
      0.557,
      1.0,
      0.338,
      0.499,
      0.342,
      0.28,
      0.292,
      0.244,
      0.54,
      0.271,
      0.321,
      0.567,
      0.338,
      0.239,
      0.278,
      0.259,
      0.492,
      0.296,
      0.403,
      0.405,
      0.466,
      0.186,
      0.256,
      0.235,
      0.311,
      0.35,
      0.301,
      0.307,
      0.259,
      0.437,
      0.218,
      0.261,
      0.135,
      0.264,
      0.249,
      0.277,
      0.22,
      0.258,
      0.294,
      0.453,
      0.346,
      0.238
    ],
    [
      0.48,
      0.358,
      0.524,
      0.471,
      0.253,
      0.338,
      1.0,
      0.273,
      0.438,
      0.531,
      0.217,
      0.389,
      0.507,
      0.5,
      0.498,
      0.348,
      0.457,
      0.404,
      0.556,
      0.556,
      0.463,
      0.336,
      0.314,
      0.393,
      0.499,
      0.42,
      0.272,
      0.345,
      0.411,
      0.56,
      0.401,
      0.437,
      0.407,
      0.517,
      0.438,
      0.304,
      0.399,
      0.468,
      0.365,
      0.251,
      0.429,
      0.473,
      0.514,
      0.521,
      0.456,
      0.388
    ],
    [
      0.271,
      0.361,
      0.356,
      0.27,
      0.328,
      0.499,
      0.273,
      1.0,
      0.245,
      0.29,
      0.621,
      0.283,
      0.432,
      0.18,
      0.22,
      0.49,
      0.252,
      0.27,
      0.215,
      0.267,
      0.433,
      0.345,
      0.471,
      0.488,
      0.379,
      0.22,
      0.215,
      0.132,
      0.089,
      0.226,
      0.232,
      0.241,
      0.353,
      0.406,
      0.213,
      0.38,
      0.231,
      0.286,
      0.333,
      0.243,
      0.249,
      0.176,
      0.257,
      0.363,
      0.33,
      0.225
    ],
    [
      0.504,
      0.329,
      0.492,
      0.481,
      0.216,
      0.342,
      0.438,
      0.245,
      1.0,
      0.499,
      0.224,
      0.52,
      0.515,
      0.562,
      0.483,
      0.427,
      0.4,
      0.513,
      0.624,
      0.544,
      0.655,
      0.306,
      0.466,
      0.379,
      0.558,
      0.431,
      0.269,
      0.335,
      0.451,
      0.56,
      0.593,
      0.636,
      0.327,
      0.399,
      0.562,
      0.329,
      0.39,
      0.413,
      0.382,
      0.269,
      0.326,
      0.494,
      0.519,
      0.507,
      0.548,
      0.514
    ],
    [
      0.624,
      0.248,
      0.5,
      0.441,
      0.174,
      0.28,
      0.531,
      0.29,
      0.499,
      1.0,
      0.32,
      0.535,
      0.485,
      0.583,
      0.551,
      0.442,
      0.575,
      0.53,
      0.582,
      0.65,
      0.498,
      0.308,
      0.476,
      0.356,
      0.56,
      0.599,
      0.378,
      0.525,
      0.412,
      0.549,
      0.43,
      0.511,
      0.291,
      0.412,
      0.571,
      0.41,
      0.385,
      0.466,
      0.375,
      0.104,
      0.472,
      0.535,
      0.686,
      0.627,
      0.57,
      0.636
    ],
    [
      0.202,
      0.324,
      0.182,
      0.161,
      0.186,
      0.292,
      0.217,
      0.621,
      0.224,
      0.32,
      1.0,
      0.276,
      0.325,
      0.232,
      0.189,
      0.397,
      0.231,
      0.211,
      0.201,
      0.231,
      0.35,
      0.383,
      0.287,
      0.434,
      0.371,
      0.214,
      0.241,
      0.153,
      0.084,
      0.226,
      0.194,
      0.23,
      0.272,
      0.338,
      0.153,
      0.32,
      0.035,
      0.231,
      0.18,
      0.232,
      0.323,
      0.184,
      0.235,
      0.334,
      0.201,
      0.206
    ],
    [
      0.524,
      0.323,
      0.496,
      0.457,
      0.198,
      0.244,
      0.389,
      0.283,
      0.52,
      0.535,
      0.276,
      1.0,
      0.523,
      0.679,
      0.779,
      0.465,
      0.742,
      0.506,
      0.688,
      0.495,
      0.55,
      0.295,
      0.384,
      0.383,
      0.519,
      0.576,
      0.43,
      0.442,
      0.503,
      0.595,
      0.618,
      0.603,
      0.329,
      0.33,
      0.63,
      0.372,
      0.284,
      0.351,
      0.393,
      0.272,
      0.441,
      0.453,
      0.62,
      0.6,
      0.566,
      0.431
    ],
    [
      0.526,
      0.419,
      0.541,
      0.561,
      0.356,
      0.54,
      0.507,
      0.432,
      0.515,
      0.485,
      0.325,
      0.523,
      1.0,
      0.554,
      0.648,
      0.594,
      0.593,
      0.527,
      0.596,
      0.559,
      0.72,
      0.316,
      0.317,
      0.483,
      0.656,
      0.392,
      0.388,
      0.371,
      0.521,
      0.594,
      0.563,
      0.589,
      0.341,
      0.435,
      0.442,
      0.345,
      0.419,
      0.439,
      0.321,
      0.157,
      0.467,
      0.324,
      0.496,
      0.577,
      0.483,
      0.415
    ],
    [
      0.668,
      0.324,
      0.482,
      0.467,
      0.202,
      0.271,
      0.5,
      0.18,
      0.562,
      0.583,
      0.232,
      0.679,
      0.554,
      1.0,
      0.723,
      0.518,
      0.643,
      0.509,
      0.746,
      0.589,
      0.545,
      0.286,
      0.373,
      0.298,
      0.567,
      0.508,
      0.671,
      0.74,
      0.667,
      0.753,
      0.612,
      0.616,
      0.328,
      0.36,
      0.633,
      0.45,
      0.39,
      0.467,
      0.36,
      0.169,
      0.489,
      0.604,
      0.71,
      0.632,
      0.63,
      0.443
    ],
    [
      0.564,
      0.311,
      0.546,
      0.566,
      0.263,
      0.321,
      0.498,
      0.22,
      0.483,
      0.551,
      0.189,
      0.779,
      0.648,
      0.723,
      1.0,
      0.509,
      0.79,
      0.628,
      0.798,
      0.653,
      0.588,
      0.224,
      0.308,
      0.329,
      0.583,
      0.533,
      0.454,
      0.455,
      0.587,
      0.748,
      0.661,
      0.636,
      0.303,
      0.371,
      0.671,
      0.316,
      0.333,
      0.447,
      0.326,
      0.157,
      0.412,
      0.472,
      0.618,
      0.62,
      0.574,
      0.372
    ],
    [
      0.409,
      0.432,
      0.539,
      0.454,
      0.198,
      0.567,
      0.348,
      0.49,
      0.427,
      0.442,
      0.397,
      0.465,
      0.594,
      0.518,
      0.509,
      1.0,
      0.552,
      0.425,
      0.443,
      0.387,
      0.449,
      0.331,
      0.437,
      0.384,
      0.629,
      0.347,
      0.419,
      0.411,
      0.346,
      0.492,
      0.524,
      0.486,
      0.365,
      0.441,
      0.403,
      0.387,
      0.198,
      0.309,
      0.26,
      0.133,
      0.257,
      0.425,
      0.435,
      0.484,
      0.462,
      0.355
    ],
    [
      0.543,
      0.302,
      0.586,
      0.534,
      0.286,
      0.338,
      0.457,
      0.252,
      0.4,
      0.575,
      0.231,
      0.742,
      0.593,
      0.643,
      0.79,
      0.552,
      1.0,
      0.63,
      0.672,
      0.611,
      0.533,
      0.216,
      0.327,
      0.305,
      0.602,
      0.507,
      0.437,
      0.421,
      0.454,
      0.582,
      0.581,
      0.6,
      0.281,
      0.329,
      0.652,
      0.36,
      0.315,
      0.453,
      0.343,
      0.224,
      0.392,
      0.444,
      0.573,
      0.592,
      0.564,
      0.406
    ],
    [
      0.46,
      0.221,
      0.481,
      0.476,
      0.17,
      0.239,
      0.404,
      0.27,
      0.513,
      0.53,
      0.211,
      0.506,
      0.527,
      0.509,
      0.628,
      0.425,
      0.63,
      1.0,
      0.604,
      0.81,
      0.639,
      0.303,
      0.429,
      0.371,
      0.628,
      0.52,
      0.258,
      0.292,
      0.252,
      0.508,
      0.517,
      0.556,
      0.203,
      0.358,
      0.707,
      0.338,
      0.379,
      0.422,
      0.373,
      0.111,
      0.33,
      0.467,
      0.513,
      0.517,
      0.438,
      0.392
    ],
    [
      0.601,
      0.335,
      0.618,
      0.599,
      0.304,
      0.278,
      0.556,
      0.215,
      0.624,
      0.582,
      0.201,
      0.688,
      0.596,
      0.746,
      0.798,
      0.443,
      0.672,
      0.604,
      1.0,
      0.734,
      0.624,
      0.284,
      0.316,
      0.322,
      0.629,
      0.491,
      0.452,
      0.474,
      0.573,
      0.708,
      0.667,
      0.713,
      0.309,
      0.428,
      0.711,
      0.291,
      0.443,
      0.488,
      0.306,
      0.136,
      0.453,
      0.463,
      0.719,
      0.624,
      0.624,
      0.415
    ],
    [
      0.575,
      0.297,
      0.547,
      0.488,
      0.169,
      0.259,
      0.556,
      0.267,
      0.544,
      0.65,
      0.231,
      0.495,
      0.559,
      0.589,
      0.653,
      0.387,
      0.611,
      0.81,
      0.734,
      1.0,
      0.653,
      0.264,
      0.401,
      0.392,
      0.661,
      0.482,
      0.3,
      0.38,
      0.345,
      0.579,
      0.538,
      0.595,
      0.21,
      0.382,
      0.712,
      0.381,
      0.492,
      0.487,
      0.397,
      0.144,
      0.468,
      0.465,
      0.594,
      0.568,
      0.549,
      0.434
    ],
    [
      0.615,
      0.396,
      0.458,
      0.481,
      0.249,
      0.492,
      0.463,
      0.433,
      0.655,
      0.498,
      0.35,
      0.55,
      0.72,
      0.545,
      0.588,
      0.449,
      0.533,
      0.639,
      0.624,
      0.653,
      1.0,
      0.375,
      0.394,
      0.562,
      0.649,
      0.453,
      0.336,
      0.353,
      0.501,
      0.586,
      0.479,
      0.512,
      0.264,
      0.405,
      0.485,
      0.356,
      0.475,
      0.518,
      0.436,
      0.343,
      0.47,
      0.369,
      0.551,
      0.687,
      0.54,
      0.447
    ],
    [
      0.242,
      0.288,
      0.29,
      0.332,
      0.289,
      0.296,
      0.336,
      0.345,
      0.306,
      0.308,
      0.383,
      0.295,
      0.316,
      0.286,
      0.224,
      0.331,
      0.216,
      0.303,
      0.284,
      0.264,
      0.375,
      1.0,
      0.555,
      0.345,
      0.392,
      0.217,
      0.276,
      0.235,
      0.132,
      0.288,
      0.136,
      0.227,
      0.363,
      0.344,
      0.158,
      0.303,
      0.096,
      0.238,
      0.222,
      0.31,
      0.251,
      0.413,
      0.288,
      0.309,
      0.222,
      0.272
    ],
    [
      0.416,
      0.31,
      0.414,
      0.343,
      0.249,
      0.403,
      0.314,
      0.471,
      0.466,
      0.476,
      0.287,
      0.384,
      0.317,
      0.373,
      0.308,
      0.437,
      0.327,
      0.429,
      0.316,
      0.401,
      0.394,
      0.555,
      1.0,
      0.397,
      0.414,
      0.362,
      0.27,
      0.382,
      0.131,
      0.357,
      0.271,
      0.32,
      0.355,
      0.352,
      0.391,
      0.478,
      0.223,
      0.321,
      0.392,
      0.223,
      0.252,
      0.51,
      0.439,
      0.417,
      0.405,
      0.416
    ],
    [
      0.425,
      0.448,
      0.378,
      0.369,
      0.235,
      0.405,
      0.393,
      0.488,
      0.379,
      0.356,
      0.434,
      0.383,
      0.483,
      0.298,
      0.329,
      0.384,
      0.305,
      0.371,
      0.322,
      0.392,
      0.562,
      0.345,
      0.397,
      1.0,
      0.464,
      0.466,
      0.243,
      0.286,
      0.223,
      0.362,
      0.232,
      0.278,
      0.361,
      0.434,
      0.26,
      0.416,
      0.423,
      0.534,
      0.41,
      0.206,
      0.41,
      0.378,
      0.465,
      0.632,
      0.387,
      0.365
    ],
    [
      0.602,
      0.408,
      0.525,
      0.565,
      0.323,
      0.466,
      0.499,
      0.379,
      0.558,
      0.56,
      0.371,
      0.519,
      0.656,
      0.567,
      0.583,
      0.629,
      0.602,
      0.628,
      0.629,
      0.661,
      0.649,
      0.392,
      0.414,
      0.464,
      1.0,
      0.475,
      0.43,
      0.364,
      0.404,
      0.57,
      0.517,
      0.57,
      0.383,
      0.52,
      0.539,
      0.42,
      0.375,
      0.486,
      0.366,
      0.25,
      0.405,
      0.489,
      0.547,
      0.668,
      0.474,
      0.476
    ],
    [
      0.572,
      0.294,
      0.419,
      0.407,
      0.138,
      0.186,
      0.42,
      0.22,
      0.431,
      0.599,
      0.214,
      0.576,
      0.392,
      0.508,
      0.533,
      0.347,
      0.507,
      0.52,
      0.491,
      0.482,
      0.453,
      0.217,
      0.362,
      0.466,
      0.475,
      1.0,
      0.264,
      0.4,
      0.353,
      0.432,
      0.427,
      0.479,
      0.339,
      0.382,
      0.548,
      0.41,
      0.395,
      0.44,
      0.316,
      0.22,
      0.334,
      0.549,
      0.671,
      0.626,
      0.523,
      0.478
    ],
    [
      0.537,
      0.305,
      0.26,
      0.286,
      0.161,
      0.256,
      0.272,
      0.215,
      0.269,
      0.378,
      0.241,
      0.43,
      0.388,
      0.671,
      0.454,
      0.419,
      0.437,
      0.258,
      0.452,
      0.3,
      0.336,
      0.276,
      0.27,
      0.243,
      0.43,
      0.264,
      1.0,
      0.764,
      0.522,
      0.532,
      0.323,
      0.367,
      0.209,
      0.143,
      0.285,
      0.419,
      0.23,
      0.414,
      0.308,
      0.217,
      0.393,
      0.425,
      0.5,
      0.483,
      0.409,
      0.316
    ],
    [
      0.645,
      0.298,
      0.362,
      0.255,
      0.15,
      0.235,
      0.345,
      0.132,
      0.335,
      0.525,
      0.153,
      0.442,
      0.371,
      0.74,
      0.455,
      0.411,
      0.421,
      0.292,
      0.474,
      0.38,
      0.353,
      0.235,
      0.382,
      0.286,
      0.364,
      0.4,
      0.764,
      1.0,
      0.518,
      0.596,
      0.331,
      0.38,
      0.241,
      0.253,
      0.391,
      0.412,
      0.318,
      0.397,
      0.309,
      0.127,
      0.407,
      0.532,
      0.615,
      0.557,
      0.514,
      0.406
    ],
    [
      0.585,
      0.287,
      0.402,
      0.461,
      0.247,
      0.311,
      0.411,
      0.089,
      0.451,
      0.412,
      0.084,
      0.503,
      0.521,
      0.667,
      0.587,
      0.346,
      0.454,
      0.252,
      0.573,
      0.345,
      0.501,
      0.132,
      0.131,
      0.223,
      0.404,
      0.353,
      0.522,
      0.518,
      1.0,
      0.644,
      0.533,
      0.502,
      0.294,
      0.27,
      0.392,
      0.2,
      0.384,
      0.415,
      0.226,
      0.215,
      0.398,
      0.299,
      0.518,
      0.521,
      0.533,
      0.426
    ],
    [
      0.614,
      0.31,
      0.511,
      0.578,
      0.281,
      0.35,
      0.56,
      0.226,
      0.56,
      0.549,
      0.226,
      0.595,
      0.594,
      0.753,
      0.748,
      0.492,
      0.582,
      0.508,
      0.708,
      0.579,
      0.586,
      0.288,
      0.357,
      0.362,
      0.57,
      0.432,
      0.532,
      0.596,
      0.644,
      1.0,
      0.635,
      0.616,
      0.3,
      0.396,
      0.61,
      0.318,
      0.434,
      0.508,
      0.36,
      0.231,
      0.377,
      0.5,
      0.626,
      0.681,
      0.545,
      0.428
    ],
    [
      0.416,
      0.366,
      0.574,
      0.566,
      0.176,
      0.301,
      0.401,
      0.232,
      0.593,
      0.43,
      0.194,
      0.618,
      0.563,
      0.612,
      0.661,
      0.524,
      0.581,
      0.517,
      0.667,
      0.538,
      0.479,
      0.136,
      0.271,
      0.232,
      0.517,
      0.427,
      0.323,
      0.331,
      0.533,
      0.635,
      1.0,
      0.802,
      0.314,
      0.381,
      0.703,
      0.255,
      0.316,
      0.297,
      0.235,
      0.156,
      0.216,
      0.369,
      0.498,
      0.498,
      0.493,
      0.445
    ],
    [
      0.432,
      0.305,
      0.639,
      0.66,
      0.29,
      0.307,
      0.437,
      0.241,
      0.636,
      0.511,
      0.23,
      0.603,
      0.589,
      0.616,
      0.636,
      0.486,
      0.6,
      0.556,
      0.713,
      0.595,
      0.512,
      0.227,
      0.32,
      0.278,
      0.57,
      0.479,
      0.367,
      0.38,
      0.502,
      0.616,
      0.802,
      1.0,
      0.432,
      0.402,
      0.652,
      0.252,
      0.334,
      0.329,
      0.32,
      0.166,
      0.324,
      0.396,
      0.528,
      0.463,
      0.52,
      0.508
    ],
    [
      0.307,
      0.458,
      0.4,
      0.357,
      0.27,
      0.259,
      0.407,
      0.353,
      0.327,
      0.291,
      0.272,
      0.329,
      0.341,
      0.328,
      0.303,
      0.365,
      0.281,
      0.203,
      0.309,
      0.21,
      0.264,
      0.363,
      0.355,
      0.361,
      0.383,
      0.339,
      0.209,
      0.241,
      0.294,
      0.3,
      0.314,
      0.432,
      1.0,
      0.627,
      0.208,
      0.195,
      0.168,
      0.18,
      0.313,
      0.275,
      0.327,
      0.357,
      0.321,
      0.279,
      0.265,
      0.425
    ],
    [
      0.34,
      0.337,
      0.529,
      0.456,
      0.321,
      0.437,
      0.517,
      0.406,
      0.399,
      0.412,
      0.338,
      0.33,
      0.435,
      0.36,
      0.371,
      0.441,
      0.329,
      0.358,
      0.428,
      0.382,
      0.405,
      0.344,
      0.352,
      0.434,
      0.52,
      0.382,
      0.143,
      0.253,
      0.27,
      0.396,
      0.381,
      0.402,
      0.627,
      1.0,
      0.385,
      0.197,
      0.185,
      0.266,
      0.197,
      0.098,
      0.276,
      0.407,
      0.448,
      0.439,
      0.39,
      0.333
    ],
    [
      0.5,
      0.238,
      0.598,
      0.509,
      0.209,
      0.218,
      0.438,
      0.213,
      0.562,
      0.571,
      0.153,
      0.63,
      0.442,
      0.633,
      0.671,
      0.403,
      0.652,
      0.707,
      0.711,
      0.712,
      0.485,
      0.158,
      0.391,
      0.26,
      0.539,
      0.548,
      0.285,
      0.391,
      0.392,
      0.61,
      0.703,
      0.652,
      0.208,
      0.385,
      1.0,
      0.319,
      0.447,
      0.405,
      0.272,
      0.151,
      0.28,
      0.466,
      0.651,
      0.584,
      0.569,
      0.408
    ],
    [
      0.459,
      0.253,
      0.242,
      0.223,
      0.1,
      0.261,
      0.304,
      0.38,
      0.329,
      0.41,
      0.32,
      0.372,
      0.345,
      0.45,
      0.316,
      0.387,
      0.36,
      0.338,
      0.291,
      0.381,
      0.356,
      0.303,
      0.478,
      0.416,
      0.42,
      0.41,
      0.419,
      0.412,
      0.2,
      0.318,
      0.255,
      0.252,
      0.195,
      0.197,
      0.319,
      1.0,
      0.323,
      0.426,
      0.375,
      0.222,
      0.366,
      0.497,
      0.456,
      0.48,
      0.493,
      0.384
    ],
    [
      0.588,
      0.278,
      0.401,
      0.351,
      0.163,
      0.135,
      0.399,
      0.231,
      0.39,
      0.385,
      0.035,
      0.284,
      0.419,
      0.39,
      0.333,
      0.198,
      0.315,
      0.379,
      0.443,
      0.492,
      0.475,
      0.096,
      0.223,
      0.423,
      0.375,
      0.395,
      0.23,
      0.318,
      0.384,
      0.434,
      0.316,
      0.334,
      0.168,
      0.185,
      0.447,
      0.323,
      1.0,
      0.526,
      0.364,
      0.064,
      0.498,
      0.29,
      0.55,
      0.564,
      0.482,
      0.379
    ],
    [
      0.667,
      0.375,
      0.378,
      0.489,
      0.214,
      0.264,
      0.468,
      0.286,
      0.413,
      0.466,
      0.231,
      0.351,
      0.439,
      0.467,
      0.447,
      0.309,
      0.453,
      0.422,
      0.488,
      0.487,
      0.518,
      0.238,
      0.321,
      0.534,
      0.486,
      0.44,
      0.414,
      0.397,
      0.415,
      0.508,
      0.297,
      0.329,
      0.18,
      0.266,
      0.405,
      0.426,
      0.526,
      1.0,
      0.325,
      0.136,
      0.45,
      0.478,
      0.597,
      0.621,
      0.621,
      0.358
    ],
    [
      0.413,
      0.332,
      0.206,
      0.242,
      0.078,
      0.249,
      0.365,
      0.333,
      0.382,
      0.375,
      0.18,
      0.393,
      0.321,
      0.36,
      0.326,
      0.26,
      0.343,
      0.373,
      0.306,
      0.397,
      0.436,
      0.222,
      0.392,
      0.41,
      0.366,
      0.316,
      0.308,
      0.309,
      0.226,
      0.36,
      0.235,
      0.32,
      0.313,
      0.197,
      0.272,
      0.375,
      0.364,
      0.325,
      1.0,
      0.296,
      0.424,
      0.329,
      0.4,
      0.464,
      0.374,
      0.427
    ],
    [
      0.208,
      0.254,
      0.069,
      0.165,
      0.191,
      0.277,
      0.251,
      0.243,
      0.269,
      0.104,
      0.232,
      0.272,
      0.157,
      0.169,
      0.157,
      0.133,
      0.224,
      0.111,
      0.136,
      0.144,
      0.343,
      0.31,
      0.223,
      0.206,
      0.25,
      0.22,
      0.217,
      0.127,
      0.215,
      0.231,
      0.156,
      0.166,
      0.275,
      0.098,
      0.151,
      0.222,
      0.064,
      0.136,
      0.296,
      1.0,
      0.137,
      0.203,
      0.119,
      0.261,
      0.213,
      0.21
    ],
    [
      0.544,
      0.399,
      0.367,
      0.388,
      0.222,
      0.22,
      0.429,
      0.249,
      0.326,
      0.472,
      0.323,
      0.441,
      0.467,
      0.489,
      0.412,
      0.257,
      0.392,
      0.33,
      0.453,
      0.468,
      0.47,
      0.251,
      0.252,
      0.41,
      0.405,
      0.334,
      0.393,
      0.407,
      0.398,
      0.377,
      0.216,
      0.324,
      0.327,
      0.276,
      0.28,
      0.366,
      0.498,
      0.45,
      0.424,
      0.137,
      1.0,
      0.371,
      0.546,
      0.445,
      0.419,
      0.393
    ],
    [
      0.585,
      0.301,
      0.379,
      0.419,
      0.159,
      0.258,
      0.473,
      0.176,
      0.494,
      0.535,
      0.184,
      0.453,
      0.324,
      0.604,
      0.472,
      0.425,
      0.444,
      0.467,
      0.463,
      0.465,
      0.369,
      0.413,
      0.51,
      0.378,
      0.489,
      0.549,
      0.425,
      0.532,
      0.299,
      0.5,
      0.369,
      0.396,
      0.357,
      0.407,
      0.466,
      0.497,
      0.29,
      0.478,
      0.329,
      0.203,
      0.371,
      1.0,
      0.573,
      0.509,
      0.493,
      0.427
    ],
    [
      0.778,
      0.421,
      0.542,
      0.495,
      0.207,
      0.294,
      0.514,
      0.257,
      0.519,
      0.686,
      0.235,
      0.62,
      0.496,
      0.71,
      0.618,
      0.435,
      0.573,
      0.513,
      0.719,
      0.594,
      0.551,
      0.288,
      0.439,
      0.465,
      0.547,
      0.671,
      0.5,
      0.615,
      0.518,
      0.626,
      0.498,
      0.528,
      0.321,
      0.448,
      0.651,
      0.456,
      0.55,
      0.597,
      0.4,
      0.119,
      0.546,
      0.573,
      1.0,
      0.79,
      0.703,
      0.511
    ],
    [
      0.747,
      0.465,
      0.512,
      0.497,
      0.287,
      0.453,
      0.521,
      0.363,
      0.507,
      0.627,
      0.334,
      0.6,
      0.577,
      0.632,
      0.62,
      0.484,
      0.592,
      0.517,
      0.624,
      0.568,
      0.687,
      0.309,
      0.417,
      0.632,
      0.668,
      0.626,
      0.483,
      0.557,
      0.521,
      0.681,
      0.498,
      0.463,
      0.279,
      0.439,
      0.584,
      0.48,
      0.564,
      0.621,
      0.464,
      0.261,
      0.445,
      0.509,
      0.79,
      1.0,
      0.598,
      0.519
    ],
    [
      0.703,
      0.35,
      0.548,
      0.492,
      0.188,
      0.346,
      0.456,
      0.33,
      0.548,
      0.57,
      0.201,
      0.566,
      0.483,
      0.63,
      0.574,
      0.462,
      0.564,
      0.438,
      0.624,
      0.549,
      0.54,
      0.222,
      0.405,
      0.387,
      0.474,
      0.523,
      0.409,
      0.514,
      0.533,
      0.545,
      0.493,
      0.52,
      0.265,
      0.39,
      0.569,
      0.493,
      0.482,
      0.621,
      0.374,
      0.213,
      0.419,
      0.493,
      0.703,
      0.598,
      1.0,
      0.404
    ],
    [
      0.484,
      0.376,
      0.428,
      0.368,
      0.235,
      0.238,
      0.388,
      0.225,
      0.514,
      0.636,
      0.206,
      0.431,
      0.415,
      0.443,
      0.372,
      0.355,
      0.406,
      0.392,
      0.415,
      0.434,
      0.447,
      0.272,
      0.416,
      0.365,
      0.476,
      0.478,
      0.316,
      0.406,
      0.426,
      0.428,
      0.445,
      0.508,
      0.425,
      0.333,
      0.408,
      0.384,
      0.379,
      0.358,
      0.427,
      0.21,
      0.393,
      0.427,
      0.511,
      0.519,
      0.404,
      1.0
    ]
  ]
}