{
  "feeds": [
    "Brazil | Folha de São Paulo",
    "Brazil | O Globo (via Google News)",
    "China | CGTN Politics",
    "China | CGTN World",
    "China | Global Times",
    "China | People's Daily CN",
    "China | Xinhua English",
    "India | Dainik Bhaskar",
    "India | NDTV World",
    "India | The Hindu Intl",
    "India | Times of India",
    "Iran (Opposition / Diaspora) | Iran International EN",
    "Iran (Opposition / Diaspora) | Iran International FA",
    "Iran (Opposition / Diaspora) | RFE/RL (was Radio Farda)",
    "Iran (State) | IRNA Farsi",
    "Iran (State) | Tehran Times",
    "Israel | Haaretz",
    "Israel | Jerusalem Post",
    "Israel | Times of Israel",
    "Israel | Ynet Hebrew",
    "Japan | Japan Times",
    "Japan | NHK Japanese",
    "Nigeria | The Punch",
    "Nigeria | Vanguard",
    "Qatar | Al Jazeera Arabic",
    "Qatar | Al Jazeera English",
    "Russia | Meduza",
    "Russia | Moscow Times",
    "Russia | RT",
    "Russia | TASS English",
    "Saudi Arabia | Al Arabiya English (via Google News)",
    "Saudi Arabia | Arab News (via Google News)",
    "South Korea | Korea Herald (via Google News)",
    "South Korea | Yonhap News",
    "Turkey | Daily Sabah",
    "Turkey | Hurriyet",
    "United Kingdom | BBC World",
    "United Kingdom | The Guardian World",
    "United Kingdom | The Telegraph",
    "United States | CNN World",
    "United States | Fox News World",
    "United States | NPR World",
    "Wire Services (Factual Baseline) | AFP / France 24 EN",
    "Wire Services (Factual Baseline) | AFP / France 24 FR",
    "Wire Services (Factual Baseline) | AP News",
    "Wire Services (Factual Baseline) | Reuters (via Google News)"
  ],
  "matrix": [
    [
      1.0,
      0.261,
      0.429,
      0.472,
      0.303,
      0.312,
      0.395,
      0.268,
      0.671,
      0.763,
      0.245,
      0.461,
      0.574,
      0.506,
      0.502,
      0.459,
      0.511,
      0.513,
      0.355,
      0.547,
      0.454,
      0.568,
      0.356,
      0.36,
      0.469,
      0.647,
      0.405,
      0.496,
      0.557,
      0.457,
      0.395,
      0.45,
      0.168,
      0.305,
      0.521,
      0.465,
      0.587,
      0.542,
      0.392,
      0.261,
      0.641,
      0.489,
      0.504,
      0.452,
      0.491,
      0.435
    ],
    [
      0.261,
      1.0,
      0.37,
      0.378,
      0.161,
      0.324,
      0.388,
      0.375,
      0.287,
      0.295,
      0.384,
      0.246,
      0.25,
      0.342,
      0.332,
      0.186,
      0.297,
      0.254,
      0.371,
      0.441,
      0.155,
      0.16,
      0.446,
      0.379,
      0.276,
      0.311,
      0.433,
      0.341,
      0.326,
      0.391,
      0.334,
      0.366,
      0.382,
      0.427,
      0.302,
      0.249,
      0.143,
      0.333,
      0.259,
      0.142,
      0.284,
      0.352,
      0.346,
      0.511,
      0.388,
      0.387
    ],
    [
      0.429,
      0.37,
      1.0,
      0.751,
      0.501,
      0.505,
      0.524,
      0.341,
      0.463,
      0.407,
      0.324,
      0.56,
      0.49,
      0.434,
      0.52,
      0.588,
      0.538,
      0.489,
      0.38,
      0.523,
      0.329,
      0.444,
      0.394,
      0.436,
      0.552,
      0.475,
      0.379,
      0.349,
      0.341,
      0.463,
      0.603,
      0.574,
      0.389,
      0.513,
      0.563,
      0.312,
      0.205,
      0.318,
      0.206,
      0.069,
      0.423,
      0.446,
      0.598,
      0.377,
      0.378,
      0.445
    ],
    [
      0.472,
      0.378,
      0.751,
      1.0,
      0.538,
      0.522,
      0.471,
      0.253,
      0.501,
      0.412,
      0.316,
      0.484,
      0.589,
      0.404,
      0.504,
      0.47,
      0.496,
      0.506,
      0.353,
      0.483,
      0.423,
      0.4,
      0.305,
      0.411,
      0.58,
      0.522,
      0.344,
      0.264,
      0.351,
      0.411,
      0.585,
      0.591,
      0.326,
      0.408,
      0.516,
      0.244,
      0.163,
      0.337,
      0.242,
      0.165,
      0.521,
      0.432,
      0.542,
      0.387,
      0.303,
      0.598
    ],
    [
      0.303,
      0.161,
      0.501,
      0.538,
      1.0,
      0.555,
      0.306,
      0.3,
      0.368,
      0.222,
      0.317,
      0.287,
      0.327,
      0.221,
      0.421,
      0.272,
      0.225,
      0.275,
      0.155,
      0.308,
      0.334,
      0.252,
      0.208,
      0.302,
      0.269,
      0.358,
      0.198,
      0.145,
      0.212,
      0.263,
      0.231,
      0.282,
      0.234,
      0.357,
      0.228,
      0.114,
      0.196,
      0.262,
      0.091,
      0.187,
      0.295,
      0.182,
      0.298,
      0.166,
      0.327,
      0.447
    ],
    [
      0.312,
      0.324,
      0.505,
      0.522,
      0.555,
      1.0,
      0.338,
      0.478,
      0.346,
      0.293,
      0.447,
      0.236,
      0.42,
      0.255,
      0.517,
      0.345,
      0.243,
      0.306,
      0.259,
      0.467,
      0.255,
      0.314,
      0.416,
      0.424,
      0.385,
      0.378,
      0.253,
      0.226,
      0.224,
      0.299,
      0.239,
      0.305,
      0.333,
      0.514,
      0.259,
      0.391,
      0.151,
      0.317,
      0.249,
      0.277,
      0.328,
      0.231,
      0.284,
      0.278,
      0.381,
      0.388
    ],
    [
      0.395,
      0.388,
      0.524,
      0.471,
      0.306,
      0.338,
      1.0,
      0.223,
      0.516,
      0.389,
      0.25,
      0.43,
      0.545,
      0.47,
      0.412,
      0.484,
      0.549,
      0.543,
      0.479,
      0.511,
      0.438,
      0.395,
      0.341,
      0.374,
      0.55,
      0.42,
      0.378,
      0.371,
      0.394,
      0.518,
      0.541,
      0.451,
      0.347,
      0.464,
      0.506,
      0.295,
      0.249,
      0.492,
      0.365,
      0.251,
      0.453,
      0.44,
      0.538,
      0.425,
      0.382,
      0.414
    ],
    [
      0.268,
      0.375,
      0.341,
      0.253,
      0.3,
      0.478,
      0.223,
      1.0,
      0.39,
      0.3,
      0.699,
      0.193,
      0.338,
      0.207,
      0.466,
      0.244,
      0.281,
      0.207,
      0.265,
      0.513,
      0.198,
      0.227,
      0.432,
      0.481,
      0.24,
      0.328,
      0.166,
      0.219,
      0.198,
      0.159,
      0.153,
      0.285,
      0.261,
      0.336,
      0.145,
      0.422,
      0.232,
      0.264,
      0.318,
      0.233,
      0.195,
      0.216,
      0.174,
      0.354,
      0.346,
      0.252
    ],
    [
      0.671,
      0.287,
      0.463,
      0.501,
      0.368,
      0.346,
      0.516,
      0.39,
      1.0,
      0.656,
      0.438,
      0.548,
      0.653,
      0.531,
      0.577,
      0.491,
      0.544,
      0.632,
      0.343,
      0.579,
      0.461,
      0.482,
      0.358,
      0.441,
      0.529,
      0.512,
      0.362,
      0.401,
      0.597,
      0.529,
      0.556,
      0.607,
      0.31,
      0.331,
      0.601,
      0.463,
      0.425,
      0.56,
      0.436,
      0.272,
      0.623,
      0.538,
      0.532,
      0.474,
      0.54,
      0.538
    ],
    [
      0.763,
      0.295,
      0.407,
      0.412,
      0.222,
      0.293,
      0.389,
      0.3,
      0.656,
      1.0,
      0.318,
      0.502,
      0.614,
      0.606,
      0.492,
      0.517,
      0.498,
      0.562,
      0.304,
      0.548,
      0.424,
      0.663,
      0.322,
      0.313,
      0.456,
      0.627,
      0.528,
      0.611,
      0.592,
      0.564,
      0.444,
      0.495,
      0.207,
      0.323,
      0.625,
      0.444,
      0.596,
      0.496,
      0.38,
      0.181,
      0.666,
      0.689,
      0.6,
      0.425,
      0.421,
      0.403
    ],
    [
      0.245,
      0.384,
      0.324,
      0.316,
      0.317,
      0.447,
      0.25,
      0.699,
      0.438,
      0.318,
      1.0,
      0.247,
      0.481,
      0.286,
      0.49,
      0.266,
      0.371,
      0.361,
      0.365,
      0.496,
      0.251,
      0.199,
      0.453,
      0.496,
      0.312,
      0.34,
      0.251,
      0.249,
      0.257,
      0.255,
      0.23,
      0.317,
      0.261,
      0.309,
      0.216,
      0.369,
      0.184,
      0.26,
      0.297,
      0.212,
      0.295,
      0.228,
      0.213,
      0.39,
      0.252,
      0.377
    ],
    [
      0.461,
      0.246,
      0.56,
      0.484,
      0.287,
      0.236,
      0.43,
      0.193,
      0.548,
      0.502,
      0.247,
      1.0,
      0.658,
      0.698,
      0.604,
      0.729,
      0.64,
      0.641,
      0.349,
      0.57,
      0.428,
      0.486,
      0.144,
      0.231,
      0.599,
      0.445,
      0.565,
      0.55,
      0.583,
      0.626,
      0.686,
      0.653,
      0.173,
      0.251,
      0.684,
      0.326,
      0.241,
      0.313,
      0.316,
      0.222,
      0.581,
      0.405,
      0.672,
      0.444,
      0.423,
      0.341
    ],
    [
      0.574,
      0.25,
      0.49,
      0.589,
      0.327,
      0.42,
      0.545,
      0.338,
      0.653,
      0.614,
      0.481,
      0.658,
      1.0,
      0.615,
      0.653,
      0.692,
      0.687,
      0.703,
      0.454,
      0.675,
      0.499,
      0.531,
      0.325,
      0.465,
      0.737,
      0.642,
      0.396,
      0.446,
      0.618,
      0.597,
      0.653,
      0.675,
      0.227,
      0.317,
      0.66,
      0.456,
      0.305,
      0.398,
      0.413,
      0.28,
      0.636,
      0.463,
      0.586,
      0.517,
      0.386,
      0.478
    ],
    [
      0.506,
      0.342,
      0.434,
      0.404,
      0.221,
      0.255,
      0.47,
      0.207,
      0.531,
      0.606,
      0.286,
      0.698,
      0.615,
      1.0,
      0.548,
      0.654,
      0.598,
      0.634,
      0.459,
      0.637,
      0.54,
      0.537,
      0.276,
      0.258,
      0.598,
      0.394,
      0.739,
      0.745,
      0.645,
      0.786,
      0.567,
      0.573,
      0.151,
      0.216,
      0.67,
      0.409,
      0.489,
      0.466,
      0.391,
      0.219,
      0.58,
      0.511,
      0.714,
      0.579,
      0.376,
      0.35
    ],
    [
      0.502,
      0.332,
      0.52,
      0.504,
      0.421,
      0.517,
      0.412,
      0.466,
      0.577,
      0.492,
      0.49,
      0.604,
      0.653,
      0.548,
      1.0,
      0.631,
      0.649,
      0.617,
      0.489,
      0.708,
      0.391,
      0.426,
      0.42,
      0.393,
      0.629,
      0.529,
      0.464,
      0.454,
      0.518,
      0.532,
      0.512,
      0.581,
      0.27,
      0.395,
      0.579,
      0.575,
      0.218,
      0.446,
      0.35,
      0.182,
      0.478,
      0.393,
      0.538,
      0.473,
      0.43,
      0.4
    ],
    [
      0.459,
      0.186,
      0.588,
      0.47,
      0.272,
      0.345,
      0.484,
      0.244,
      0.491,
      0.517,
      0.266,
      0.729,
      0.692,
      0.654,
      0.631,
      1.0,
      0.686,
      0.668,
      0.485,
      0.62,
      0.408,
      0.518,
      0.249,
      0.267,
      0.708,
      0.441,
      0.463,
      0.485,
      0.534,
      0.585,
      0.604,
      0.63,
      0.193,
      0.296,
      0.723,
      0.414,
      0.302,
      0.305,
      0.333,
      0.257,
      0.521,
      0.409,
      0.677,
      0.427,
      0.35,
      0.258
    ],
    [
      0.511,
      0.297,
      0.538,
      0.496,
      0.225,
      0.243,
      0.549,
      0.281,
      0.544,
      0.498,
      0.371,
      0.64,
      0.687,
      0.598,
      0.649,
      0.686,
      1.0,
      0.802,
      0.759,
      0.771,
      0.461,
      0.404,
      0.361,
      0.384,
      0.75,
      0.546,
      0.421,
      0.458,
      0.577,
      0.55,
      0.659,
      0.685,
      0.184,
      0.256,
      0.76,
      0.378,
      0.234,
      0.417,
      0.417,
      0.188,
      0.523,
      0.451,
      0.641,
      0.559,
      0.385,
      0.368
    ],
    [
      0.513,
      0.254,
      0.489,
      0.506,
      0.275,
      0.306,
      0.543,
      0.207,
      0.632,
      0.562,
      0.361,
      0.641,
      0.703,
      0.634,
      0.617,
      0.668,
      0.802,
      1.0,
      0.559,
      0.686,
      0.54,
      0.496,
      0.311,
      0.314,
      0.672,
      0.496,
      0.427,
      0.423,
      0.608,
      0.593,
      0.668,
      0.7,
      0.212,
      0.251,
      0.794,
      0.342,
      0.265,
      0.39,
      0.395,
      0.217,
      0.615,
      0.567,
      0.699,
      0.46,
      0.384,
      0.415
    ],
    [
      0.355,
      0.371,
      0.38,
      0.353,
      0.155,
      0.259,
      0.479,
      0.265,
      0.343,
      0.304,
      0.365,
      0.349,
      0.454,
      0.459,
      0.489,
      0.485,
      0.759,
      0.559,
      1.0,
      0.696,
      0.324,
      0.254,
      0.405,
      0.278,
      0.601,
      0.451,
      0.393,
      0.42,
      0.328,
      0.437,
      0.413,
      0.457,
      0.24,
      0.262,
      0.553,
      0.297,
      0.259,
      0.311,
      0.464,
      0.203,
      0.351,
      0.242,
      0.445,
      0.523,
      0.28,
      0.35
    ],
    [
      0.547,
      0.441,
      0.523,
      0.483,
      0.308,
      0.467,
      0.511,
      0.513,
      0.579,
      0.548,
      0.496,
      0.57,
      0.675,
      0.637,
      0.708,
      0.62,
      0.771,
      0.686,
      0.696,
      1.0,
      0.444,
      0.483,
      0.441,
      0.433,
      0.705,
      0.525,
      0.543,
      0.604,
      0.587,
      0.64,
      0.527,
      0.608,
      0.287,
      0.396,
      0.651,
      0.506,
      0.33,
      0.439,
      0.507,
      0.262,
      0.541,
      0.485,
      0.601,
      0.646,
      0.517,
      0.474
    ],
    [
      0.454,
      0.155,
      0.329,
      0.423,
      0.334,
      0.255,
      0.438,
      0.198,
      0.461,
      0.424,
      0.251,
      0.428,
      0.499,
      0.54,
      0.391,
      0.408,
      0.461,
      0.54,
      0.324,
      0.444,
      1.0,
      0.583,
      0.3,
      0.248,
      0.413,
      0.35,
      0.398,
      0.42,
      0.406,
      0.486,
      0.391,
      0.466,
      0.235,
      0.289,
      0.458,
      0.36,
      0.409,
      0.429,
      0.27,
      0.319,
      0.483,
      0.388,
      0.534,
      0.331,
      0.186,
      0.395
    ],
    [
      0.568,
      0.16,
      0.444,
      0.4,
      0.252,
      0.314,
      0.395,
      0.227,
      0.482,
      0.663,
      0.199,
      0.486,
      0.531,
      0.537,
      0.426,
      0.518,
      0.404,
      0.496,
      0.254,
      0.483,
      0.583,
      1.0,
      0.234,
      0.219,
      0.432,
      0.417,
      0.466,
      0.485,
      0.407,
      0.49,
      0.418,
      0.486,
      0.286,
      0.359,
      0.534,
      0.436,
      0.472,
      0.354,
      0.25,
      0.269,
      0.55,
      0.565,
      0.635,
      0.247,
      0.269,
      0.301
    ],
    [
      0.356,
      0.446,
      0.394,
      0.305,
      0.208,
      0.416,
      0.341,
      0.432,
      0.358,
      0.322,
      0.453,
      0.144,
      0.325,
      0.276,
      0.42,
      0.249,
      0.361,
      0.311,
      0.405,
      0.441,
      0.3,
      0.234,
      1.0,
      0.639,
      0.33,
      0.292,
      0.249,
      0.305,
      0.209,
      0.26,
      0.256,
      0.372,
      0.269,
      0.368,
      0.309,
      0.403,
      0.231,
      0.47,
      0.201,
      0.181,
      0.259,
      0.324,
      0.256,
      0.355,
      0.297,
      0.264
    ],
    [
      0.36,
      0.379,
      0.436,
      0.411,
      0.302,
      0.424,
      0.374,
      0.481,
      0.441,
      0.313,
      0.496,
      0.231,
      0.465,
      0.258,
      0.393,
      0.267,
      0.384,
      0.314,
      0.278,
      0.433,
      0.248,
      0.219,
      0.639,
      1.0,
      0.353,
      0.354,
      0.193,
      0.259,
      0.295,
      0.293,
      0.309,
      0.384,
      0.248,
      0.353,
      0.256,
      0.344,
      0.1,
      0.432,
      0.239,
      0.137,
      0.294,
      0.293,
      0.273,
      0.453,
      0.272,
      0.245
    ],
    [
      0.469,
      0.276,
      0.552,
      0.58,
      0.269,
      0.385,
      0.55,
      0.24,
      0.529,
      0.456,
      0.312,
      0.599,
      0.737,
      0.598,
      0.629,
      0.708,
      0.75,
      0.672,
      0.601,
      0.705,
      0.413,
      0.432,
      0.33,
      0.353,
      1.0,
      0.584,
      0.424,
      0.454,
      0.532,
      0.606,
      0.647,
      0.696,
      0.23,
      0.295,
      0.736,
      0.465,
      0.229,
      0.404,
      0.383,
      0.241,
      0.533,
      0.382,
      0.605,
      0.547,
      0.34,
      0.435
    ],
    [
      0.647,
      0.311,
      0.475,
      0.522,
      0.358,
      0.378,
      0.42,
      0.328,
      0.512,
      0.627,
      0.34,
      0.445,
      0.642,
      0.394,
      0.529,
      0.441,
      0.546,
      0.496,
      0.451,
      0.525,
      0.35,
      0.417,
      0.292,
      0.354,
      0.584,
      1.0,
      0.315,
      0.39,
      0.428,
      0.399,
      0.448,
      0.506,
      0.234,
      0.313,
      0.522,
      0.323,
      0.389,
      0.368,
      0.386,
      0.207,
      0.548,
      0.421,
      0.461,
      0.418,
      0.302,
      0.448
    ],
    [
      0.405,
      0.433,
      0.379,
      0.344,
      0.198,
      0.253,
      0.378,
      0.166,
      0.362,
      0.528,
      0.251,
      0.565,
      0.396,
      0.739,
      0.464,
      0.463,
      0.421,
      0.427,
      0.393,
      0.543,
      0.398,
      0.466,
      0.249,
      0.193,
      0.424,
      0.315,
      1.0,
      0.822,
      0.462,
      0.773,
      0.408,
      0.424,
      0.216,
      0.315,
      0.503,
      0.364,
      0.433,
      0.408,
      0.335,
      0.146,
      0.435,
      0.418,
      0.559,
      0.526,
      0.306,
      0.342
    ],
    [
      0.496,
      0.341,
      0.349,
      0.264,
      0.145,
      0.226,
      0.371,
      0.219,
      0.401,
      0.611,
      0.249,
      0.55,
      0.446,
      0.745,
      0.454,
      0.485,
      0.458,
      0.423,
      0.42,
      0.604,
      0.42,
      0.485,
      0.305,
      0.259,
      0.454,
      0.39,
      0.822,
      1.0,
      0.499,
      0.784,
      0.365,
      0.436,
      0.191,
      0.31,
      0.54,
      0.416,
      0.521,
      0.412,
      0.342,
      0.166,
      0.475,
      0.449,
      0.561,
      0.578,
      0.285,
      0.271
    ],
    [
      0.557,
      0.326,
      0.341,
      0.351,
      0.212,
      0.224,
      0.394,
      0.198,
      0.597,
      0.592,
      0.257,
      0.583,
      0.618,
      0.645,
      0.518,
      0.534,
      0.577,
      0.608,
      0.328,
      0.587,
      0.406,
      0.407,
      0.209,
      0.295,
      0.532,
      0.428,
      0.462,
      0.499,
      1.0,
      0.631,
      0.556,
      0.566,
      0.181,
      0.247,
      0.645,
      0.318,
      0.268,
      0.429,
      0.329,
      0.256,
      0.521,
      0.527,
      0.552,
      0.518,
      0.464,
      0.434
    ],
    [
      0.457,
      0.391,
      0.463,
      0.411,
      0.263,
      0.299,
      0.518,
      0.159,
      0.529,
      0.564,
      0.255,
      0.626,
      0.597,
      0.786,
      0.532,
      0.585,
      0.55,
      0.593,
      0.437,
      0.64,
      0.486,
      0.49,
      0.26,
      0.293,
      0.606,
      0.399,
      0.773,
      0.784,
      0.631,
      1.0,
      0.561,
      0.563,
      0.224,
      0.362,
      0.66,
      0.413,
      0.37,
      0.499,
      0.341,
      0.165,
      0.539,
      0.55,
      0.658,
      0.555,
      0.394,
      0.406
    ],
    [
      0.395,
      0.334,
      0.603,
      0.585,
      0.231,
      0.239,
      0.541,
      0.153,
      0.556,
      0.444,
      0.23,
      0.686,
      0.653,
      0.567,
      0.512,
      0.604,
      0.659,
      0.668,
      0.413,
      0.527,
      0.391,
      0.418,
      0.256,
      0.309,
      0.647,
      0.448,
      0.408,
      0.365,
      0.556,
      0.561,
      1.0,
      0.785,
      0.359,
      0.363,
      0.75,
      0.246,
      0.158,
      0.323,
      0.264,
      0.082,
      0.529,
      0.49,
      0.61,
      0.356,
      0.307,
      0.425
    ],
    [
      0.45,
      0.366,
      0.574,
      0.591,
      0.282,
      0.305,
      0.451,
      0.285,
      0.607,
      0.495,
      0.317,
      0.653,
      0.675,
      0.573,
      0.581,
      0.63,
      0.685,
      0.7,
      0.457,
      0.608,
      0.466,
      0.486,
      0.372,
      0.384,
      0.696,
      0.506,
      0.424,
      0.436,
      0.566,
      0.563,
      0.785,
      1.0,
      0.428,
      0.374,
      0.769,
      0.335,
      0.218,
      0.338,
      0.362,
      0.251,
      0.562,
      0.454,
      0.614,
      0.444,
      0.313,
      0.46
    ],
    [
      0.168,
      0.382,
      0.389,
      0.326,
      0.234,
      0.333,
      0.347,
      0.261,
      0.31,
      0.207,
      0.261,
      0.173,
      0.227,
      0.151,
      0.27,
      0.193,
      0.184,
      0.212,
      0.24,
      0.287,
      0.235,
      0.286,
      0.269,
      0.248,
      0.23,
      0.234,
      0.216,
      0.191,
      0.181,
      0.224,
      0.359,
      0.428,
      1.0,
      0.708,
      0.245,
      0.221,
      0.106,
      0.108,
      0.27,
      0.241,
      0.247,
      0.273,
      0.184,
      0.175,
      0.121,
      0.481
    ],
    [
      0.305,
      0.427,
      0.513,
      0.408,
      0.357,
      0.514,
      0.464,
      0.336,
      0.331,
      0.323,
      0.309,
      0.251,
      0.317,
      0.216,
      0.395,
      0.296,
      0.256,
      0.251,
      0.262,
      0.396,
      0.289,
      0.359,
      0.368,
      0.353,
      0.295,
      0.313,
      0.315,
      0.31,
      0.247,
      0.362,
      0.363,
      0.374,
      0.708,
      1.0,
      0.291,
      0.345,
      0.122,
      0.258,
      0.201,
      0.135,
      0.245,
      0.34,
      0.309,
      0.249,
      0.218,
      0.429
    ],
    [
      0.521,
      0.302,
      0.563,
      0.516,
      0.228,
      0.259,
      0.506,
      0.145,
      0.601,
      0.625,
      0.216,
      0.684,
      0.66,
      0.67,
      0.579,
      0.723,
      0.76,
      0.794,
      0.553,
      0.651,
      0.458,
      0.534,
      0.309,
      0.256,
      0.736,
      0.522,
      0.503,
      0.54,
      0.645,
      0.66,
      0.75,
      0.769,
      0.245,
      0.291,
      1.0,
      0.323,
      0.336,
      0.394,
      0.349,
      0.18,
      0.646,
      0.597,
      0.735,
      0.456,
      0.39,
      0.391
    ],
    [
      0.465,
      0.249,
      0.312,
      0.244,
      0.114,
      0.391,
      0.295,
      0.422,
      0.463,
      0.444,
      0.369,
      0.326,
      0.456,
      0.409,
      0.575,
      0.414,
      0.378,
      0.342,
      0.297,
      0.506,
      0.36,
      0.436,
      0.403,
      0.344,
      0.465,
      0.323,
      0.364,
      0.416,
      0.318,
      0.413,
      0.246,
      0.335,
      0.221,
      0.345,
      0.323,
      1.0,
      0.304,
      0.48,
      0.345,
      0.129,
      0.384,
      0.373,
      0.36,
      0.454,
      0.314,
      0.179
    ],
    [
      0.587,
      0.143,
      0.205,
      0.163,
      0.196,
      0.151,
      0.249,
      0.232,
      0.425,
      0.596,
      0.184,
      0.241,
      0.305,
      0.489,
      0.218,
      0.302,
      0.234,
      0.265,
      0.259,
      0.33,
      0.409,
      0.472,
      0.231,
      0.1,
      0.229,
      0.389,
      0.433,
      0.521,
      0.268,
      0.37,
      0.158,
      0.218,
      0.106,
      0.122,
      0.336,
      0.304,
      1.0,
      0.413,
      0.37,
      0.213,
      0.483,
      0.395,
      0.36,
      0.27,
      0.209,
      0.222
    ],
    [
      0.542,
      0.333,
      0.318,
      0.337,
      0.262,
      0.317,
      0.492,
      0.264,
      0.56,
      0.496,
      0.26,
      0.313,
      0.398,
      0.466,
      0.446,
      0.305,
      0.417,
      0.39,
      0.311,
      0.439,
      0.429,
      0.354,
      0.47,
      0.432,
      0.404,
      0.368,
      0.408,
      0.412,
      0.429,
      0.499,
      0.323,
      0.338,
      0.108,
      0.258,
      0.394,
      0.48,
      0.413,
      1.0,
      0.343,
      0.162,
      0.471,
      0.499,
      0.486,
      0.494,
      0.388,
      0.267
    ],
    [
      0.392,
      0.259,
      0.206,
      0.242,
      0.091,
      0.249,
      0.365,
      0.318,
      0.436,
      0.38,
      0.297,
      0.316,
      0.413,
      0.391,
      0.35,
      0.333,
      0.417,
      0.395,
      0.464,
      0.507,
      0.27,
      0.25,
      0.201,
      0.239,
      0.383,
      0.386,
      0.335,
      0.342,
      0.329,
      0.341,
      0.264,
      0.362,
      0.27,
      0.201,
      0.349,
      0.345,
      0.37,
      0.343,
      1.0,
      0.296,
      0.38,
      0.181,
      0.26,
      0.529,
      0.324,
      0.365
    ],
    [
      0.261,
      0.142,
      0.069,
      0.165,
      0.187,
      0.277,
      0.251,
      0.233,
      0.272,
      0.181,
      0.212,
      0.222,
      0.28,
      0.219,
      0.182,
      0.257,
      0.188,
      0.217,
      0.203,
      0.262,
      0.319,
      0.269,
      0.181,
      0.137,
      0.241,
      0.207,
      0.146,
      0.166,
      0.256,
      0.165,
      0.082,
      0.251,
      0.241,
      0.135,
      0.18,
      0.129,
      0.213,
      0.162,
      0.296,
      1.0,
      0.281,
      0.05,
      0.137,
      0.173,
      0.325,
      0.332
    ],
    [
      0.641,
      0.284,
      0.423,
      0.521,
      0.295,
      0.328,
      0.453,
      0.195,
      0.623,
      0.666,
      0.295,
      0.581,
      0.636,
      0.58,
      0.478,
      0.521,
      0.523,
      0.615,
      0.351,
      0.541,
      0.483,
      0.55,
      0.259,
      0.294,
      0.533,
      0.548,
      0.435,
      0.475,
      0.521,
      0.539,
      0.529,
      0.562,
      0.247,
      0.245,
      0.646,
      0.384,
      0.483,
      0.471,
      0.38,
      0.281,
      1.0,
      0.612,
      0.667,
      0.419,
      0.425,
      0.464
    ],
    [
      0.489,
      0.352,
      0.446,
      0.432,
      0.182,
      0.231,
      0.44,
      0.216,
      0.538,
      0.689,
      0.228,
      0.405,
      0.463,
      0.511,
      0.393,
      0.409,
      0.451,
      0.567,
      0.242,
      0.485,
      0.388,
      0.565,
      0.324,
      0.293,
      0.382,
      0.421,
      0.418,
      0.449,
      0.527,
      0.55,
      0.49,
      0.454,
      0.273,
      0.34,
      0.597,
      0.373,
      0.395,
      0.499,
      0.181,
      0.05,
      0.612,
      1.0,
      0.656,
      0.34,
      0.386,
      0.338
    ],
    [
      0.504,
      0.346,
      0.598,
      0.542,
      0.298,
      0.284,
      0.538,
      0.174,
      0.532,
      0.6,
      0.213,
      0.672,
      0.586,
      0.714,
      0.538,
      0.677,
      0.641,
      0.699,
      0.445,
      0.601,
      0.534,
      0.635,
      0.256,
      0.273,
      0.605,
      0.461,
      0.559,
      0.561,
      0.552,
      0.658,
      0.61,
      0.614,
      0.184,
      0.309,
      0.735,
      0.36,
      0.36,
      0.486,
      0.26,
      0.137,
      0.667,
      0.656,
      1.0,
      0.541,
      0.409,
      0.361
    ],
    [
      0.452,
      0.511,
      0.377,
      0.387,
      0.166,
      0.278,
      0.425,
      0.354,
      0.474,
      0.425,
      0.39,
      0.444,
      0.517,
      0.579,
      0.473,
      0.427,
      0.559,
      0.46,
      0.523,
      0.646,
      0.331,
      0.247,
      0.355,
      0.453,
      0.547,
      0.418,
      0.526,
      0.578,
      0.518,
      0.555,
      0.356,
      0.444,
      0.175,
      0.249,
      0.456,
      0.454,
      0.27,
      0.494,
      0.529,
      0.173,
      0.419,
      0.34,
      0.541,
      1.0,
      0.395,
      0.376
    ],
    [
      0.491,
      0.388,
      0.378,
      0.303,
      0.327,
      0.381,
      0.382,
      0.346,
      0.54,
      0.421,
      0.252,
      0.423,
      0.386,
      0.376,
      0.43,
      0.35,
      0.385,
      0.384,
      0.28,
      0.517,
      0.186,
      0.269,
      0.297,
      0.272,
      0.34,
      0.302,
      0.306,
      0.285,
      0.464,
      0.394,
      0.307,
      0.313,
      0.121,
      0.218,
      0.39,
      0.314,
      0.209,
      0.388,
      0.324,
      0.325,
      0.425,
      0.386,
      0.409,
      0.395,
      1.0,
      0.32
    ],
    [
      0.435,
      0.387,
      0.445,
      0.598,
      0.447,
      0.388,
      0.414,
      0.252,
      0.538,
      0.403,
      0.377,
      0.341,
      0.478,
      0.35,
      0.4,
      0.258,
      0.368,
      0.415,
      0.35,
      0.474,
      0.395,
      0.301,
      0.264,
      0.245,
      0.435,
      0.448,
      0.342,
      0.271,
      0.434,
      0.406,
      0.425,
      0.46,
      0.481,
      0.429,
      0.391,
      0.179,
      0.222,
      0.267,
      0.365,
      0.332,
      0.464,
      0.338,
      0.361,
      0.376,
      0.32,
      1.0
    ]
  ]
}