{
  "feeds": [
    "Brazil | Folha de São Paulo",
    "Brazil | O Globo (via Google News)",
    "China | CGTN Politics",
    "China | CGTN World",
    "China | Global Times",
    "China | People's Daily CN",
    "China | Xinhua English",
    "India | Dainik Bhaskar",
    "India | NDTV World",
    "India | The Hindu Intl",
    "India | Times of India",
    "Iran (Opposition / Diaspora) | Iran International EN",
    "Iran (Opposition / Diaspora) | Iran International FA",
    "Iran (Opposition / Diaspora) | RFE/RL (was Radio Farda)",
    "Iran (State) | IRNA English",
    "Iran (State) | IRNA Farsi",
    "Iran (State) | Tehran Times",
    "Israel | Haaretz",
    "Israel | Jerusalem Post",
    "Israel | Times of Israel",
    "Israel | Ynet Hebrew",
    "Japan | Japan Times",
    "Japan | NHK Japanese",
    "Nigeria | The Punch",
    "Nigeria | Vanguard",
    "Qatar | Al Jazeera Arabic",
    "Qatar | Al Jazeera English",
    "Russia | Meduza",
    "Russia | Moscow Times",
    "Russia | RT",
    "Russia | TASS English",
    "Saudi Arabia | Al Arabiya English (via Google News)",
    "Saudi Arabia | Arab News (via Google News)",
    "South Korea | Korea Herald (via Google News)",
    "South Korea | Yonhap News",
    "Turkey | Daily Sabah",
    "Turkey | Hurriyet",
    "United Kingdom | BBC World",
    "United Kingdom | The Guardian World",
    "United Kingdom | The Telegraph",
    "United States | CNN World",
    "United States | Fox News World",
    "United States | NPR World",
    "Wire Services (Factual Baseline) | AFP / France 24 EN",
    "Wire Services (Factual Baseline) | AFP / France 24 FR",
    "Wire Services (Factual Baseline) | AP News",
    "Wire Services (Factual Baseline) | Reuters (via Google News)"
  ],
  "matrix": [
    [
      1.0,
      0.471,
      0.506,
      0.515,
      0.346,
      0.405,
      0.53,
      0.286,
      0.599,
      0.622,
      0.451,
      0.53,
      0.701,
      0.643,
      0.651,
      0.628,
      0.539,
      0.59,
      0.692,
      0.439,
      0.719,
      0.327,
      0.393,
      0.461,
      0.615,
      0.615,
      0.486,
      0.511,
      0.518,
      0.63,
      0.47,
      0.55,
      0.633,
      0.364,
      0.302,
      0.63,
      0.564,
      0.606,
      0.6,
      0.479,
      0.238,
      0.663,
      0.637,
      0.616,
      0.66,
      0.569,
      0.403
    ],
    [
      0.471,
      1.0,
      0.309,
      0.357,
      0.123,
      0.278,
      0.384,
      0.274,
      0.348,
      0.415,
      0.341,
      0.263,
      0.322,
      0.352,
      0.365,
      0.494,
      0.3,
      0.36,
      0.37,
      0.324,
      0.501,
      0.274,
      0.315,
      0.415,
      0.413,
      0.44,
      0.324,
      0.365,
      0.362,
      0.34,
      0.358,
      0.431,
      0.382,
      0.363,
      0.276,
      0.342,
      0.316,
      0.365,
      0.439,
      0.326,
      0.141,
      0.37,
      0.41,
      0.47,
      0.503,
      0.268,
      0.361
    ],
    [
      0.506,
      0.309,
      1.0,
      0.751,
      0.501,
      0.505,
      0.524,
      0.304,
      0.576,
      0.56,
      0.427,
      0.469,
      0.495,
      0.573,
      0.531,
      0.573,
      0.614,
      0.507,
      0.496,
      0.45,
      0.445,
      0.407,
      0.28,
      0.396,
      0.559,
      0.365,
      0.529,
      0.335,
      0.424,
      0.397,
      0.442,
      0.601,
      0.608,
      0.464,
      0.497,
      0.399,
      0.371,
      0.387,
      0.387,
      0.206,
      0.069,
      0.418,
      0.492,
      0.503,
      0.391,
      0.378,
      0.312
    ],
    [
      0.515,
      0.357,
      0.751,
      1.0,
      0.538,
      0.522,
      0.471,
      0.218,
      0.653,
      0.566,
      0.429,
      0.407,
      0.502,
      0.511,
      0.536,
      0.486,
      0.585,
      0.515,
      0.598,
      0.413,
      0.438,
      0.506,
      0.259,
      0.416,
      0.572,
      0.453,
      0.557,
      0.232,
      0.332,
      0.403,
      0.389,
      0.578,
      0.582,
      0.408,
      0.38,
      0.413,
      0.26,
      0.316,
      0.424,
      0.242,
      0.165,
      0.448,
      0.453,
      0.514,
      0.419,
      0.303,
      0.374
    ],
    [
      0.346,
      0.123,
      0.501,
      0.538,
      1.0,
      0.555,
      0.306,
      0.234,
      0.455,
      0.372,
      0.389,
      0.305,
      0.345,
      0.326,
      0.305,
      0.291,
      0.349,
      0.283,
      0.342,
      0.161,
      0.277,
      0.515,
      0.248,
      0.311,
      0.272,
      0.238,
      0.249,
      0.146,
      0.173,
      0.197,
      0.289,
      0.199,
      0.287,
      0.314,
      0.384,
      0.113,
      0.182,
      0.222,
      0.301,
      0.091,
      0.187,
      0.263,
      0.193,
      0.292,
      0.218,
      0.327,
      0.262
    ],
    [
      0.405,
      0.278,
      0.505,
      0.522,
      0.555,
      1.0,
      0.338,
      0.38,
      0.399,
      0.381,
      0.44,
      0.231,
      0.388,
      0.268,
      0.358,
      0.507,
      0.474,
      0.332,
      0.351,
      0.281,
      0.485,
      0.443,
      0.433,
      0.443,
      0.399,
      0.323,
      0.249,
      0.203,
      0.295,
      0.183,
      0.363,
      0.292,
      0.262,
      0.29,
      0.444,
      0.144,
      0.37,
      0.224,
      0.359,
      0.249,
      0.277,
      0.221,
      0.264,
      0.404,
      0.412,
      0.381,
      0.267
    ],
    [
      0.53,
      0.384,
      0.524,
      0.471,
      0.306,
      0.338,
      1.0,
      0.243,
      0.482,
      0.578,
      0.422,
      0.378,
      0.489,
      0.51,
      0.502,
      0.446,
      0.436,
      0.483,
      0.587,
      0.44,
      0.5,
      0.403,
      0.317,
      0.354,
      0.503,
      0.509,
      0.455,
      0.282,
      0.355,
      0.493,
      0.383,
      0.423,
      0.473,
      0.455,
      0.498,
      0.535,
      0.447,
      0.489,
      0.439,
      0.365,
      0.251,
      0.567,
      0.535,
      0.528,
      0.455,
      0.382,
      0.297
    ],
    [
      0.286,
      0.274,
      0.304,
      0.218,
      0.234,
      0.38,
      0.243,
      1.0,
      0.425,
      0.38,
      0.575,
      0.223,
      0.349,
      0.169,
      0.2,
      0.457,
      0.342,
      0.242,
      0.149,
      0.155,
      0.482,
      0.232,
      0.398,
      0.461,
      0.354,
      0.363,
      0.362,
      0.194,
      0.173,
      0.094,
      0.232,
      0.253,
      0.295,
      0.29,
      0.381,
      0.133,
      0.423,
      0.26,
      0.37,
      0.318,
      0.281,
      0.253,
      0.159,
      0.351,
      0.354,
      0.336,
      0.318
    ],
    [
      0.599,
      0.348,
      0.576,
      0.653,
      0.455,
      0.399,
      0.482,
      0.425,
      1.0,
      0.702,
      0.6,
      0.493,
      0.603,
      0.573,
      0.569,
      0.528,
      0.527,
      0.567,
      0.581,
      0.407,
      0.599,
      0.446,
      0.432,
      0.518,
      0.585,
      0.592,
      0.711,
      0.345,
      0.351,
      0.496,
      0.399,
      0.552,
      0.616,
      0.424,
      0.355,
      0.442,
      0.498,
      0.479,
      0.6,
      0.363,
      0.243,
      0.618,
      0.467,
      0.57,
      0.512,
      0.464,
      0.435
    ],
    [
      0.622,
      0.415,
      0.56,
      0.566,
      0.372,
      0.381,
      0.578,
      0.38,
      0.702,
      1.0,
      0.617,
      0.537,
      0.707,
      0.552,
      0.651,
      0.643,
      0.591,
      0.65,
      0.626,
      0.552,
      0.629,
      0.408,
      0.453,
      0.542,
      0.598,
      0.61,
      0.609,
      0.336,
      0.408,
      0.448,
      0.411,
      0.623,
      0.619,
      0.46,
      0.352,
      0.554,
      0.516,
      0.496,
      0.636,
      0.386,
      0.234,
      0.636,
      0.533,
      0.628,
      0.632,
      0.352,
      0.349
    ],
    [
      0.451,
      0.341,
      0.427,
      0.429,
      0.389,
      0.44,
      0.422,
      0.575,
      0.6,
      0.617,
      1.0,
      0.348,
      0.472,
      0.362,
      0.478,
      0.568,
      0.462,
      0.478,
      0.438,
      0.328,
      0.538,
      0.397,
      0.452,
      0.557,
      0.499,
      0.451,
      0.54,
      0.237,
      0.27,
      0.271,
      0.324,
      0.396,
      0.359,
      0.317,
      0.497,
      0.256,
      0.496,
      0.431,
      0.544,
      0.307,
      0.21,
      0.471,
      0.258,
      0.453,
      0.491,
      0.362,
      0.405
    ],
    [
      0.53,
      0.263,
      0.469,
      0.407,
      0.305,
      0.231,
      0.378,
      0.223,
      0.493,
      0.537,
      0.348,
      1.0,
      0.734,
      0.601,
      0.654,
      0.579,
      0.68,
      0.551,
      0.52,
      0.316,
      0.363,
      0.311,
      0.277,
      0.318,
      0.548,
      0.555,
      0.56,
      0.453,
      0.49,
      0.412,
      0.48,
      0.509,
      0.519,
      0.263,
      0.186,
      0.515,
      0.336,
      0.359,
      0.414,
      0.318,
      0.373,
      0.578,
      0.509,
      0.461,
      0.392,
      0.381,
      0.405
    ],
    [
      0.701,
      0.322,
      0.495,
      0.502,
      0.345,
      0.388,
      0.489,
      0.349,
      0.603,
      0.707,
      0.472,
      0.734,
      1.0,
      0.607,
      0.738,
      0.731,
      0.73,
      0.667,
      0.675,
      0.474,
      0.618,
      0.413,
      0.513,
      0.396,
      0.643,
      0.673,
      0.579,
      0.495,
      0.497,
      0.49,
      0.479,
      0.577,
      0.626,
      0.364,
      0.298,
      0.636,
      0.514,
      0.454,
      0.524,
      0.369,
      0.35,
      0.659,
      0.646,
      0.543,
      0.582,
      0.423,
      0.386
    ],
    [
      0.643,
      0.352,
      0.573,
      0.511,
      0.326,
      0.268,
      0.51,
      0.169,
      0.573,
      0.552,
      0.362,
      0.601,
      0.607,
      1.0,
      0.661,
      0.499,
      0.604,
      0.482,
      0.609,
      0.323,
      0.449,
      0.337,
      0.283,
      0.343,
      0.588,
      0.556,
      0.538,
      0.666,
      0.71,
      0.683,
      0.577,
      0.563,
      0.606,
      0.397,
      0.308,
      0.59,
      0.367,
      0.551,
      0.471,
      0.28,
      0.17,
      0.592,
      0.576,
      0.457,
      0.409,
      0.521,
      0.413
    ],
    [
      0.651,
      0.365,
      0.531,
      0.536,
      0.305,
      0.358,
      0.502,
      0.2,
      0.569,
      0.651,
      0.478,
      0.654,
      0.738,
      0.661,
      1.0,
      0.665,
      0.767,
      0.627,
      0.698,
      0.412,
      0.472,
      0.267,
      0.262,
      0.357,
      0.633,
      0.55,
      0.632,
      0.456,
      0.47,
      0.497,
      0.46,
      0.668,
      0.639,
      0.299,
      0.254,
      0.637,
      0.404,
      0.428,
      0.492,
      0.288,
      0.112,
      0.64,
      0.56,
      0.487,
      0.469,
      0.396,
      0.308
    ],
    [
      0.628,
      0.494,
      0.573,
      0.486,
      0.291,
      0.507,
      0.446,
      0.457,
      0.528,
      0.643,
      0.568,
      0.579,
      0.731,
      0.499,
      0.665,
      1.0,
      0.7,
      0.609,
      0.547,
      0.515,
      0.678,
      0.363,
      0.477,
      0.504,
      0.555,
      0.585,
      0.548,
      0.445,
      0.481,
      0.368,
      0.422,
      0.59,
      0.568,
      0.354,
      0.377,
      0.471,
      0.631,
      0.463,
      0.55,
      0.408,
      0.241,
      0.587,
      0.527,
      0.544,
      0.601,
      0.411,
      0.277
    ],
    [
      0.539,
      0.3,
      0.614,
      0.585,
      0.349,
      0.474,
      0.436,
      0.342,
      0.527,
      0.591,
      0.462,
      0.68,
      0.73,
      0.604,
      0.767,
      0.7,
      1.0,
      0.648,
      0.627,
      0.423,
      0.439,
      0.356,
      0.319,
      0.389,
      0.626,
      0.573,
      0.624,
      0.388,
      0.428,
      0.37,
      0.47,
      0.637,
      0.61,
      0.352,
      0.324,
      0.542,
      0.366,
      0.327,
      0.387,
      0.253,
      0.235,
      0.52,
      0.521,
      0.423,
      0.466,
      0.337,
      0.319
    ],
    [
      0.59,
      0.36,
      0.507,
      0.515,
      0.283,
      0.332,
      0.483,
      0.242,
      0.567,
      0.65,
      0.478,
      0.551,
      0.667,
      0.482,
      0.627,
      0.609,
      0.648,
      1.0,
      0.781,
      0.749,
      0.53,
      0.377,
      0.29,
      0.402,
      0.492,
      0.719,
      0.581,
      0.302,
      0.343,
      0.487,
      0.421,
      0.705,
      0.629,
      0.353,
      0.256,
      0.697,
      0.424,
      0.455,
      0.348,
      0.349,
      0.196,
      0.651,
      0.631,
      0.502,
      0.501,
      0.286,
      0.316
    ],
    [
      0.692,
      0.37,
      0.496,
      0.598,
      0.342,
      0.351,
      0.587,
      0.149,
      0.581,
      0.626,
      0.438,
      0.52,
      0.675,
      0.609,
      0.698,
      0.547,
      0.627,
      0.781,
      1.0,
      0.63,
      0.558,
      0.428,
      0.295,
      0.369,
      0.581,
      0.609,
      0.599,
      0.416,
      0.423,
      0.604,
      0.498,
      0.673,
      0.646,
      0.356,
      0.265,
      0.721,
      0.402,
      0.471,
      0.462,
      0.412,
      0.241,
      0.684,
      0.675,
      0.535,
      0.543,
      0.395,
      0.37
    ],
    [
      0.439,
      0.324,
      0.45,
      0.413,
      0.161,
      0.281,
      0.44,
      0.155,
      0.407,
      0.552,
      0.328,
      0.316,
      0.474,
      0.323,
      0.412,
      0.515,
      0.423,
      0.749,
      0.63,
      1.0,
      0.467,
      0.355,
      0.336,
      0.341,
      0.363,
      0.526,
      0.416,
      0.221,
      0.284,
      0.444,
      0.341,
      0.587,
      0.5,
      0.365,
      0.199,
      0.548,
      0.338,
      0.439,
      0.236,
      0.379,
      0.238,
      0.567,
      0.529,
      0.463,
      0.501,
      0.186,
      0.202
    ],
    [
      0.719,
      0.501,
      0.445,
      0.438,
      0.277,
      0.485,
      0.5,
      0.482,
      0.599,
      0.629,
      0.538,
      0.363,
      0.618,
      0.449,
      0.472,
      0.678,
      0.439,
      0.53,
      0.558,
      0.467,
      1.0,
      0.375,
      0.613,
      0.524,
      0.538,
      0.591,
      0.451,
      0.354,
      0.329,
      0.439,
      0.281,
      0.48,
      0.561,
      0.413,
      0.417,
      0.468,
      0.693,
      0.548,
      0.646,
      0.51,
      0.262,
      0.563,
      0.512,
      0.572,
      0.618,
      0.563,
      0.349
    ],
    [
      0.327,
      0.274,
      0.407,
      0.506,
      0.515,
      0.443,
      0.403,
      0.232,
      0.446,
      0.408,
      0.397,
      0.311,
      0.413,
      0.337,
      0.267,
      0.363,
      0.356,
      0.377,
      0.428,
      0.355,
      0.375,
      1.0,
      0.536,
      0.331,
      0.3,
      0.383,
      0.291,
      0.219,
      0.22,
      0.382,
      0.331,
      0.344,
      0.353,
      0.533,
      0.488,
      0.263,
      0.189,
      0.249,
      0.287,
      0.233,
      0.414,
      0.405,
      0.427,
      0.35,
      0.336,
      0.211,
      0.297
    ],
    [
      0.393,
      0.315,
      0.28,
      0.259,
      0.248,
      0.433,
      0.317,
      0.398,
      0.432,
      0.453,
      0.452,
      0.277,
      0.513,
      0.283,
      0.262,
      0.477,
      0.319,
      0.29,
      0.295,
      0.336,
      0.613,
      0.536,
      1.0,
      0.387,
      0.338,
      0.442,
      0.227,
      0.254,
      0.257,
      0.284,
      0.234,
      0.185,
      0.254,
      0.351,
      0.359,
      0.235,
      0.466,
      0.442,
      0.453,
      0.366,
      0.472,
      0.386,
      0.339,
      0.374,
      0.473,
      0.37,
      0.363
    ],
    [
      0.461,
      0.415,
      0.396,
      0.416,
      0.311,
      0.443,
      0.354,
      0.461,
      0.518,
      0.542,
      0.557,
      0.318,
      0.396,
      0.343,
      0.357,
      0.504,
      0.389,
      0.402,
      0.369,
      0.341,
      0.524,
      0.331,
      0.387,
      1.0,
      0.589,
      0.393,
      0.452,
      0.338,
      0.352,
      0.302,
      0.372,
      0.366,
      0.31,
      0.391,
      0.43,
      0.324,
      0.474,
      0.383,
      0.578,
      0.321,
      0.182,
      0.436,
      0.325,
      0.495,
      0.465,
      0.314,
      0.304
    ],
    [
      0.615,
      0.413,
      0.559,
      0.572,
      0.272,
      0.399,
      0.503,
      0.354,
      0.585,
      0.598,
      0.499,
      0.548,
      0.643,
      0.588,
      0.633,
      0.555,
      0.626,
      0.492,
      0.581,
      0.363,
      0.538,
      0.3,
      0.338,
      0.589,
      1.0,
      0.469,
      0.547,
      0.428,
      0.407,
      0.433,
      0.423,
      0.526,
      0.564,
      0.321,
      0.339,
      0.503,
      0.33,
      0.433,
      0.551,
      0.344,
      0.199,
      0.522,
      0.529,
      0.557,
      0.513,
      0.478,
      0.423
    ],
    [
      0.615,
      0.44,
      0.365,
      0.453,
      0.238,
      0.323,
      0.509,
      0.363,
      0.592,
      0.61,
      0.451,
      0.555,
      0.673,
      0.556,
      0.55,
      0.585,
      0.573,
      0.719,
      0.609,
      0.526,
      0.591,
      0.383,
      0.442,
      0.393,
      0.469,
      1.0,
      0.535,
      0.379,
      0.419,
      0.539,
      0.405,
      0.565,
      0.545,
      0.353,
      0.227,
      0.605,
      0.441,
      0.512,
      0.472,
      0.441,
      0.4,
      0.653,
      0.596,
      0.52,
      0.584,
      0.416,
      0.462
    ],
    [
      0.486,
      0.324,
      0.529,
      0.557,
      0.249,
      0.249,
      0.455,
      0.362,
      0.711,
      0.609,
      0.54,
      0.56,
      0.579,
      0.538,
      0.632,
      0.548,
      0.624,
      0.581,
      0.599,
      0.416,
      0.451,
      0.291,
      0.227,
      0.452,
      0.547,
      0.535,
      1.0,
      0.388,
      0.337,
      0.426,
      0.442,
      0.599,
      0.563,
      0.24,
      0.269,
      0.539,
      0.444,
      0.379,
      0.449,
      0.259,
      0.144,
      0.602,
      0.475,
      0.47,
      0.376,
      0.379,
      0.342
    ],
    [
      0.511,
      0.365,
      0.335,
      0.232,
      0.146,
      0.203,
      0.282,
      0.194,
      0.345,
      0.336,
      0.237,
      0.453,
      0.495,
      0.666,
      0.456,
      0.445,
      0.388,
      0.302,
      0.416,
      0.221,
      0.354,
      0.219,
      0.254,
      0.338,
      0.428,
      0.379,
      0.388,
      1.0,
      0.784,
      0.52,
      0.696,
      0.399,
      0.357,
      0.279,
      0.183,
      0.457,
      0.384,
      0.309,
      0.418,
      0.239,
      0.116,
      0.478,
      0.522,
      0.339,
      0.369,
      0.313,
      0.253
    ],
    [
      0.518,
      0.362,
      0.424,
      0.332,
      0.173,
      0.295,
      0.355,
      0.173,
      0.351,
      0.408,
      0.27,
      0.49,
      0.497,
      0.71,
      0.47,
      0.481,
      0.428,
      0.343,
      0.423,
      0.284,
      0.329,
      0.22,
      0.257,
      0.352,
      0.407,
      0.419,
      0.337,
      0.784,
      1.0,
      0.582,
      0.722,
      0.443,
      0.387,
      0.308,
      0.262,
      0.47,
      0.356,
      0.383,
      0.417,
      0.33,
      0.124,
      0.492,
      0.521,
      0.402,
      0.423,
      0.272,
      0.263
    ],
    [
      0.63,
      0.34,
      0.397,
      0.403,
      0.197,
      0.183,
      0.493,
      0.094,
      0.496,
      0.448,
      0.271,
      0.412,
      0.49,
      0.683,
      0.497,
      0.368,
      0.37,
      0.487,
      0.604,
      0.444,
      0.439,
      0.382,
      0.284,
      0.302,
      0.433,
      0.539,
      0.426,
      0.52,
      0.582,
      1.0,
      0.518,
      0.527,
      0.536,
      0.384,
      0.227,
      0.661,
      0.321,
      0.548,
      0.419,
      0.433,
      0.201,
      0.65,
      0.67,
      0.497,
      0.49,
      0.425,
      0.369
    ],
    [
      0.47,
      0.358,
      0.442,
      0.389,
      0.289,
      0.363,
      0.383,
      0.232,
      0.399,
      0.411,
      0.324,
      0.48,
      0.479,
      0.577,
      0.46,
      0.422,
      0.47,
      0.421,
      0.498,
      0.341,
      0.281,
      0.331,
      0.234,
      0.372,
      0.423,
      0.405,
      0.442,
      0.696,
      0.722,
      0.518,
      1.0,
      0.546,
      0.438,
      0.389,
      0.357,
      0.437,
      0.354,
      0.316,
      0.374,
      0.323,
      0.176,
      0.505,
      0.516,
      0.491,
      0.435,
      0.232,
      0.383
    ],
    [
      0.55,
      0.431,
      0.601,
      0.578,
      0.199,
      0.292,
      0.423,
      0.253,
      0.552,
      0.623,
      0.396,
      0.509,
      0.577,
      0.563,
      0.668,
      0.59,
      0.637,
      0.705,
      0.673,
      0.587,
      0.48,
      0.344,
      0.185,
      0.366,
      0.526,
      0.565,
      0.599,
      0.399,
      0.443,
      0.527,
      0.546,
      1.0,
      0.817,
      0.471,
      0.324,
      0.582,
      0.384,
      0.333,
      0.341,
      0.356,
      0.115,
      0.567,
      0.618,
      0.473,
      0.475,
      0.237,
      0.301
    ],
    [
      0.633,
      0.382,
      0.608,
      0.582,
      0.287,
      0.262,
      0.473,
      0.295,
      0.616,
      0.619,
      0.359,
      0.519,
      0.626,
      0.606,
      0.639,
      0.568,
      0.61,
      0.629,
      0.646,
      0.5,
      0.561,
      0.353,
      0.254,
      0.31,
      0.564,
      0.545,
      0.563,
      0.357,
      0.387,
      0.536,
      0.438,
      0.817,
      1.0,
      0.54,
      0.37,
      0.577,
      0.422,
      0.376,
      0.364,
      0.416,
      0.186,
      0.587,
      0.568,
      0.473,
      0.467,
      0.345,
      0.404
    ],
    [
      0.364,
      0.363,
      0.464,
      0.408,
      0.314,
      0.29,
      0.455,
      0.29,
      0.424,
      0.46,
      0.317,
      0.263,
      0.364,
      0.397,
      0.299,
      0.354,
      0.352,
      0.353,
      0.356,
      0.365,
      0.413,
      0.533,
      0.351,
      0.391,
      0.321,
      0.353,
      0.24,
      0.279,
      0.308,
      0.384,
      0.389,
      0.471,
      0.54,
      1.0,
      0.621,
      0.274,
      0.285,
      0.288,
      0.32,
      0.397,
      0.272,
      0.415,
      0.324,
      0.381,
      0.405,
      0.212,
      0.377
    ],
    [
      0.302,
      0.276,
      0.497,
      0.38,
      0.384,
      0.444,
      0.498,
      0.381,
      0.355,
      0.352,
      0.497,
      0.186,
      0.298,
      0.308,
      0.254,
      0.377,
      0.324,
      0.256,
      0.265,
      0.199,
      0.417,
      0.488,
      0.359,
      0.43,
      0.339,
      0.227,
      0.269,
      0.183,
      0.262,
      0.227,
      0.357,
      0.324,
      0.37,
      0.621,
      1.0,
      0.189,
      0.339,
      0.257,
      0.308,
      0.179,
      0.181,
      0.253,
      0.256,
      0.281,
      0.265,
      0.291,
      0.321
    ],
    [
      0.63,
      0.342,
      0.399,
      0.413,
      0.113,
      0.144,
      0.535,
      0.133,
      0.442,
      0.554,
      0.256,
      0.515,
      0.636,
      0.59,
      0.637,
      0.471,
      0.542,
      0.697,
      0.721,
      0.548,
      0.468,
      0.263,
      0.235,
      0.324,
      0.503,
      0.605,
      0.539,
      0.457,
      0.47,
      0.661,
      0.437,
      0.582,
      0.577,
      0.274,
      0.189,
      1.0,
      0.408,
      0.486,
      0.382,
      0.412,
      0.128,
      0.661,
      0.734,
      0.471,
      0.488,
      0.371,
      0.337
    ],
    [
      0.564,
      0.316,
      0.371,
      0.26,
      0.182,
      0.37,
      0.447,
      0.423,
      0.498,
      0.516,
      0.496,
      0.336,
      0.514,
      0.367,
      0.404,
      0.631,
      0.366,
      0.424,
      0.402,
      0.338,
      0.693,
      0.189,
      0.466,
      0.474,
      0.33,
      0.441,
      0.444,
      0.384,
      0.356,
      0.321,
      0.354,
      0.384,
      0.422,
      0.285,
      0.339,
      0.408,
      1.0,
      0.518,
      0.494,
      0.409,
      0.105,
      0.524,
      0.402,
      0.435,
      0.491,
      0.386,
      0.226
    ],
    [
      0.606,
      0.365,
      0.387,
      0.316,
      0.222,
      0.224,
      0.489,
      0.26,
      0.479,
      0.496,
      0.431,
      0.359,
      0.454,
      0.551,
      0.428,
      0.463,
      0.327,
      0.455,
      0.471,
      0.439,
      0.548,
      0.249,
      0.442,
      0.383,
      0.433,
      0.512,
      0.379,
      0.309,
      0.383,
      0.548,
      0.316,
      0.333,
      0.376,
      0.288,
      0.257,
      0.486,
      0.518,
      1.0,
      0.461,
      0.461,
      0.131,
      0.556,
      0.444,
      0.503,
      0.559,
      0.508,
      0.398
    ],
    [
      0.6,
      0.439,
      0.387,
      0.424,
      0.301,
      0.359,
      0.439,
      0.37,
      0.6,
      0.636,
      0.544,
      0.414,
      0.524,
      0.471,
      0.492,
      0.55,
      0.387,
      0.348,
      0.462,
      0.236,
      0.646,
      0.287,
      0.453,
      0.578,
      0.551,
      0.472,
      0.449,
      0.418,
      0.417,
      0.419,
      0.374,
      0.341,
      0.364,
      0.32,
      0.308,
      0.382,
      0.494,
      0.461,
      1.0,
      0.375,
      0.177,
      0.586,
      0.379,
      0.529,
      0.534,
      0.427,
      0.297
    ],
    [
      0.479,
      0.326,
      0.206,
      0.242,
      0.091,
      0.249,
      0.365,
      0.318,
      0.363,
      0.386,
      0.307,
      0.318,
      0.369,
      0.28,
      0.288,
      0.408,
      0.253,
      0.349,
      0.412,
      0.379,
      0.51,
      0.233,
      0.366,
      0.321,
      0.344,
      0.441,
      0.259,
      0.239,
      0.33,
      0.433,
      0.323,
      0.356,
      0.416,
      0.397,
      0.179,
      0.412,
      0.409,
      0.461,
      0.375,
      1.0,
      0.296,
      0.56,
      0.286,
      0.461,
      0.562,
      0.324,
      0.337
    ],
    [
      0.238,
      0.141,
      0.069,
      0.165,
      0.187,
      0.277,
      0.251,
      0.281,
      0.243,
      0.234,
      0.21,
      0.373,
      0.35,
      0.17,
      0.112,
      0.241,
      0.235,
      0.196,
      0.241,
      0.238,
      0.262,
      0.414,
      0.472,
      0.182,
      0.199,
      0.4,
      0.144,
      0.116,
      0.124,
      0.201,
      0.176,
      0.115,
      0.186,
      0.272,
      0.181,
      0.128,
      0.105,
      0.131,
      0.177,
      0.296,
      1.0,
      0.282,
      0.263,
      0.284,
      0.302,
      0.325,
      0.429
    ],
    [
      0.663,
      0.37,
      0.418,
      0.448,
      0.263,
      0.221,
      0.567,
      0.253,
      0.618,
      0.636,
      0.471,
      0.578,
      0.659,
      0.592,
      0.64,
      0.587,
      0.52,
      0.651,
      0.684,
      0.567,
      0.563,
      0.405,
      0.386,
      0.436,
      0.522,
      0.653,
      0.602,
      0.478,
      0.492,
      0.65,
      0.505,
      0.567,
      0.587,
      0.415,
      0.253,
      0.661,
      0.524,
      0.556,
      0.586,
      0.56,
      0.282,
      1.0,
      0.574,
      0.527,
      0.604,
      0.323,
      0.347
    ],
    [
      0.637,
      0.41,
      0.492,
      0.453,
      0.193,
      0.264,
      0.535,
      0.159,
      0.467,
      0.533,
      0.258,
      0.509,
      0.646,
      0.576,
      0.56,
      0.527,
      0.521,
      0.631,
      0.675,
      0.529,
      0.512,
      0.427,
      0.339,
      0.325,
      0.529,
      0.596,
      0.475,
      0.522,
      0.521,
      0.67,
      0.516,
      0.618,
      0.568,
      0.324,
      0.256,
      0.734,
      0.402,
      0.444,
      0.379,
      0.286,
      0.263,
      0.574,
      1.0,
      0.561,
      0.499,
      0.419,
      0.329
    ],
    [
      0.616,
      0.47,
      0.503,
      0.514,
      0.292,
      0.404,
      0.528,
      0.351,
      0.57,
      0.628,
      0.453,
      0.461,
      0.543,
      0.457,
      0.487,
      0.544,
      0.423,
      0.502,
      0.535,
      0.463,
      0.572,
      0.35,
      0.374,
      0.495,
      0.557,
      0.52,
      0.47,
      0.339,
      0.402,
      0.497,
      0.491,
      0.473,
      0.473,
      0.381,
      0.281,
      0.471,
      0.435,
      0.503,
      0.529,
      0.461,
      0.284,
      0.527,
      0.561,
      1.0,
      0.627,
      0.449,
      0.397
    ],
    [
      0.66,
      0.503,
      0.391,
      0.419,
      0.218,
      0.412,
      0.455,
      0.354,
      0.512,
      0.632,
      0.491,
      0.392,
      0.582,
      0.409,
      0.469,
      0.601,
      0.466,
      0.501,
      0.543,
      0.501,
      0.618,
      0.336,
      0.473,
      0.465,
      0.513,
      0.584,
      0.376,
      0.369,
      0.423,
      0.49,
      0.435,
      0.475,
      0.467,
      0.405,
      0.265,
      0.488,
      0.491,
      0.559,
      0.534,
      0.562,
      0.302,
      0.604,
      0.499,
      0.627,
      1.0,
      0.353,
      0.378
    ],
    [
      0.569,
      0.268,
      0.378,
      0.303,
      0.327,
      0.381,
      0.382,
      0.336,
      0.464,
      0.352,
      0.362,
      0.381,
      0.423,
      0.521,
      0.396,
      0.411,
      0.337,
      0.286,
      0.395,
      0.186,
      0.563,
      0.211,
      0.37,
      0.314,
      0.478,
      0.416,
      0.379,
      0.313,
      0.272,
      0.425,
      0.232,
      0.237,
      0.345,
      0.212,
      0.291,
      0.371,
      0.386,
      0.508,
      0.427,
      0.324,
      0.325,
      0.323,
      0.419,
      0.449,
      0.353,
      1.0,
      0.433
    ],
    [
      0.403,
      0.361,
      0.312,
      0.374,
      0.262,
      0.267,
      0.297,
      0.318,
      0.435,
      0.349,
      0.405,
      0.405,
      0.386,
      0.413,
      0.308,
      0.277,
      0.319,
      0.316,
      0.37,
      0.202,
      0.349,
      0.297,
      0.363,
      0.304,
      0.423,
      0.462,
      0.342,
      0.253,
      0.263,
      0.369,
      0.383,
      0.301,
      0.404,
      0.377,
      0.321,
      0.337,
      0.226,
      0.398,
      0.297,
      0.337,
      0.429,
      0.347,
      0.329,
      0.397,
      0.378,
      0.433,
      1.0
    ]
  ]
}