{
  "feeds": [
    "Brazil | Folha de São Paulo",
    "Brazil | O Globo (via Google News)",
    "China | CGTN Politics",
    "China | CGTN World",
    "China | Global Times",
    "China | People's Daily CN",
    "China | Xinhua English",
    "India | Dainik Bhaskar",
    "India | NDTV World",
    "India | The Hindu Intl",
    "India | Times of India",
    "Iran (Opposition / Diaspora) | Iran International EN",
    "Iran (Opposition / Diaspora) | Iran International FA",
    "Iran (Opposition / Diaspora) | RFE/RL (was Radio Farda)",
    "Israel | Haaretz",
    "Israel | Jerusalem Post",
    "Israel | Times of Israel",
    "Israel | Ynet Hebrew",
    "Japan | Japan Times",
    "Japan | NHK Japanese",
    "Nigeria | The Punch",
    "Nigeria | Vanguard",
    "Qatar | Al Jazeera Arabic",
    "Qatar | Al Jazeera English",
    "Russia | Meduza",
    "Russia | Moscow Times",
    "Russia | RT",
    "Russia | TASS English",
    "Saudi Arabia | Al Arabiya English (via Google News)",
    "Saudi Arabia | Arab News (via Google News)",
    "South Korea | Korea Herald (via Google News)",
    "South Korea | Yonhap News",
    "Turkey | Daily Sabah",
    "Turkey | Hurriyet",
    "United Kingdom | BBC World",
    "United Kingdom | The Guardian World",
    "United Kingdom | The Telegraph",
    "United States | CNN World",
    "United States | Fox News World",
    "United States | NPR World",
    "Wire Services (Factual Baseline) | AFP / France 24 EN",
    "Wire Services (Factual Baseline) | AFP / France 24 FR",
    "Wire Services (Factual Baseline) | AP News",
    "Wire Services (Factual Baseline) | Reuters (via Google News)"
  ],
  "matrix": [
    [
      1.0,
      0.356,
      0.594,
      0.514,
      0.247,
      0.383,
      0.507,
      0.338,
      0.586,
      0.67,
      0.329,
      0.578,
      0.668,
      0.727,
      0.596,
      0.638,
      0.603,
      0.675,
      0.487,
      0.564,
      0.443,
      0.652,
      0.497,
      0.72,
      0.428,
      0.469,
      0.663,
      0.502,
      0.528,
      0.461,
      0.29,
      0.323,
      0.738,
      0.31,
      0.487,
      0.427,
      0.347,
      0.242,
      0.608,
      0.715,
      0.719,
      0.656,
      0.627,
      0.675
    ],
    [
      0.356,
      1.0,
      0.259,
      0.447,
      0.115,
      0.302,
      0.348,
      0.268,
      0.262,
      0.342,
      0.185,
      0.254,
      0.349,
      0.206,
      0.255,
      0.277,
      0.241,
      0.366,
      0.282,
      0.331,
      0.414,
      0.386,
      0.272,
      0.183,
      0.417,
      0.352,
      0.282,
      0.332,
      0.398,
      0.296,
      0.4,
      0.321,
      0.285,
      0.355,
      0.169,
      0.352,
      0.311,
      0.213,
      0.26,
      0.294,
      0.262,
      0.236,
      0.332,
      0.303
    ],
    [
      0.594,
      0.259,
      1.0,
      0.575,
      0.556,
      0.491,
      0.569,
      0.429,
      0.451,
      0.584,
      0.305,
      0.606,
      0.656,
      0.634,
      0.604,
      0.556,
      0.609,
      0.6,
      0.508,
      0.59,
      0.425,
      0.611,
      0.599,
      0.585,
      0.329,
      0.379,
      0.546,
      0.455,
      0.536,
      0.545,
      0.397,
      0.417,
      0.618,
      0.271,
      0.441,
      0.351,
      0.277,
      0.258,
      0.594,
      0.626,
      0.542,
      0.561,
      0.562,
      0.581
    ],
    [
      0.514,
      0.447,
      0.575,
      1.0,
      0.474,
      0.583,
      0.498,
      0.492,
      0.379,
      0.41,
      0.352,
      0.367,
      0.492,
      0.428,
      0.401,
      0.389,
      0.354,
      0.417,
      0.521,
      0.409,
      0.417,
      0.511,
      0.349,
      0.362,
      0.328,
      0.354,
      0.389,
      0.356,
      0.4,
      0.416,
      0.46,
      0.379,
      0.398,
      0.24,
      0.224,
      0.379,
      0.3,
      0.285,
      0.384,
      0.477,
      0.356,
      0.327,
      0.417,
      0.381
    ],
    [
      0.247,
      0.115,
      0.556,
      0.474,
      1.0,
      0.538,
      0.232,
      0.314,
      0.24,
      0.287,
      0.291,
      0.26,
      0.253,
      0.241,
      0.154,
      0.139,
      0.221,
      0.219,
      0.386,
      0.353,
      0.194,
      0.286,
      0.152,
      0.206,
      0.098,
      0.114,
      0.174,
      0.146,
      0.098,
      0.169,
      0.266,
      0.318,
      0.215,
      0.061,
      0.236,
      0.16,
      0.077,
      0.186,
      0.281,
      0.287,
      0.251,
      0.275,
      0.291,
      0.164
    ],
    [
      0.383,
      0.302,
      0.491,
      0.583,
      0.538,
      1.0,
      0.338,
      0.516,
      0.271,
      0.324,
      0.394,
      0.302,
      0.414,
      0.286,
      0.232,
      0.277,
      0.277,
      0.469,
      0.439,
      0.559,
      0.392,
      0.412,
      0.314,
      0.298,
      0.196,
      0.22,
      0.207,
      0.197,
      0.277,
      0.277,
      0.356,
      0.428,
      0.218,
      0.292,
      0.139,
      0.337,
      0.249,
      0.277,
      0.268,
      0.375,
      0.31,
      0.337,
      0.451,
      0.204
    ],
    [
      0.507,
      0.348,
      0.569,
      0.498,
      0.232,
      0.338,
      1.0,
      0.375,
      0.514,
      0.526,
      0.333,
      0.366,
      0.559,
      0.428,
      0.518,
      0.487,
      0.502,
      0.442,
      0.442,
      0.423,
      0.412,
      0.489,
      0.474,
      0.472,
      0.243,
      0.351,
      0.508,
      0.361,
      0.419,
      0.414,
      0.396,
      0.479,
      0.571,
      0.29,
      0.439,
      0.386,
      0.365,
      0.251,
      0.488,
      0.57,
      0.542,
      0.488,
      0.471,
      0.394
    ],
    [
      0.338,
      0.268,
      0.429,
      0.492,
      0.314,
      0.516,
      0.375,
      1.0,
      0.405,
      0.437,
      0.643,
      0.305,
      0.499,
      0.229,
      0.321,
      0.326,
      0.339,
      0.501,
      0.317,
      0.46,
      0.312,
      0.443,
      0.444,
      0.247,
      0.22,
      0.217,
      0.279,
      0.246,
      0.359,
      0.388,
      0.347,
      0.353,
      0.192,
      0.548,
      0.322,
      0.455,
      0.421,
      0.279,
      0.3,
      0.473,
      0.276,
      0.314,
      0.462,
      0.244
    ],
    [
      0.586,
      0.262,
      0.451,
      0.379,
      0.24,
      0.271,
      0.514,
      0.405,
      1.0,
      0.601,
      0.398,
      0.522,
      0.609,
      0.581,
      0.577,
      0.523,
      0.576,
      0.621,
      0.362,
      0.464,
      0.297,
      0.412,
      0.483,
      0.611,
      0.313,
      0.423,
      0.553,
      0.488,
      0.528,
      0.426,
      0.326,
      0.28,
      0.596,
      0.437,
      0.485,
      0.381,
      0.409,
      0.2,
      0.528,
      0.629,
      0.623,
      0.696,
      0.544,
      0.538
    ],
    [
      0.67,
      0.342,
      0.584,
      0.41,
      0.287,
      0.324,
      0.526,
      0.437,
      0.601,
      1.0,
      0.377,
      0.635,
      0.724,
      0.581,
      0.683,
      0.573,
      0.661,
      0.653,
      0.466,
      0.545,
      0.431,
      0.551,
      0.66,
      0.646,
      0.392,
      0.457,
      0.645,
      0.416,
      0.581,
      0.529,
      0.357,
      0.351,
      0.652,
      0.513,
      0.59,
      0.505,
      0.473,
      0.189,
      0.647,
      0.704,
      0.619,
      0.61,
      0.602,
      0.594
    ],
    [
      0.329,
      0.185,
      0.305,
      0.352,
      0.291,
      0.394,
      0.333,
      0.643,
      0.398,
      0.377,
      1.0,
      0.307,
      0.471,
      0.248,
      0.273,
      0.27,
      0.354,
      0.441,
      0.43,
      0.387,
      0.298,
      0.444,
      0.329,
      0.304,
      0.18,
      0.189,
      0.228,
      0.205,
      0.332,
      0.298,
      0.182,
      0.288,
      0.269,
      0.395,
      0.371,
      0.345,
      0.235,
      0.201,
      0.319,
      0.395,
      0.302,
      0.334,
      0.432,
      0.232
    ],
    [
      0.578,
      0.254,
      0.606,
      0.367,
      0.26,
      0.302,
      0.366,
      0.305,
      0.522,
      0.635,
      0.307,
      1.0,
      0.716,
      0.709,
      0.698,
      0.623,
      0.656,
      0.685,
      0.492,
      0.531,
      0.38,
      0.494,
      0.708,
      0.717,
      0.436,
      0.463,
      0.684,
      0.496,
      0.634,
      0.604,
      0.261,
      0.177,
      0.658,
      0.414,
      0.449,
      0.417,
      0.332,
      0.249,
      0.698,
      0.715,
      0.545,
      0.611,
      0.485,
      0.565
    ],
    [
      0.668,
      0.349,
      0.656,
      0.492,
      0.253,
      0.414,
      0.559,
      0.499,
      0.609,
      0.724,
      0.471,
      0.716,
      1.0,
      0.708,
      0.714,
      0.68,
      0.708,
      0.797,
      0.566,
      0.599,
      0.522,
      0.661,
      0.764,
      0.741,
      0.39,
      0.481,
      0.651,
      0.529,
      0.747,
      0.692,
      0.361,
      0.388,
      0.73,
      0.477,
      0.513,
      0.443,
      0.353,
      0.142,
      0.704,
      0.759,
      0.612,
      0.623,
      0.626,
      0.577
    ],
    [
      0.727,
      0.206,
      0.634,
      0.428,
      0.241,
      0.286,
      0.428,
      0.229,
      0.581,
      0.581,
      0.248,
      0.709,
      0.708,
      1.0,
      0.666,
      0.606,
      0.631,
      0.709,
      0.506,
      0.472,
      0.428,
      0.603,
      0.58,
      0.834,
      0.436,
      0.546,
      0.706,
      0.619,
      0.639,
      0.633,
      0.299,
      0.297,
      0.838,
      0.235,
      0.404,
      0.265,
      0.175,
      0.148,
      0.662,
      0.728,
      0.701,
      0.676,
      0.59,
      0.719
    ],
    [
      0.596,
      0.255,
      0.604,
      0.401,
      0.154,
      0.232,
      0.518,
      0.321,
      0.577,
      0.683,
      0.273,
      0.698,
      0.714,
      0.666,
      1.0,
      0.76,
      0.767,
      0.667,
      0.569,
      0.516,
      0.398,
      0.466,
      0.747,
      0.717,
      0.393,
      0.448,
      0.677,
      0.466,
      0.687,
      0.595,
      0.318,
      0.254,
      0.646,
      0.394,
      0.428,
      0.368,
      0.41,
      0.179,
      0.706,
      0.709,
      0.536,
      0.596,
      0.489,
      0.534
    ],
    [
      0.638,
      0.277,
      0.556,
      0.389,
      0.139,
      0.277,
      0.487,
      0.326,
      0.523,
      0.573,
      0.27,
      0.623,
      0.68,
      0.606,
      0.76,
      1.0,
      0.785,
      0.708,
      0.487,
      0.468,
      0.44,
      0.464,
      0.713,
      0.686,
      0.335,
      0.343,
      0.6,
      0.379,
      0.681,
      0.562,
      0.26,
      0.249,
      0.619,
      0.371,
      0.488,
      0.41,
      0.366,
      0.197,
      0.674,
      0.688,
      0.525,
      0.579,
      0.469,
      0.508
    ],
    [
      0.603,
      0.241,
      0.609,
      0.354,
      0.221,
      0.277,
      0.502,
      0.339,
      0.576,
      0.661,
      0.354,
      0.656,
      0.708,
      0.631,
      0.767,
      0.785,
      1.0,
      0.698,
      0.513,
      0.524,
      0.473,
      0.55,
      0.746,
      0.704,
      0.309,
      0.36,
      0.599,
      0.387,
      0.703,
      0.58,
      0.197,
      0.219,
      0.649,
      0.37,
      0.53,
      0.422,
      0.411,
      0.209,
      0.739,
      0.724,
      0.673,
      0.72,
      0.49,
      0.541
    ],
    [
      0.675,
      0.366,
      0.6,
      0.417,
      0.219,
      0.469,
      0.442,
      0.501,
      0.621,
      0.653,
      0.441,
      0.685,
      0.797,
      0.709,
      0.667,
      0.708,
      0.698,
      1.0,
      0.476,
      0.662,
      0.478,
      0.622,
      0.726,
      0.76,
      0.392,
      0.43,
      0.589,
      0.475,
      0.708,
      0.598,
      0.379,
      0.395,
      0.661,
      0.545,
      0.513,
      0.468,
      0.405,
      0.258,
      0.637,
      0.733,
      0.627,
      0.7,
      0.65,
      0.68
    ],
    [
      0.487,
      0.282,
      0.508,
      0.521,
      0.386,
      0.439,
      0.442,
      0.317,
      0.362,
      0.466,
      0.43,
      0.492,
      0.566,
      0.506,
      0.569,
      0.487,
      0.513,
      0.476,
      1.0,
      0.528,
      0.408,
      0.504,
      0.459,
      0.472,
      0.388,
      0.423,
      0.425,
      0.381,
      0.447,
      0.423,
      0.36,
      0.395,
      0.47,
      0.244,
      0.398,
      0.214,
      0.291,
      0.373,
      0.495,
      0.502,
      0.378,
      0.408,
      0.481,
      0.413
    ],
    [
      0.564,
      0.331,
      0.59,
      0.409,
      0.353,
      0.559,
      0.423,
      0.46,
      0.464,
      0.545,
      0.387,
      0.531,
      0.599,
      0.472,
      0.516,
      0.468,
      0.524,
      0.662,
      0.528,
      1.0,
      0.436,
      0.58,
      0.514,
      0.552,
      0.308,
      0.271,
      0.464,
      0.367,
      0.44,
      0.399,
      0.285,
      0.396,
      0.462,
      0.428,
      0.412,
      0.382,
      0.451,
      0.419,
      0.531,
      0.603,
      0.53,
      0.544,
      0.583,
      0.529
    ],
    [
      0.443,
      0.414,
      0.425,
      0.417,
      0.194,
      0.392,
      0.412,
      0.312,
      0.297,
      0.431,
      0.298,
      0.38,
      0.522,
      0.428,
      0.398,
      0.44,
      0.473,
      0.478,
      0.408,
      0.436,
      1.0,
      0.624,
      0.478,
      0.458,
      0.264,
      0.316,
      0.386,
      0.383,
      0.507,
      0.44,
      0.251,
      0.295,
      0.464,
      0.291,
      0.276,
      0.49,
      0.317,
      0.153,
      0.561,
      0.518,
      0.491,
      0.434,
      0.436,
      0.449
    ],
    [
      0.652,
      0.386,
      0.611,
      0.511,
      0.286,
      0.412,
      0.489,
      0.443,
      0.412,
      0.551,
      0.444,
      0.494,
      0.661,
      0.603,
      0.466,
      0.464,
      0.55,
      0.622,
      0.504,
      0.58,
      0.624,
      1.0,
      0.546,
      0.524,
      0.331,
      0.377,
      0.457,
      0.494,
      0.535,
      0.523,
      0.348,
      0.357,
      0.576,
      0.373,
      0.438,
      0.52,
      0.308,
      0.245,
      0.605,
      0.636,
      0.596,
      0.542,
      0.584,
      0.608
    ],
    [
      0.497,
      0.272,
      0.599,
      0.349,
      0.152,
      0.314,
      0.474,
      0.444,
      0.483,
      0.66,
      0.329,
      0.708,
      0.764,
      0.58,
      0.747,
      0.713,
      0.746,
      0.726,
      0.459,
      0.514,
      0.478,
      0.546,
      1.0,
      0.667,
      0.425,
      0.458,
      0.612,
      0.53,
      0.769,
      0.68,
      0.258,
      0.239,
      0.581,
      0.507,
      0.532,
      0.474,
      0.415,
      0.192,
      0.76,
      0.723,
      0.492,
      0.618,
      0.456,
      0.475
    ],
    [
      0.72,
      0.183,
      0.585,
      0.362,
      0.206,
      0.298,
      0.472,
      0.247,
      0.611,
      0.646,
      0.304,
      0.717,
      0.741,
      0.834,
      0.717,
      0.686,
      0.704,
      0.76,
      0.472,
      0.552,
      0.458,
      0.524,
      0.667,
      1.0,
      0.305,
      0.387,
      0.713,
      0.519,
      0.682,
      0.585,
      0.232,
      0.275,
      0.8,
      0.279,
      0.449,
      0.315,
      0.269,
      0.177,
      0.695,
      0.765,
      0.726,
      0.745,
      0.566,
      0.74
    ],
    [
      0.428,
      0.417,
      0.329,
      0.328,
      0.098,
      0.196,
      0.243,
      0.22,
      0.313,
      0.392,
      0.18,
      0.436,
      0.39,
      0.436,
      0.393,
      0.335,
      0.309,
      0.392,
      0.388,
      0.308,
      0.264,
      0.331,
      0.425,
      0.305,
      1.0,
      0.808,
      0.442,
      0.58,
      0.358,
      0.341,
      0.311,
      0.233,
      0.44,
      0.439,
      0.332,
      0.341,
      0.29,
      0.148,
      0.492,
      0.355,
      0.387,
      0.343,
      0.348,
      0.282
    ],
    [
      0.469,
      0.352,
      0.379,
      0.354,
      0.114,
      0.22,
      0.351,
      0.217,
      0.423,
      0.457,
      0.189,
      0.463,
      0.481,
      0.546,
      0.448,
      0.343,
      0.36,
      0.43,
      0.423,
      0.271,
      0.316,
      0.377,
      0.458,
      0.387,
      0.808,
      1.0,
      0.535,
      0.69,
      0.422,
      0.423,
      0.349,
      0.237,
      0.554,
      0.374,
      0.375,
      0.272,
      0.268,
      0.203,
      0.528,
      0.398,
      0.406,
      0.427,
      0.384,
      0.337
    ],
    [
      0.663,
      0.282,
      0.546,
      0.389,
      0.174,
      0.207,
      0.508,
      0.279,
      0.553,
      0.645,
      0.228,
      0.684,
      0.651,
      0.706,
      0.677,
      0.6,
      0.599,
      0.589,
      0.425,
      0.464,
      0.386,
      0.457,
      0.612,
      0.713,
      0.442,
      0.535,
      1.0,
      0.58,
      0.615,
      0.551,
      0.293,
      0.213,
      0.731,
      0.278,
      0.428,
      0.316,
      0.436,
      0.19,
      0.665,
      0.613,
      0.635,
      0.651,
      0.455,
      0.592
    ],
    [
      0.502,
      0.332,
      0.455,
      0.356,
      0.146,
      0.197,
      0.361,
      0.246,
      0.488,
      0.416,
      0.205,
      0.496,
      0.529,
      0.619,
      0.466,
      0.379,
      0.387,
      0.475,
      0.381,
      0.367,
      0.383,
      0.494,
      0.53,
      0.519,
      0.58,
      0.69,
      0.58,
      1.0,
      0.528,
      0.493,
      0.227,
      0.176,
      0.563,
      0.32,
      0.351,
      0.27,
      0.195,
      0.227,
      0.555,
      0.493,
      0.495,
      0.514,
      0.516,
      0.536
    ],
    [
      0.528,
      0.398,
      0.536,
      0.4,
      0.098,
      0.277,
      0.419,
      0.359,
      0.528,
      0.581,
      0.332,
      0.634,
      0.747,
      0.639,
      0.687,
      0.681,
      0.703,
      0.708,
      0.447,
      0.44,
      0.507,
      0.535,
      0.769,
      0.682,
      0.358,
      0.422,
      0.615,
      0.528,
      1.0,
      0.799,
      0.41,
      0.317,
      0.645,
      0.403,
      0.392,
      0.337,
      0.369,
      0.117,
      0.622,
      0.651,
      0.48,
      0.588,
      0.461,
      0.602
    ],
    [
      0.461,
      0.296,
      0.545,
      0.416,
      0.169,
      0.277,
      0.414,
      0.388,
      0.426,
      0.529,
      0.298,
      0.604,
      0.692,
      0.633,
      0.595,
      0.562,
      0.58,
      0.598,
      0.423,
      0.399,
      0.44,
      0.523,
      0.68,
      0.585,
      0.341,
      0.423,
      0.551,
      0.493,
      0.799,
      1.0,
      0.459,
      0.377,
      0.6,
      0.352,
      0.339,
      0.33,
      0.347,
      0.204,
      0.589,
      0.625,
      0.378,
      0.422,
      0.484,
      0.523
    ],
    [
      0.29,
      0.4,
      0.397,
      0.46,
      0.266,
      0.356,
      0.396,
      0.347,
      0.326,
      0.357,
      0.182,
      0.261,
      0.361,
      0.299,
      0.318,
      0.26,
      0.197,
      0.379,
      0.36,
      0.285,
      0.251,
      0.348,
      0.258,
      0.232,
      0.311,
      0.349,
      0.293,
      0.227,
      0.41,
      0.459,
      1.0,
      0.758,
      0.293,
      0.276,
      0.168,
      0.181,
      0.279,
      0.246,
      0.221,
      0.316,
      0.197,
      0.247,
      0.37,
      0.347
    ],
    [
      0.323,
      0.321,
      0.417,
      0.379,
      0.318,
      0.428,
      0.479,
      0.353,
      0.28,
      0.351,
      0.288,
      0.177,
      0.388,
      0.297,
      0.254,
      0.249,
      0.219,
      0.395,
      0.395,
      0.396,
      0.295,
      0.357,
      0.239,
      0.275,
      0.233,
      0.237,
      0.213,
      0.176,
      0.317,
      0.377,
      0.758,
      1.0,
      0.313,
      0.182,
      0.136,
      0.173,
      0.163,
      0.231,
      0.192,
      0.345,
      0.234,
      0.237,
      0.482,
      0.31
    ],
    [
      0.738,
      0.285,
      0.618,
      0.398,
      0.215,
      0.218,
      0.571,
      0.192,
      0.596,
      0.652,
      0.269,
      0.658,
      0.73,
      0.838,
      0.646,
      0.619,
      0.649,
      0.661,
      0.47,
      0.462,
      0.464,
      0.576,
      0.581,
      0.8,
      0.44,
      0.554,
      0.731,
      0.563,
      0.645,
      0.6,
      0.293,
      0.313,
      1.0,
      0.284,
      0.56,
      0.305,
      0.227,
      0.107,
      0.7,
      0.721,
      0.727,
      0.705,
      0.545,
      0.679
    ],
    [
      0.31,
      0.355,
      0.271,
      0.24,
      0.061,
      0.292,
      0.29,
      0.548,
      0.437,
      0.513,
      0.395,
      0.414,
      0.477,
      0.235,
      0.394,
      0.371,
      0.37,
      0.545,
      0.244,
      0.428,
      0.291,
      0.373,
      0.507,
      0.279,
      0.439,
      0.374,
      0.278,
      0.32,
      0.403,
      0.352,
      0.276,
      0.182,
      0.284,
      1.0,
      0.538,
      0.54,
      0.479,
      0.19,
      0.414,
      0.45,
      0.307,
      0.34,
      0.462,
      0.258
    ],
    [
      0.487,
      0.169,
      0.441,
      0.224,
      0.236,
      0.139,
      0.439,
      0.322,
      0.485,
      0.59,
      0.371,
      0.449,
      0.513,
      0.404,
      0.428,
      0.488,
      0.53,
      0.513,
      0.398,
      0.412,
      0.276,
      0.438,
      0.532,
      0.449,
      0.332,
      0.375,
      0.428,
      0.351,
      0.392,
      0.339,
      0.168,
      0.136,
      0.56,
      0.538,
      1.0,
      0.413,
      0.384,
      0.23,
      0.552,
      0.529,
      0.518,
      0.544,
      0.448,
      0.406
    ],
    [
      0.427,
      0.352,
      0.351,
      0.379,
      0.16,
      0.337,
      0.386,
      0.455,
      0.381,
      0.505,
      0.345,
      0.417,
      0.443,
      0.265,
      0.368,
      0.41,
      0.422,
      0.468,
      0.214,
      0.382,
      0.49,
      0.52,
      0.474,
      0.315,
      0.341,
      0.272,
      0.316,
      0.27,
      0.337,
      0.33,
      0.181,
      0.173,
      0.305,
      0.54,
      0.413,
      1.0,
      0.459,
      0.195,
      0.483,
      0.509,
      0.393,
      0.343,
      0.409,
      0.275
    ],
    [
      0.347,
      0.311,
      0.277,
      0.3,
      0.077,
      0.249,
      0.365,
      0.421,
      0.409,
      0.473,
      0.235,
      0.332,
      0.353,
      0.175,
      0.41,
      0.366,
      0.411,
      0.405,
      0.291,
      0.451,
      0.317,
      0.308,
      0.415,
      0.269,
      0.29,
      0.268,
      0.436,
      0.195,
      0.369,
      0.347,
      0.279,
      0.163,
      0.227,
      0.479,
      0.384,
      0.459,
      1.0,
      0.296,
      0.431,
      0.457,
      0.321,
      0.326,
      0.389,
      0.27
    ],
    [
      0.242,
      0.213,
      0.258,
      0.285,
      0.186,
      0.277,
      0.251,
      0.279,
      0.2,
      0.189,
      0.201,
      0.249,
      0.142,
      0.148,
      0.179,
      0.197,
      0.209,
      0.258,
      0.373,
      0.419,
      0.153,
      0.245,
      0.192,
      0.177,
      0.148,
      0.203,
      0.19,
      0.227,
      0.117,
      0.204,
      0.246,
      0.231,
      0.107,
      0.19,
      0.23,
      0.195,
      0.296,
      1.0,
      0.183,
      0.226,
      0.148,
      0.198,
      0.269,
      0.287
    ],
    [
      0.608,
      0.26,
      0.594,
      0.384,
      0.281,
      0.268,
      0.488,
      0.3,
      0.528,
      0.647,
      0.319,
      0.698,
      0.704,
      0.662,
      0.706,
      0.674,
      0.739,
      0.637,
      0.495,
      0.531,
      0.561,
      0.605,
      0.76,
      0.695,
      0.492,
      0.528,
      0.665,
      0.555,
      0.622,
      0.589,
      0.221,
      0.192,
      0.7,
      0.414,
      0.552,
      0.483,
      0.431,
      0.183,
      1.0,
      0.682,
      0.606,
      0.602,
      0.476,
      0.521
    ],
    [
      0.715,
      0.294,
      0.626,
      0.477,
      0.287,
      0.375,
      0.57,
      0.473,
      0.629,
      0.704,
      0.395,
      0.715,
      0.759,
      0.728,
      0.709,
      0.688,
      0.724,
      0.733,
      0.502,
      0.603,
      0.518,
      0.636,
      0.723,
      0.765,
      0.355,
      0.398,
      0.613,
      0.493,
      0.651,
      0.625,
      0.316,
      0.345,
      0.721,
      0.45,
      0.529,
      0.509,
      0.457,
      0.226,
      0.682,
      1.0,
      0.702,
      0.671,
      0.64,
      0.628
    ],
    [
      0.719,
      0.262,
      0.542,
      0.356,
      0.251,
      0.31,
      0.542,
      0.276,
      0.623,
      0.619,
      0.302,
      0.545,
      0.612,
      0.701,
      0.536,
      0.525,
      0.673,
      0.627,
      0.378,
      0.53,
      0.491,
      0.596,
      0.492,
      0.726,
      0.387,
      0.406,
      0.635,
      0.495,
      0.48,
      0.378,
      0.197,
      0.234,
      0.727,
      0.307,
      0.518,
      0.393,
      0.321,
      0.148,
      0.606,
      0.702,
      1.0,
      0.843,
      0.574,
      0.668
    ],
    [
      0.656,
      0.236,
      0.561,
      0.327,
      0.275,
      0.337,
      0.488,
      0.314,
      0.696,
      0.61,
      0.334,
      0.611,
      0.623,
      0.676,
      0.596,
      0.579,
      0.72,
      0.7,
      0.408,
      0.544,
      0.434,
      0.542,
      0.618,
      0.745,
      0.343,
      0.427,
      0.651,
      0.514,
      0.588,
      0.422,
      0.247,
      0.237,
      0.705,
      0.34,
      0.544,
      0.343,
      0.326,
      0.198,
      0.602,
      0.671,
      0.843,
      1.0,
      0.556,
      0.649
    ],
    [
      0.627,
      0.332,
      0.562,
      0.417,
      0.291,
      0.451,
      0.471,
      0.462,
      0.544,
      0.602,
      0.432,
      0.485,
      0.626,
      0.59,
      0.489,
      0.469,
      0.49,
      0.65,
      0.481,
      0.583,
      0.436,
      0.584,
      0.456,
      0.566,
      0.348,
      0.384,
      0.455,
      0.516,
      0.461,
      0.484,
      0.37,
      0.482,
      0.545,
      0.462,
      0.448,
      0.409,
      0.389,
      0.269,
      0.476,
      0.64,
      0.574,
      0.556,
      1.0,
      0.581
    ],
    [
      0.675,
      0.303,
      0.581,
      0.381,
      0.164,
      0.204,
      0.394,
      0.244,
      0.538,
      0.594,
      0.232,
      0.565,
      0.577,
      0.719,
      0.534,
      0.508,
      0.541,
      0.68,
      0.413,
      0.529,
      0.449,
      0.608,
      0.475,
      0.74,
      0.282,
      0.337,
      0.592,
      0.536,
      0.602,
      0.523,
      0.347,
      0.31,
      0.679,
      0.258,
      0.406,
      0.275,
      0.27,
      0.287,
      0.521,
      0.628,
      0.668,
      0.649,
      0.581,
      1.0
    ]
  ]
}