{
  "feeds": [
    "Brazil | Folha de São Paulo",
    "Brazil | O Globo (via Google News)",
    "China | CGTN Politics",
    "China | CGTN World",
    "China | Global Times",
    "China | People's Daily CN",
    "China | Xinhua English",
    "India | Dainik Bhaskar",
    "India | NDTV World",
    "India | The Hindu Intl",
    "India | Times of India",
    "Iran (Opposition / Diaspora) | Iran International EN",
    "Iran (Opposition / Diaspora) | Iran International FA",
    "Iran (Opposition / Diaspora) | RFE/RL (was Radio Farda)",
    "Israel | Haaretz",
    "Israel | Jerusalem Post",
    "Israel | Times of Israel",
    "Israel | Ynet Hebrew",
    "Japan | Japan Times",
    "Japan | NHK Japanese",
    "Nigeria | The Punch",
    "Nigeria | Vanguard",
    "Qatar | Al Jazeera Arabic",
    "Qatar | Al Jazeera English",
    "Russia | Meduza",
    "Russia | Moscow Times",
    "Russia | TASS English",
    "Saudi Arabia | Al Arabiya English (via Google News)",
    "Saudi Arabia | Arab News (via Google News)",
    "South Korea | Korea Herald (via Google News)",
    "South Korea | Yonhap News",
    "Turkey | Daily Sabah",
    "Turkey | Hurriyet",
    "United Kingdom | BBC World",
    "United Kingdom | The Guardian World",
    "United Kingdom | The Telegraph",
    "United States | CNN World",
    "United States | Fox News World",
    "United States | NPR World",
    "Wire Services (Factual Baseline) | AFP / France 24 EN",
    "Wire Services (Factual Baseline) | AFP / France 24 FR",
    "Wire Services (Factual Baseline) | AP News",
    "Wire Services (Factual Baseline) | Reuters (via Google News)"
  ],
  "matrix": [
    [
      1.0,
      0.422,
      0.741,
      0.667,
      0.309,
      0.403,
      0.521,
      0.418,
      0.786,
      0.75,
      0.622,
      0.652,
      0.787,
      0.718,
      0.619,
      0.737,
      0.719,
      0.759,
      0.399,
      0.625,
      0.319,
      0.26,
      0.762,
      0.738,
      0.407,
      0.495,
      0.361,
      0.587,
      0.643,
      0.263,
      0.355,
      0.705,
      0.364,
      0.466,
      0.338,
      0.332,
      0.192,
      0.724,
      0.81,
      0.598,
      0.669,
      0.415,
      0.436
    ],
    [
      0.422,
      1.0,
      0.336,
      0.267,
      0.167,
      0.334,
      0.308,
      0.472,
      0.264,
      0.298,
      0.322,
      0.252,
      0.35,
      0.298,
      0.161,
      0.225,
      0.21,
      0.412,
      0.256,
      0.416,
      0.404,
      0.363,
      0.363,
      0.259,
      0.357,
      0.258,
      0.205,
      0.31,
      0.241,
      0.364,
      0.357,
      0.174,
      0.385,
      0.292,
      0.448,
      0.31,
      0.203,
      0.283,
      0.361,
      0.245,
      0.414,
      0.204,
      0.281
    ],
    [
      0.741,
      0.336,
      1.0,
      0.742,
      0.419,
      0.516,
      0.553,
      0.312,
      0.71,
      0.714,
      0.595,
      0.708,
      0.685,
      0.754,
      0.545,
      0.652,
      0.664,
      0.614,
      0.447,
      0.555,
      0.296,
      0.275,
      0.699,
      0.693,
      0.461,
      0.52,
      0.502,
      0.557,
      0.634,
      0.309,
      0.406,
      0.596,
      0.254,
      0.383,
      0.206,
      0.297,
      0.273,
      0.712,
      0.732,
      0.517,
      0.575,
      0.337,
      0.504
    ],
    [
      0.667,
      0.267,
      0.742,
      1.0,
      0.383,
      0.499,
      0.457,
      0.225,
      0.653,
      0.664,
      0.541,
      0.59,
      0.635,
      0.658,
      0.578,
      0.653,
      0.694,
      0.617,
      0.39,
      0.523,
      0.3,
      0.262,
      0.734,
      0.707,
      0.401,
      0.45,
      0.441,
      0.584,
      0.673,
      0.285,
      0.272,
      0.637,
      0.281,
      0.28,
      0.273,
      0.271,
      0.235,
      0.654,
      0.622,
      0.508,
      0.583,
      0.275,
      0.423
    ],
    [
      0.309,
      0.167,
      0.419,
      0.383,
      1.0,
      0.531,
      0.203,
      0.244,
      0.219,
      0.192,
      0.327,
      0.202,
      0.235,
      0.245,
      0.148,
      0.221,
      0.188,
      0.156,
      0.271,
      0.353,
      0.255,
      0.274,
      0.212,
      0.15,
      0.163,
      0.204,
      0.219,
      0.074,
      0.209,
      0.197,
      0.306,
      0.129,
      0.121,
      0.201,
      0.135,
      0.057,
      0.195,
      0.24,
      0.289,
      0.169,
      0.154,
      0.18,
      0.111
    ],
    [
      0.403,
      0.334,
      0.516,
      0.499,
      0.531,
      1.0,
      0.338,
      0.484,
      0.274,
      0.297,
      0.39,
      0.256,
      0.425,
      0.341,
      0.24,
      0.316,
      0.267,
      0.418,
      0.401,
      0.465,
      0.407,
      0.421,
      0.315,
      0.305,
      0.344,
      0.303,
      0.297,
      0.286,
      0.271,
      0.301,
      0.38,
      0.136,
      0.332,
      0.262,
      0.253,
      0.249,
      0.277,
      0.301,
      0.316,
      0.401,
      0.39,
      0.282,
      0.173
    ],
    [
      0.521,
      0.308,
      0.553,
      0.457,
      0.203,
      0.338,
      1.0,
      0.349,
      0.509,
      0.494,
      0.37,
      0.509,
      0.58,
      0.51,
      0.5,
      0.496,
      0.528,
      0.443,
      0.347,
      0.485,
      0.357,
      0.352,
      0.473,
      0.473,
      0.331,
      0.454,
      0.308,
      0.459,
      0.426,
      0.38,
      0.461,
      0.49,
      0.442,
      0.348,
      0.358,
      0.365,
      0.251,
      0.46,
      0.47,
      0.455,
      0.519,
      0.42,
      0.358
    ],
    [
      0.418,
      0.472,
      0.312,
      0.225,
      0.244,
      0.484,
      0.349,
      1.0,
      0.313,
      0.383,
      0.535,
      0.296,
      0.48,
      0.27,
      0.308,
      0.313,
      0.303,
      0.494,
      0.354,
      0.534,
      0.481,
      0.527,
      0.302,
      0.309,
      0.248,
      0.231,
      0.179,
      0.407,
      0.248,
      0.293,
      0.392,
      0.232,
      0.472,
      0.352,
      0.388,
      0.293,
      0.17,
      0.277,
      0.336,
      0.425,
      0.377,
      0.404,
      0.242
    ],
    [
      0.786,
      0.264,
      0.71,
      0.653,
      0.219,
      0.274,
      0.509,
      0.313,
      1.0,
      0.817,
      0.614,
      0.737,
      0.749,
      0.785,
      0.622,
      0.722,
      0.813,
      0.671,
      0.351,
      0.512,
      0.232,
      0.192,
      0.793,
      0.811,
      0.395,
      0.558,
      0.442,
      0.667,
      0.69,
      0.14,
      0.307,
      0.773,
      0.333,
      0.326,
      0.261,
      0.267,
      0.205,
      0.789,
      0.796,
      0.507,
      0.649,
      0.339,
      0.568
    ],
    [
      0.75,
      0.298,
      0.714,
      0.664,
      0.192,
      0.297,
      0.494,
      0.383,
      0.817,
      1.0,
      0.628,
      0.774,
      0.812,
      0.725,
      0.656,
      0.722,
      0.78,
      0.702,
      0.368,
      0.589,
      0.269,
      0.248,
      0.789,
      0.815,
      0.412,
      0.505,
      0.441,
      0.692,
      0.723,
      0.258,
      0.345,
      0.772,
      0.367,
      0.394,
      0.285,
      0.366,
      0.189,
      0.78,
      0.762,
      0.532,
      0.566,
      0.401,
      0.545
    ],
    [
      0.622,
      0.322,
      0.595,
      0.541,
      0.327,
      0.39,
      0.37,
      0.535,
      0.614,
      0.628,
      1.0,
      0.533,
      0.633,
      0.588,
      0.445,
      0.511,
      0.545,
      0.611,
      0.455,
      0.491,
      0.376,
      0.306,
      0.641,
      0.607,
      0.365,
      0.343,
      0.332,
      0.49,
      0.497,
      0.29,
      0.352,
      0.465,
      0.405,
      0.368,
      0.292,
      0.297,
      0.276,
      0.537,
      0.549,
      0.568,
      0.528,
      0.347,
      0.479
    ],
    [
      0.652,
      0.252,
      0.708,
      0.59,
      0.202,
      0.256,
      0.509,
      0.296,
      0.737,
      0.774,
      0.533,
      1.0,
      0.779,
      0.787,
      0.625,
      0.691,
      0.762,
      0.655,
      0.349,
      0.505,
      0.322,
      0.264,
      0.79,
      0.751,
      0.501,
      0.542,
      0.533,
      0.691,
      0.644,
      0.31,
      0.36,
      0.704,
      0.401,
      0.382,
      0.188,
      0.36,
      0.178,
      0.794,
      0.7,
      0.535,
      0.575,
      0.407,
      0.468
    ],
    [
      0.787,
      0.35,
      0.685,
      0.635,
      0.235,
      0.425,
      0.58,
      0.48,
      0.749,
      0.812,
      0.633,
      0.779,
      1.0,
      0.702,
      0.739,
      0.816,
      0.804,
      0.806,
      0.437,
      0.643,
      0.367,
      0.313,
      0.794,
      0.734,
      0.512,
      0.519,
      0.417,
      0.764,
      0.726,
      0.361,
      0.392,
      0.703,
      0.551,
      0.452,
      0.362,
      0.462,
      0.221,
      0.761,
      0.703,
      0.649,
      0.641,
      0.515,
      0.465
    ],
    [
      0.718,
      0.298,
      0.754,
      0.658,
      0.245,
      0.341,
      0.51,
      0.27,
      0.785,
      0.725,
      0.588,
      0.787,
      0.702,
      1.0,
      0.509,
      0.585,
      0.665,
      0.575,
      0.422,
      0.503,
      0.271,
      0.176,
      0.775,
      0.721,
      0.656,
      0.756,
      0.696,
      0.594,
      0.645,
      0.252,
      0.35,
      0.642,
      0.388,
      0.309,
      0.245,
      0.301,
      0.238,
      0.765,
      0.74,
      0.516,
      0.695,
      0.426,
      0.544
    ],
    [
      0.619,
      0.161,
      0.545,
      0.578,
      0.148,
      0.24,
      0.5,
      0.308,
      0.622,
      0.656,
      0.445,
      0.625,
      0.739,
      0.509,
      1.0,
      0.845,
      0.839,
      0.708,
      0.38,
      0.483,
      0.247,
      0.221,
      0.692,
      0.632,
      0.334,
      0.37,
      0.303,
      0.62,
      0.611,
      0.181,
      0.271,
      0.794,
      0.395,
      0.344,
      0.23,
      0.363,
      0.163,
      0.602,
      0.554,
      0.603,
      0.547,
      0.334,
      0.253
    ],
    [
      0.737,
      0.225,
      0.652,
      0.653,
      0.221,
      0.316,
      0.496,
      0.313,
      0.722,
      0.722,
      0.511,
      0.691,
      0.816,
      0.585,
      0.845,
      1.0,
      0.863,
      0.79,
      0.387,
      0.556,
      0.239,
      0.217,
      0.734,
      0.732,
      0.363,
      0.38,
      0.308,
      0.705,
      0.697,
      0.235,
      0.277,
      0.798,
      0.336,
      0.333,
      0.242,
      0.391,
      0.206,
      0.671,
      0.676,
      0.588,
      0.536,
      0.388,
      0.375
    ],
    [
      0.719,
      0.21,
      0.664,
      0.694,
      0.188,
      0.267,
      0.528,
      0.303,
      0.813,
      0.78,
      0.545,
      0.762,
      0.804,
      0.665,
      0.839,
      0.863,
      1.0,
      0.74,
      0.365,
      0.554,
      0.229,
      0.204,
      0.797,
      0.778,
      0.404,
      0.458,
      0.408,
      0.697,
      0.692,
      0.186,
      0.316,
      0.829,
      0.375,
      0.31,
      0.232,
      0.377,
      0.223,
      0.724,
      0.682,
      0.629,
      0.611,
      0.386,
      0.421
    ],
    [
      0.759,
      0.412,
      0.614,
      0.617,
      0.156,
      0.418,
      0.443,
      0.494,
      0.671,
      0.702,
      0.611,
      0.655,
      0.806,
      0.575,
      0.708,
      0.79,
      0.74,
      1.0,
      0.421,
      0.629,
      0.336,
      0.271,
      0.75,
      0.682,
      0.481,
      0.387,
      0.344,
      0.679,
      0.602,
      0.325,
      0.302,
      0.662,
      0.455,
      0.461,
      0.401,
      0.425,
      0.238,
      0.591,
      0.624,
      0.597,
      0.609,
      0.417,
      0.423
    ],
    [
      0.399,
      0.256,
      0.447,
      0.39,
      0.271,
      0.401,
      0.347,
      0.354,
      0.351,
      0.368,
      0.455,
      0.349,
      0.437,
      0.422,
      0.38,
      0.387,
      0.365,
      0.421,
      1.0,
      0.543,
      0.384,
      0.234,
      0.328,
      0.359,
      0.381,
      0.386,
      0.378,
      0.379,
      0.383,
      0.383,
      0.479,
      0.293,
      0.257,
      0.117,
      0.114,
      0.132,
      0.174,
      0.341,
      0.331,
      0.385,
      0.33,
      0.191,
      0.297
    ],
    [
      0.625,
      0.416,
      0.555,
      0.523,
      0.353,
      0.465,
      0.485,
      0.534,
      0.512,
      0.589,
      0.491,
      0.505,
      0.643,
      0.503,
      0.483,
      0.556,
      0.554,
      0.629,
      0.543,
      1.0,
      0.32,
      0.326,
      0.537,
      0.518,
      0.42,
      0.419,
      0.335,
      0.522,
      0.46,
      0.297,
      0.414,
      0.476,
      0.393,
      0.341,
      0.395,
      0.407,
      0.284,
      0.492,
      0.488,
      0.517,
      0.485,
      0.367,
      0.338
    ],
    [
      0.319,
      0.404,
      0.296,
      0.3,
      0.255,
      0.407,
      0.357,
      0.481,
      0.232,
      0.269,
      0.376,
      0.322,
      0.367,
      0.271,
      0.247,
      0.239,
      0.229,
      0.336,
      0.384,
      0.32,
      1.0,
      0.786,
      0.323,
      0.328,
      0.282,
      0.234,
      0.169,
      0.287,
      0.271,
      0.321,
      0.339,
      0.199,
      0.489,
      0.484,
      0.389,
      0.245,
      0.112,
      0.346,
      0.28,
      0.399,
      0.497,
      0.264,
      0.209
    ],
    [
      0.26,
      0.363,
      0.275,
      0.262,
      0.274,
      0.421,
      0.352,
      0.527,
      0.192,
      0.248,
      0.306,
      0.264,
      0.313,
      0.176,
      0.221,
      0.217,
      0.204,
      0.271,
      0.234,
      0.326,
      0.786,
      1.0,
      0.254,
      0.28,
      0.168,
      0.148,
      0.147,
      0.248,
      0.219,
      0.171,
      0.247,
      0.131,
      0.378,
      0.451,
      0.387,
      0.252,
      0.11,
      0.291,
      0.265,
      0.367,
      0.413,
      0.208,
      0.176
    ],
    [
      0.762,
      0.363,
      0.699,
      0.734,
      0.212,
      0.315,
      0.473,
      0.302,
      0.793,
      0.789,
      0.641,
      0.79,
      0.794,
      0.775,
      0.692,
      0.734,
      0.797,
      0.75,
      0.328,
      0.537,
      0.323,
      0.254,
      1.0,
      0.792,
      0.54,
      0.558,
      0.511,
      0.667,
      0.649,
      0.222,
      0.291,
      0.764,
      0.462,
      0.392,
      0.338,
      0.338,
      0.201,
      0.802,
      0.765,
      0.61,
      0.718,
      0.398,
      0.482
    ],
    [
      0.738,
      0.259,
      0.693,
      0.707,
      0.15,
      0.305,
      0.473,
      0.309,
      0.811,
      0.815,
      0.607,
      0.751,
      0.734,
      0.721,
      0.632,
      0.732,
      0.778,
      0.682,
      0.359,
      0.518,
      0.328,
      0.28,
      0.792,
      1.0,
      0.412,
      0.495,
      0.485,
      0.685,
      0.693,
      0.216,
      0.297,
      0.779,
      0.366,
      0.354,
      0.223,
      0.335,
      0.223,
      0.804,
      0.73,
      0.589,
      0.664,
      0.3,
      0.518
    ],
    [
      0.407,
      0.357,
      0.461,
      0.401,
      0.163,
      0.344,
      0.331,
      0.248,
      0.395,
      0.412,
      0.365,
      0.501,
      0.512,
      0.656,
      0.334,
      0.363,
      0.404,
      0.481,
      0.381,
      0.42,
      0.282,
      0.168,
      0.54,
      0.412,
      1.0,
      0.702,
      0.697,
      0.4,
      0.357,
      0.319,
      0.274,
      0.359,
      0.459,
      0.194,
      0.298,
      0.415,
      0.231,
      0.492,
      0.393,
      0.46,
      0.531,
      0.424,
      0.331
    ],
    [
      0.495,
      0.258,
      0.52,
      0.45,
      0.204,
      0.303,
      0.454,
      0.231,
      0.558,
      0.505,
      0.343,
      0.542,
      0.519,
      0.756,
      0.37,
      0.38,
      0.458,
      0.387,
      0.386,
      0.419,
      0.234,
      0.148,
      0.558,
      0.495,
      0.702,
      1.0,
      0.716,
      0.432,
      0.424,
      0.166,
      0.383,
      0.449,
      0.404,
      0.295,
      0.249,
      0.211,
      0.103,
      0.584,
      0.571,
      0.399,
      0.621,
      0.437,
      0.468
    ],
    [
      0.361,
      0.205,
      0.502,
      0.441,
      0.219,
      0.297,
      0.308,
      0.179,
      0.442,
      0.441,
      0.332,
      0.533,
      0.417,
      0.696,
      0.303,
      0.308,
      0.408,
      0.344,
      0.378,
      0.335,
      0.169,
      0.147,
      0.511,
      0.485,
      0.697,
      0.716,
      1.0,
      0.392,
      0.386,
      0.162,
      0.347,
      0.385,
      0.247,
      0.171,
      0.114,
      0.205,
      0.24,
      0.542,
      0.437,
      0.301,
      0.507,
      0.26,
      0.48
    ],
    [
      0.587,
      0.31,
      0.557,
      0.584,
      0.074,
      0.286,
      0.459,
      0.407,
      0.667,
      0.692,
      0.49,
      0.691,
      0.764,
      0.594,
      0.62,
      0.705,
      0.697,
      0.679,
      0.379,
      0.522,
      0.287,
      0.248,
      0.667,
      0.685,
      0.4,
      0.432,
      0.392,
      1.0,
      0.802,
      0.395,
      0.396,
      0.665,
      0.513,
      0.252,
      0.293,
      0.385,
      0.151,
      0.653,
      0.571,
      0.504,
      0.519,
      0.381,
      0.536
    ],
    [
      0.643,
      0.241,
      0.634,
      0.673,
      0.209,
      0.271,
      0.426,
      0.248,
      0.69,
      0.723,
      0.497,
      0.644,
      0.726,
      0.645,
      0.611,
      0.697,
      0.692,
      0.602,
      0.383,
      0.46,
      0.271,
      0.219,
      0.649,
      0.693,
      0.357,
      0.424,
      0.386,
      0.802,
      1.0,
      0.391,
      0.359,
      0.64,
      0.354,
      0.239,
      0.208,
      0.315,
      0.154,
      0.664,
      0.607,
      0.462,
      0.523,
      0.297,
      0.518
    ],
    [
      0.263,
      0.364,
      0.309,
      0.285,
      0.197,
      0.301,
      0.38,
      0.293,
      0.14,
      0.258,
      0.29,
      0.31,
      0.361,
      0.252,
      0.181,
      0.235,
      0.186,
      0.325,
      0.383,
      0.297,
      0.321,
      0.171,
      0.222,
      0.216,
      0.319,
      0.166,
      0.162,
      0.395,
      0.391,
      1.0,
      0.535,
      0.165,
      0.291,
      0.222,
      0.124,
      0.356,
      0.317,
      0.203,
      0.165,
      0.2,
      0.164,
      0.279,
      0.324
    ],
    [
      0.355,
      0.357,
      0.406,
      0.272,
      0.306,
      0.38,
      0.461,
      0.392,
      0.307,
      0.345,
      0.352,
      0.36,
      0.392,
      0.35,
      0.271,
      0.277,
      0.316,
      0.302,
      0.479,
      0.414,
      0.339,
      0.247,
      0.291,
      0.297,
      0.274,
      0.383,
      0.347,
      0.396,
      0.359,
      0.535,
      1.0,
      0.277,
      0.269,
      0.191,
      0.177,
      0.192,
      0.17,
      0.316,
      0.322,
      0.326,
      0.317,
      0.315,
      0.324
    ],
    [
      0.705,
      0.174,
      0.596,
      0.637,
      0.129,
      0.136,
      0.49,
      0.232,
      0.773,
      0.772,
      0.465,
      0.704,
      0.703,
      0.642,
      0.794,
      0.798,
      0.829,
      0.662,
      0.293,
      0.476,
      0.199,
      0.131,
      0.764,
      0.779,
      0.359,
      0.449,
      0.385,
      0.665,
      0.64,
      0.165,
      0.277,
      1.0,
      0.328,
      0.281,
      0.233,
      0.304,
      0.156,
      0.714,
      0.672,
      0.517,
      0.582,
      0.295,
      0.385
    ],
    [
      0.364,
      0.385,
      0.254,
      0.281,
      0.121,
      0.332,
      0.442,
      0.472,
      0.333,
      0.367,
      0.405,
      0.401,
      0.551,
      0.388,
      0.395,
      0.336,
      0.375,
      0.455,
      0.257,
      0.393,
      0.489,
      0.378,
      0.462,
      0.366,
      0.459,
      0.404,
      0.247,
      0.513,
      0.354,
      0.291,
      0.269,
      0.328,
      1.0,
      0.416,
      0.487,
      0.435,
      0.105,
      0.383,
      0.266,
      0.457,
      0.549,
      0.424,
      0.308
    ],
    [
      0.466,
      0.292,
      0.383,
      0.28,
      0.201,
      0.262,
      0.348,
      0.352,
      0.326,
      0.394,
      0.368,
      0.382,
      0.452,
      0.309,
      0.344,
      0.333,
      0.31,
      0.461,
      0.117,
      0.341,
      0.484,
      0.451,
      0.392,
      0.354,
      0.194,
      0.295,
      0.171,
      0.252,
      0.239,
      0.222,
      0.191,
      0.281,
      0.416,
      1.0,
      0.389,
      0.366,
      0.194,
      0.341,
      0.421,
      0.372,
      0.458,
      0.334,
      0.278
    ],
    [
      0.338,
      0.448,
      0.206,
      0.273,
      0.135,
      0.253,
      0.358,
      0.388,
      0.261,
      0.285,
      0.292,
      0.188,
      0.362,
      0.245,
      0.23,
      0.242,
      0.232,
      0.401,
      0.114,
      0.395,
      0.389,
      0.387,
      0.338,
      0.223,
      0.298,
      0.249,
      0.114,
      0.293,
      0.208,
      0.124,
      0.177,
      0.233,
      0.487,
      0.389,
      1.0,
      0.437,
      0.147,
      0.304,
      0.248,
      0.319,
      0.516,
      0.411,
      0.14
    ],
    [
      0.332,
      0.31,
      0.297,
      0.271,
      0.057,
      0.249,
      0.365,
      0.293,
      0.267,
      0.366,
      0.297,
      0.36,
      0.462,
      0.301,
      0.363,
      0.391,
      0.377,
      0.425,
      0.132,
      0.407,
      0.245,
      0.252,
      0.338,
      0.335,
      0.415,
      0.211,
      0.205,
      0.385,
      0.315,
      0.356,
      0.192,
      0.304,
      0.435,
      0.366,
      0.437,
      1.0,
      0.296,
      0.272,
      0.231,
      0.444,
      0.398,
      0.424,
      0.243
    ],
    [
      0.192,
      0.203,
      0.273,
      0.235,
      0.195,
      0.277,
      0.251,
      0.17,
      0.205,
      0.189,
      0.276,
      0.178,
      0.221,
      0.238,
      0.163,
      0.206,
      0.223,
      0.238,
      0.174,
      0.284,
      0.112,
      0.11,
      0.201,
      0.223,
      0.231,
      0.103,
      0.24,
      0.151,
      0.154,
      0.317,
      0.17,
      0.156,
      0.105,
      0.194,
      0.147,
      0.296,
      1.0,
      0.134,
      0.177,
      0.148,
      0.206,
      0.235,
      0.39
    ],
    [
      0.724,
      0.283,
      0.712,
      0.654,
      0.24,
      0.301,
      0.46,
      0.277,
      0.789,
      0.78,
      0.537,
      0.794,
      0.761,
      0.765,
      0.602,
      0.671,
      0.724,
      0.591,
      0.341,
      0.492,
      0.346,
      0.291,
      0.802,
      0.804,
      0.492,
      0.584,
      0.542,
      0.653,
      0.664,
      0.203,
      0.316,
      0.714,
      0.383,
      0.341,
      0.304,
      0.272,
      0.134,
      1.0,
      0.75,
      0.526,
      0.684,
      0.346,
      0.472
    ],
    [
      0.81,
      0.361,
      0.732,
      0.622,
      0.289,
      0.316,
      0.47,
      0.336,
      0.796,
      0.762,
      0.549,
      0.7,
      0.703,
      0.74,
      0.554,
      0.676,
      0.682,
      0.624,
      0.331,
      0.488,
      0.28,
      0.265,
      0.765,
      0.73,
      0.393,
      0.571,
      0.437,
      0.571,
      0.607,
      0.165,
      0.322,
      0.672,
      0.266,
      0.421,
      0.248,
      0.231,
      0.177,
      0.75,
      1.0,
      0.519,
      0.627,
      0.415,
      0.512
    ],
    [
      0.598,
      0.245,
      0.517,
      0.508,
      0.169,
      0.401,
      0.455,
      0.425,
      0.507,
      0.532,
      0.568,
      0.535,
      0.649,
      0.516,
      0.603,
      0.588,
      0.629,
      0.597,
      0.385,
      0.517,
      0.399,
      0.367,
      0.61,
      0.589,
      0.46,
      0.399,
      0.301,
      0.504,
      0.462,
      0.2,
      0.326,
      0.517,
      0.457,
      0.372,
      0.319,
      0.444,
      0.148,
      0.526,
      0.519,
      1.0,
      0.649,
      0.434,
      0.28
    ],
    [
      0.669,
      0.414,
      0.575,
      0.583,
      0.154,
      0.39,
      0.519,
      0.377,
      0.649,
      0.566,
      0.528,
      0.575,
      0.641,
      0.695,
      0.547,
      0.536,
      0.611,
      0.609,
      0.33,
      0.485,
      0.497,
      0.413,
      0.718,
      0.664,
      0.531,
      0.621,
      0.507,
      0.519,
      0.523,
      0.164,
      0.317,
      0.582,
      0.549,
      0.458,
      0.516,
      0.398,
      0.206,
      0.684,
      0.627,
      0.649,
      1.0,
      0.346,
      0.461
    ],
    [
      0.415,
      0.204,
      0.337,
      0.275,
      0.18,
      0.282,
      0.42,
      0.404,
      0.339,
      0.401,
      0.347,
      0.407,
      0.515,
      0.426,
      0.334,
      0.388,
      0.386,
      0.417,
      0.191,
      0.367,
      0.264,
      0.208,
      0.398,
      0.3,
      0.424,
      0.437,
      0.26,
      0.381,
      0.297,
      0.279,
      0.315,
      0.295,
      0.424,
      0.334,
      0.411,
      0.424,
      0.235,
      0.346,
      0.415,
      0.434,
      0.346,
      1.0,
      0.268
    ],
    [
      0.436,
      0.281,
      0.504,
      0.423,
      0.111,
      0.173,
      0.358,
      0.242,
      0.568,
      0.545,
      0.479,
      0.468,
      0.465,
      0.544,
      0.253,
      0.375,
      0.421,
      0.423,
      0.297,
      0.338,
      0.209,
      0.176,
      0.482,
      0.518,
      0.331,
      0.468,
      0.48,
      0.536,
      0.518,
      0.324,
      0.324,
      0.385,
      0.308,
      0.278,
      0.14,
      0.243,
      0.39,
      0.472,
      0.512,
      0.28,
      0.461,
      0.268,
      1.0
    ]
  ]
}