{
  "feeds": [
    "Brazil | Folha de São Paulo",
    "Brazil | O Globo (via Google News)",
    "China | CGTN Politics",
    "China | CGTN World",
    "China | Global Times",
    "China | People's Daily CN",
    "China | Xinhua English",
    "India | Dainik Bhaskar",
    "India | NDTV World",
    "India | The Hindu Intl",
    "India | Times of India",
    "Iran (Opposition / Diaspora) | Iran International EN",
    "Iran (Opposition / Diaspora) | Iran International FA",
    "Iran (Opposition / Diaspora) | RFE/RL (was Radio Farda)",
    "Israel | Haaretz",
    "Israel | Jerusalem Post",
    "Israel | Times of Israel",
    "Israel | Ynet Hebrew",
    "Japan | Japan Times",
    "Japan | NHK Japanese",
    "Nigeria | Vanguard",
    "Qatar | Al Jazeera Arabic",
    "Qatar | Al Jazeera English",
    "Russia | Meduza",
    "Russia | Moscow Times",
    "Russia | RT",
    "Russia | TASS English",
    "Saudi Arabia | Al Arabiya English (via Google News)",
    "Saudi Arabia | Arab News (via Google News)",
    "South Korea | Korea Herald (via Google News)",
    "South Korea | Yonhap News",
    "Turkey | Daily Sabah",
    "Turkey | Hurriyet",
    "United Kingdom | BBC World",
    "United Kingdom | The Guardian World",
    "United Kingdom | The Telegraph",
    "United States | CNN World",
    "United States | Fox News World",
    "United States | NPR World",
    "Wire Services (Factual Baseline) | AFP / France 24 EN",
    "Wire Services (Factual Baseline) | AFP / France 24 FR",
    "Wire Services (Factual Baseline) | AP News",
    "Wire Services (Factual Baseline) | Reuters (via Google News)"
  ],
  "matrix": [
    [
      1.0,
      0.449,
      0.531,
      0.605,
      0.36,
      0.437,
      0.44,
      0.418,
      0.572,
      0.662,
      0.282,
      0.599,
      0.458,
      0.671,
      0.46,
      0.435,
      0.406,
      0.624,
      0.195,
      0.491,
      0.553,
      0.596,
      0.62,
      0.506,
      0.488,
      0.554,
      0.591,
      0.55,
      0.473,
      0.292,
      0.221,
      0.593,
      0.44,
      0.628,
      0.647,
      0.365,
      0.291,
      0.647,
      0.749,
      0.658,
      0.683,
      0.58,
      0.669
    ],
    [
      0.449,
      1.0,
      0.21,
      0.327,
      0.141,
      0.315,
      0.341,
      0.373,
      0.355,
      0.312,
      0.384,
      0.229,
      0.202,
      0.245,
      0.196,
      0.165,
      0.263,
      0.349,
      0.235,
      0.36,
      0.403,
      0.364,
      0.255,
      0.414,
      0.281,
      0.325,
      0.346,
      0.44,
      0.191,
      0.46,
      0.293,
      0.365,
      0.49,
      0.425,
      0.471,
      0.385,
      0.219,
      0.332,
      0.282,
      0.267,
      0.347,
      0.407,
      0.407
    ],
    [
      0.531,
      0.21,
      1.0,
      0.656,
      0.651,
      0.578,
      0.403,
      0.286,
      0.325,
      0.457,
      0.24,
      0.482,
      0.311,
      0.418,
      0.342,
      0.389,
      0.27,
      0.408,
      0.386,
      0.376,
      0.272,
      0.377,
      0.409,
      0.311,
      0.319,
      0.392,
      0.428,
      0.361,
      0.365,
      0.268,
      0.409,
      0.495,
      0.232,
      0.323,
      0.36,
      0.097,
      0.133,
      0.413,
      0.502,
      0.433,
      0.363,
      0.299,
      0.399
    ],
    [
      0.605,
      0.327,
      0.656,
      1.0,
      0.334,
      0.447,
      0.503,
      0.314,
      0.42,
      0.555,
      0.242,
      0.571,
      0.469,
      0.593,
      0.429,
      0.453,
      0.454,
      0.558,
      0.24,
      0.412,
      0.452,
      0.509,
      0.513,
      0.527,
      0.549,
      0.534,
      0.613,
      0.545,
      0.52,
      0.329,
      0.325,
      0.584,
      0.375,
      0.42,
      0.548,
      0.259,
      0.159,
      0.571,
      0.631,
      0.619,
      0.584,
      0.416,
      0.58
    ],
    [
      0.36,
      0.141,
      0.651,
      0.334,
      1.0,
      0.531,
      0.203,
      0.322,
      0.162,
      0.202,
      0.28,
      0.234,
      0.149,
      0.168,
      0.113,
      0.134,
      0.07,
      0.158,
      0.367,
      0.277,
      0.181,
      0.201,
      0.166,
      0.204,
      0.163,
      0.178,
      0.226,
      0.111,
      0.187,
      0.185,
      0.325,
      0.277,
      0.175,
      0.171,
      0.134,
      0.057,
      0.195,
      0.14,
      0.233,
      0.18,
      0.138,
      0.239,
      0.132
    ],
    [
      0.437,
      0.315,
      0.578,
      0.447,
      0.531,
      1.0,
      0.338,
      0.474,
      0.351,
      0.316,
      0.354,
      0.28,
      0.317,
      0.257,
      0.245,
      0.299,
      0.212,
      0.402,
      0.23,
      0.492,
      0.34,
      0.424,
      0.232,
      0.334,
      0.242,
      0.19,
      0.309,
      0.284,
      0.246,
      0.305,
      0.386,
      0.338,
      0.428,
      0.194,
      0.298,
      0.249,
      0.277,
      0.244,
      0.292,
      0.366,
      0.328,
      0.389,
      0.251
    ],
    [
      0.44,
      0.341,
      0.403,
      0.503,
      0.203,
      0.338,
      1.0,
      0.263,
      0.46,
      0.493,
      0.333,
      0.449,
      0.496,
      0.486,
      0.468,
      0.501,
      0.484,
      0.529,
      0.361,
      0.488,
      0.475,
      0.486,
      0.436,
      0.348,
      0.327,
      0.488,
      0.478,
      0.5,
      0.435,
      0.42,
      0.38,
      0.592,
      0.481,
      0.323,
      0.443,
      0.365,
      0.251,
      0.533,
      0.518,
      0.517,
      0.512,
      0.516,
      0.531
    ],
    [
      0.418,
      0.373,
      0.286,
      0.314,
      0.322,
      0.474,
      0.263,
      1.0,
      0.47,
      0.41,
      0.703,
      0.32,
      0.408,
      0.304,
      0.346,
      0.318,
      0.355,
      0.519,
      0.136,
      0.431,
      0.453,
      0.464,
      0.38,
      0.271,
      0.213,
      0.325,
      0.362,
      0.432,
      0.299,
      0.277,
      0.24,
      0.364,
      0.548,
      0.295,
      0.311,
      0.371,
      0.187,
      0.331,
      0.232,
      0.429,
      0.409,
      0.484,
      0.315
    ],
    [
      0.572,
      0.355,
      0.325,
      0.42,
      0.162,
      0.351,
      0.46,
      0.47,
      1.0,
      0.696,
      0.419,
      0.564,
      0.619,
      0.566,
      0.665,
      0.644,
      0.583,
      0.685,
      0.221,
      0.479,
      0.575,
      0.594,
      0.613,
      0.319,
      0.32,
      0.515,
      0.536,
      0.665,
      0.618,
      0.379,
      0.245,
      0.63,
      0.417,
      0.329,
      0.359,
      0.364,
      0.188,
      0.658,
      0.549,
      0.624,
      0.657,
      0.555,
      0.711
    ],
    [
      0.662,
      0.312,
      0.457,
      0.555,
      0.202,
      0.316,
      0.493,
      0.41,
      0.696,
      1.0,
      0.308,
      0.753,
      0.741,
      0.735,
      0.743,
      0.721,
      0.662,
      0.748,
      0.275,
      0.478,
      0.612,
      0.708,
      0.716,
      0.406,
      0.489,
      0.599,
      0.666,
      0.681,
      0.707,
      0.381,
      0.277,
      0.717,
      0.422,
      0.458,
      0.485,
      0.267,
      0.12,
      0.784,
      0.745,
      0.757,
      0.733,
      0.475,
      0.739
    ],
    [
      0.282,
      0.384,
      0.24,
      0.242,
      0.28,
      0.354,
      0.333,
      0.703,
      0.419,
      0.308,
      1.0,
      0.244,
      0.34,
      0.176,
      0.325,
      0.279,
      0.356,
      0.392,
      0.217,
      0.38,
      0.408,
      0.458,
      0.324,
      0.19,
      0.104,
      0.239,
      0.307,
      0.343,
      0.213,
      0.307,
      0.286,
      0.32,
      0.43,
      0.195,
      0.211,
      0.281,
      0.181,
      0.253,
      0.158,
      0.281,
      0.283,
      0.378,
      0.216
    ],
    [
      0.599,
      0.229,
      0.482,
      0.571,
      0.234,
      0.28,
      0.449,
      0.32,
      0.564,
      0.753,
      0.244,
      1.0,
      0.641,
      0.778,
      0.616,
      0.649,
      0.556,
      0.7,
      0.195,
      0.468,
      0.421,
      0.639,
      0.642,
      0.493,
      0.512,
      0.645,
      0.618,
      0.709,
      0.635,
      0.277,
      0.179,
      0.732,
      0.446,
      0.459,
      0.343,
      0.23,
      0.193,
      0.818,
      0.804,
      0.726,
      0.654,
      0.445,
      0.625
    ],
    [
      0.458,
      0.202,
      0.311,
      0.469,
      0.149,
      0.317,
      0.496,
      0.408,
      0.619,
      0.741,
      0.34,
      0.641,
      1.0,
      0.632,
      0.819,
      0.804,
      0.766,
      0.773,
      0.241,
      0.514,
      0.596,
      0.672,
      0.67,
      0.356,
      0.403,
      0.559,
      0.567,
      0.659,
      0.797,
      0.359,
      0.275,
      0.709,
      0.403,
      0.261,
      0.305,
      0.263,
      0.127,
      0.7,
      0.574,
      0.755,
      0.728,
      0.433,
      0.604
    ],
    [
      0.671,
      0.245,
      0.418,
      0.593,
      0.168,
      0.257,
      0.486,
      0.304,
      0.566,
      0.735,
      0.176,
      0.778,
      0.632,
      1.0,
      0.631,
      0.593,
      0.551,
      0.744,
      0.183,
      0.494,
      0.466,
      0.612,
      0.659,
      0.582,
      0.66,
      0.678,
      0.696,
      0.687,
      0.62,
      0.292,
      0.223,
      0.708,
      0.374,
      0.467,
      0.373,
      0.313,
      0.17,
      0.825,
      0.775,
      0.794,
      0.729,
      0.496,
      0.737
    ],
    [
      0.46,
      0.196,
      0.342,
      0.429,
      0.113,
      0.245,
      0.468,
      0.346,
      0.665,
      0.743,
      0.325,
      0.616,
      0.819,
      0.631,
      1.0,
      0.836,
      0.844,
      0.812,
      0.287,
      0.509,
      0.571,
      0.652,
      0.725,
      0.354,
      0.393,
      0.565,
      0.588,
      0.587,
      0.732,
      0.268,
      0.178,
      0.725,
      0.401,
      0.287,
      0.312,
      0.319,
      0.144,
      0.748,
      0.568,
      0.738,
      0.749,
      0.451,
      0.613
    ],
    [
      0.435,
      0.165,
      0.389,
      0.453,
      0.134,
      0.299,
      0.501,
      0.318,
      0.644,
      0.721,
      0.279,
      0.649,
      0.804,
      0.593,
      0.836,
      1.0,
      0.805,
      0.789,
      0.227,
      0.493,
      0.488,
      0.671,
      0.655,
      0.337,
      0.362,
      0.614,
      0.556,
      0.635,
      0.754,
      0.303,
      0.23,
      0.714,
      0.414,
      0.217,
      0.341,
      0.307,
      0.195,
      0.719,
      0.595,
      0.719,
      0.731,
      0.45,
      0.599
    ],
    [
      0.406,
      0.263,
      0.27,
      0.454,
      0.07,
      0.212,
      0.484,
      0.355,
      0.583,
      0.662,
      0.356,
      0.556,
      0.766,
      0.551,
      0.844,
      0.805,
      1.0,
      0.787,
      0.266,
      0.548,
      0.575,
      0.638,
      0.668,
      0.369,
      0.376,
      0.54,
      0.552,
      0.568,
      0.678,
      0.377,
      0.225,
      0.67,
      0.439,
      0.237,
      0.312,
      0.381,
      0.174,
      0.688,
      0.486,
      0.689,
      0.721,
      0.43,
      0.557
    ],
    [
      0.624,
      0.349,
      0.408,
      0.558,
      0.158,
      0.402,
      0.529,
      0.519,
      0.685,
      0.748,
      0.392,
      0.7,
      0.773,
      0.744,
      0.812,
      0.789,
      0.787,
      1.0,
      0.26,
      0.64,
      0.566,
      0.771,
      0.743,
      0.561,
      0.525,
      0.671,
      0.704,
      0.717,
      0.675,
      0.42,
      0.308,
      0.739,
      0.535,
      0.41,
      0.417,
      0.466,
      0.242,
      0.796,
      0.667,
      0.79,
      0.806,
      0.565,
      0.686
    ],
    [
      0.195,
      0.235,
      0.386,
      0.24,
      0.367,
      0.23,
      0.361,
      0.136,
      0.221,
      0.275,
      0.217,
      0.195,
      0.241,
      0.183,
      0.287,
      0.227,
      0.266,
      0.26,
      1.0,
      0.482,
      0.288,
      0.175,
      0.204,
      0.314,
      0.267,
      0.205,
      0.347,
      0.179,
      0.224,
      0.372,
      0.411,
      0.313,
      0.216,
      0.241,
      0.169,
      0.152,
      0.239,
      0.253,
      0.234,
      0.137,
      0.184,
      0.134,
      0.253
    ],
    [
      0.491,
      0.36,
      0.376,
      0.412,
      0.277,
      0.492,
      0.488,
      0.431,
      0.479,
      0.478,
      0.38,
      0.468,
      0.514,
      0.494,
      0.509,
      0.493,
      0.548,
      0.64,
      0.482,
      1.0,
      0.541,
      0.526,
      0.498,
      0.452,
      0.348,
      0.439,
      0.465,
      0.447,
      0.453,
      0.465,
      0.46,
      0.508,
      0.493,
      0.351,
      0.301,
      0.427,
      0.388,
      0.536,
      0.473,
      0.51,
      0.562,
      0.447,
      0.437
    ],
    [
      0.553,
      0.403,
      0.272,
      0.452,
      0.181,
      0.34,
      0.475,
      0.453,
      0.575,
      0.612,
      0.408,
      0.421,
      0.596,
      0.466,
      0.571,
      0.488,
      0.575,
      0.566,
      0.288,
      0.541,
      1.0,
      0.487,
      0.522,
      0.369,
      0.301,
      0.355,
      0.434,
      0.476,
      0.537,
      0.448,
      0.356,
      0.518,
      0.452,
      0.383,
      0.505,
      0.309,
      0.201,
      0.513,
      0.459,
      0.564,
      0.623,
      0.547,
      0.55
    ],
    [
      0.596,
      0.364,
      0.377,
      0.509,
      0.201,
      0.424,
      0.486,
      0.464,
      0.594,
      0.708,
      0.458,
      0.639,
      0.672,
      0.612,
      0.652,
      0.671,
      0.638,
      0.771,
      0.175,
      0.526,
      0.487,
      1.0,
      0.67,
      0.449,
      0.406,
      0.591,
      0.566,
      0.706,
      0.608,
      0.399,
      0.322,
      0.649,
      0.522,
      0.406,
      0.432,
      0.379,
      0.157,
      0.673,
      0.608,
      0.68,
      0.709,
      0.5,
      0.625
    ],
    [
      0.62,
      0.255,
      0.409,
      0.513,
      0.166,
      0.232,
      0.436,
      0.38,
      0.613,
      0.716,
      0.324,
      0.642,
      0.67,
      0.659,
      0.725,
      0.655,
      0.668,
      0.743,
      0.204,
      0.498,
      0.522,
      0.67,
      1.0,
      0.344,
      0.385,
      0.595,
      0.56,
      0.573,
      0.616,
      0.284,
      0.185,
      0.631,
      0.426,
      0.461,
      0.401,
      0.402,
      0.2,
      0.708,
      0.62,
      0.739,
      0.748,
      0.42,
      0.644
    ],
    [
      0.506,
      0.414,
      0.311,
      0.527,
      0.204,
      0.334,
      0.348,
      0.271,
      0.319,
      0.406,
      0.19,
      0.493,
      0.356,
      0.582,
      0.354,
      0.337,
      0.369,
      0.561,
      0.314,
      0.452,
      0.369,
      0.449,
      0.344,
      1.0,
      0.766,
      0.525,
      0.63,
      0.47,
      0.355,
      0.396,
      0.305,
      0.497,
      0.454,
      0.488,
      0.312,
      0.419,
      0.268,
      0.575,
      0.511,
      0.501,
      0.562,
      0.46,
      0.403
    ],
    [
      0.488,
      0.281,
      0.319,
      0.549,
      0.163,
      0.242,
      0.327,
      0.213,
      0.32,
      0.489,
      0.104,
      0.512,
      0.403,
      0.66,
      0.393,
      0.362,
      0.376,
      0.525,
      0.267,
      0.348,
      0.301,
      0.406,
      0.385,
      0.766,
      1.0,
      0.542,
      0.664,
      0.518,
      0.399,
      0.258,
      0.195,
      0.546,
      0.34,
      0.465,
      0.365,
      0.336,
      0.167,
      0.603,
      0.586,
      0.514,
      0.523,
      0.335,
      0.435
    ],
    [
      0.554,
      0.325,
      0.392,
      0.534,
      0.178,
      0.19,
      0.488,
      0.325,
      0.515,
      0.599,
      0.239,
      0.645,
      0.559,
      0.678,
      0.565,
      0.614,
      0.54,
      0.671,
      0.205,
      0.439,
      0.355,
      0.591,
      0.595,
      0.525,
      0.542,
      1.0,
      0.614,
      0.681,
      0.528,
      0.378,
      0.225,
      0.685,
      0.456,
      0.461,
      0.402,
      0.377,
      0.255,
      0.716,
      0.662,
      0.61,
      0.672,
      0.464,
      0.654
    ],
    [
      0.591,
      0.346,
      0.428,
      0.613,
      0.226,
      0.309,
      0.478,
      0.362,
      0.536,
      0.666,
      0.307,
      0.618,
      0.567,
      0.696,
      0.588,
      0.556,
      0.552,
      0.704,
      0.347,
      0.465,
      0.434,
      0.566,
      0.56,
      0.63,
      0.664,
      0.614,
      1.0,
      0.618,
      0.54,
      0.325,
      0.278,
      0.652,
      0.428,
      0.437,
      0.379,
      0.347,
      0.292,
      0.697,
      0.647,
      0.664,
      0.638,
      0.439,
      0.63
    ],
    [
      0.55,
      0.44,
      0.361,
      0.545,
      0.111,
      0.284,
      0.5,
      0.432,
      0.665,
      0.681,
      0.343,
      0.709,
      0.659,
      0.687,
      0.587,
      0.635,
      0.568,
      0.717,
      0.179,
      0.447,
      0.476,
      0.706,
      0.573,
      0.47,
      0.518,
      0.681,
      0.618,
      1.0,
      0.678,
      0.422,
      0.27,
      0.698,
      0.462,
      0.376,
      0.386,
      0.385,
      0.117,
      0.756,
      0.639,
      0.657,
      0.652,
      0.495,
      0.755
    ],
    [
      0.473,
      0.191,
      0.365,
      0.52,
      0.187,
      0.246,
      0.435,
      0.299,
      0.618,
      0.707,
      0.213,
      0.635,
      0.797,
      0.62,
      0.732,
      0.754,
      0.678,
      0.675,
      0.224,
      0.453,
      0.537,
      0.608,
      0.616,
      0.355,
      0.399,
      0.528,
      0.54,
      0.678,
      1.0,
      0.351,
      0.29,
      0.679,
      0.312,
      0.252,
      0.277,
      0.264,
      0.139,
      0.666,
      0.593,
      0.715,
      0.681,
      0.432,
      0.669
    ],
    [
      0.292,
      0.46,
      0.268,
      0.329,
      0.185,
      0.305,
      0.42,
      0.277,
      0.379,
      0.381,
      0.307,
      0.277,
      0.359,
      0.292,
      0.268,
      0.303,
      0.377,
      0.42,
      0.372,
      0.465,
      0.448,
      0.399,
      0.284,
      0.396,
      0.258,
      0.378,
      0.325,
      0.422,
      0.351,
      1.0,
      0.735,
      0.361,
      0.38,
      0.228,
      0.226,
      0.366,
      0.322,
      0.301,
      0.345,
      0.28,
      0.354,
      0.339,
      0.459
    ],
    [
      0.221,
      0.293,
      0.409,
      0.325,
      0.325,
      0.386,
      0.38,
      0.24,
      0.245,
      0.277,
      0.286,
      0.179,
      0.275,
      0.223,
      0.178,
      0.23,
      0.225,
      0.308,
      0.411,
      0.46,
      0.356,
      0.322,
      0.185,
      0.305,
      0.195,
      0.225,
      0.278,
      0.27,
      0.29,
      0.735,
      1.0,
      0.297,
      0.255,
      0.133,
      0.178,
      0.211,
      0.195,
      0.17,
      0.278,
      0.264,
      0.252,
      0.277,
      0.313
    ],
    [
      0.593,
      0.365,
      0.495,
      0.584,
      0.277,
      0.338,
      0.592,
      0.364,
      0.63,
      0.717,
      0.32,
      0.732,
      0.709,
      0.708,
      0.725,
      0.714,
      0.67,
      0.739,
      0.313,
      0.508,
      0.518,
      0.649,
      0.631,
      0.497,
      0.546,
      0.685,
      0.652,
      0.698,
      0.679,
      0.361,
      0.297,
      1.0,
      0.49,
      0.461,
      0.398,
      0.37,
      0.196,
      0.831,
      0.664,
      0.697,
      0.729,
      0.565,
      0.687
    ],
    [
      0.44,
      0.49,
      0.232,
      0.375,
      0.175,
      0.428,
      0.481,
      0.548,
      0.417,
      0.422,
      0.43,
      0.446,
      0.403,
      0.374,
      0.401,
      0.414,
      0.439,
      0.535,
      0.216,
      0.493,
      0.452,
      0.522,
      0.426,
      0.454,
      0.34,
      0.456,
      0.428,
      0.462,
      0.312,
      0.38,
      0.255,
      0.49,
      1.0,
      0.357,
      0.395,
      0.451,
      0.267,
      0.473,
      0.371,
      0.438,
      0.486,
      0.571,
      0.367
    ],
    [
      0.628,
      0.425,
      0.323,
      0.42,
      0.171,
      0.194,
      0.323,
      0.295,
      0.329,
      0.458,
      0.195,
      0.459,
      0.261,
      0.467,
      0.287,
      0.217,
      0.237,
      0.41,
      0.241,
      0.351,
      0.383,
      0.406,
      0.461,
      0.488,
      0.465,
      0.461,
      0.437,
      0.376,
      0.252,
      0.228,
      0.133,
      0.461,
      0.357,
      1.0,
      0.565,
      0.408,
      0.168,
      0.487,
      0.517,
      0.423,
      0.483,
      0.394,
      0.478
    ],
    [
      0.647,
      0.471,
      0.36,
      0.548,
      0.134,
      0.298,
      0.443,
      0.311,
      0.359,
      0.485,
      0.211,
      0.343,
      0.305,
      0.373,
      0.312,
      0.341,
      0.312,
      0.417,
      0.169,
      0.301,
      0.505,
      0.432,
      0.401,
      0.312,
      0.365,
      0.402,
      0.379,
      0.386,
      0.277,
      0.226,
      0.178,
      0.398,
      0.395,
      0.565,
      1.0,
      0.293,
      0.118,
      0.411,
      0.553,
      0.451,
      0.555,
      0.419,
      0.475
    ],
    [
      0.365,
      0.385,
      0.097,
      0.259,
      0.057,
      0.249,
      0.365,
      0.371,
      0.364,
      0.267,
      0.281,
      0.23,
      0.263,
      0.313,
      0.319,
      0.307,
      0.381,
      0.466,
      0.152,
      0.427,
      0.309,
      0.379,
      0.402,
      0.419,
      0.336,
      0.377,
      0.347,
      0.385,
      0.264,
      0.366,
      0.211,
      0.37,
      0.451,
      0.408,
      0.293,
      1.0,
      0.296,
      0.413,
      0.241,
      0.394,
      0.462,
      0.385,
      0.342
    ],
    [
      0.291,
      0.219,
      0.133,
      0.159,
      0.195,
      0.277,
      0.251,
      0.187,
      0.188,
      0.12,
      0.181,
      0.193,
      0.127,
      0.17,
      0.144,
      0.195,
      0.174,
      0.242,
      0.239,
      0.388,
      0.201,
      0.157,
      0.2,
      0.268,
      0.167,
      0.255,
      0.292,
      0.117,
      0.139,
      0.322,
      0.195,
      0.196,
      0.267,
      0.168,
      0.118,
      0.296,
      1.0,
      0.171,
      0.297,
      0.147,
      0.165,
      0.206,
      0.17
    ],
    [
      0.647,
      0.332,
      0.413,
      0.571,
      0.14,
      0.244,
      0.533,
      0.331,
      0.658,
      0.784,
      0.253,
      0.818,
      0.7,
      0.825,
      0.748,
      0.719,
      0.688,
      0.796,
      0.253,
      0.536,
      0.513,
      0.673,
      0.708,
      0.575,
      0.603,
      0.716,
      0.697,
      0.756,
      0.666,
      0.301,
      0.17,
      0.831,
      0.473,
      0.487,
      0.411,
      0.413,
      0.171,
      1.0,
      0.733,
      0.77,
      0.79,
      0.53,
      0.721
    ],
    [
      0.749,
      0.282,
      0.502,
      0.631,
      0.233,
      0.292,
      0.518,
      0.232,
      0.549,
      0.745,
      0.158,
      0.804,
      0.574,
      0.775,
      0.568,
      0.595,
      0.486,
      0.667,
      0.234,
      0.473,
      0.459,
      0.608,
      0.62,
      0.511,
      0.586,
      0.662,
      0.647,
      0.639,
      0.593,
      0.345,
      0.278,
      0.664,
      0.371,
      0.517,
      0.553,
      0.241,
      0.297,
      0.733,
      1.0,
      0.696,
      0.664,
      0.455,
      0.68
    ],
    [
      0.658,
      0.267,
      0.433,
      0.619,
      0.18,
      0.366,
      0.517,
      0.429,
      0.624,
      0.757,
      0.281,
      0.726,
      0.755,
      0.794,
      0.738,
      0.719,
      0.689,
      0.79,
      0.137,
      0.51,
      0.564,
      0.68,
      0.739,
      0.501,
      0.514,
      0.61,
      0.664,
      0.657,
      0.715,
      0.28,
      0.264,
      0.697,
      0.438,
      0.423,
      0.451,
      0.394,
      0.147,
      0.77,
      0.696,
      1.0,
      0.87,
      0.519,
      0.663
    ],
    [
      0.683,
      0.347,
      0.363,
      0.584,
      0.138,
      0.328,
      0.512,
      0.409,
      0.657,
      0.733,
      0.283,
      0.654,
      0.728,
      0.729,
      0.749,
      0.731,
      0.721,
      0.806,
      0.184,
      0.562,
      0.623,
      0.709,
      0.748,
      0.562,
      0.523,
      0.672,
      0.638,
      0.652,
      0.681,
      0.354,
      0.252,
      0.729,
      0.486,
      0.483,
      0.555,
      0.462,
      0.165,
      0.79,
      0.664,
      0.87,
      1.0,
      0.557,
      0.693
    ],
    [
      0.58,
      0.407,
      0.299,
      0.416,
      0.239,
      0.389,
      0.516,
      0.484,
      0.555,
      0.475,
      0.378,
      0.445,
      0.433,
      0.496,
      0.451,
      0.45,
      0.43,
      0.565,
      0.134,
      0.447,
      0.547,
      0.5,
      0.42,
      0.46,
      0.335,
      0.464,
      0.439,
      0.495,
      0.432,
      0.339,
      0.277,
      0.565,
      0.571,
      0.394,
      0.419,
      0.385,
      0.206,
      0.53,
      0.455,
      0.519,
      0.557,
      1.0,
      0.521
    ],
    [
      0.669,
      0.407,
      0.399,
      0.58,
      0.132,
      0.251,
      0.531,
      0.315,
      0.711,
      0.739,
      0.216,
      0.625,
      0.604,
      0.737,
      0.613,
      0.599,
      0.557,
      0.686,
      0.253,
      0.437,
      0.55,
      0.625,
      0.644,
      0.403,
      0.435,
      0.654,
      0.63,
      0.755,
      0.669,
      0.459,
      0.313,
      0.687,
      0.367,
      0.478,
      0.475,
      0.342,
      0.17,
      0.721,
      0.68,
      0.663,
      0.693,
      0.521,
      1.0
    ]
  ]
}