{
  "feeds": [
    "Brazil | Folha de São Paulo",
    "Brazil | O Globo (via Google News)",
    "China | CGTN Politics",
    "China | CGTN World",
    "China | Global Times",
    "China | People's Daily CN",
    "China | Xinhua English",
    "India | Dainik Bhaskar",
    "India | NDTV World",
    "India | The Hindu Intl",
    "India | Times of India",
    "Iran (Opposition / Diaspora) | Iran International EN",
    "Iran (Opposition / Diaspora) | Iran International FA",
    "Iran (Opposition / Diaspora) | RFE/RL (was Radio Farda)",
    "Israel | Haaretz",
    "Israel | Jerusalem Post",
    "Israel | Times of Israel",
    "Israel | Ynet Hebrew",
    "Japan | Japan Times",
    "Japan | NHK Japanese",
    "Nigeria | The Punch",
    "Nigeria | Vanguard",
    "Qatar | Al Jazeera Arabic",
    "Qatar | Al Jazeera English",
    "Russia | Meduza",
    "Russia | Moscow Times",
    "Russia | RT",
    "Russia | TASS English",
    "Saudi Arabia | Al Arabiya English (via Google News)",
    "Saudi Arabia | Arab News (via Google News)",
    "South Korea | Korea Herald (via Google News)",
    "South Korea | Yonhap News",
    "Turkey | Daily Sabah",
    "Turkey | Hurriyet",
    "United Kingdom | BBC World",
    "United Kingdom | The Guardian World",
    "United Kingdom | The Telegraph",
    "United States | CNN World",
    "United States | Fox News World",
    "United States | NPR World",
    "Wire Services (Factual Baseline) | AFP / France 24 EN",
    "Wire Services (Factual Baseline) | AFP / France 24 FR",
    "Wire Services (Factual Baseline) | AP News",
    "Wire Services (Factual Baseline) | Reuters (via Google News)"
  ],
  "matrix": [
    [
      1.0,
      0.607,
      0.465,
      0.522,
      0.286,
      0.437,
      0.527,
      0.465,
      0.644,
      0.63,
      0.47,
      0.58,
      0.589,
      0.601,
      0.586,
      0.665,
      0.588,
      0.751,
      0.408,
      0.52,
      0.623,
      0.62,
      0.563,
      0.657,
      0.46,
      0.387,
      0.617,
      0.401,
      0.531,
      0.548,
      0.249,
      0.244,
      0.693,
      0.461,
      0.634,
      0.637,
      0.314,
      0.218,
      0.598,
      0.704,
      0.694,
      0.729,
      0.552,
      0.557
    ],
    [
      0.607,
      1.0,
      0.334,
      0.495,
      0.152,
      0.371,
      0.487,
      0.363,
      0.525,
      0.497,
      0.439,
      0.425,
      0.453,
      0.436,
      0.405,
      0.434,
      0.418,
      0.601,
      0.414,
      0.483,
      0.569,
      0.508,
      0.528,
      0.513,
      0.399,
      0.456,
      0.456,
      0.416,
      0.526,
      0.473,
      0.433,
      0.376,
      0.48,
      0.459,
      0.51,
      0.507,
      0.376,
      0.284,
      0.426,
      0.517,
      0.511,
      0.528,
      0.367,
      0.456
    ],
    [
      0.465,
      0.334,
      1.0,
      0.7,
      0.264,
      0.326,
      0.499,
      0.246,
      0.531,
      0.602,
      0.376,
      0.523,
      0.637,
      0.656,
      0.629,
      0.679,
      0.477,
      0.491,
      0.22,
      0.333,
      0.553,
      0.493,
      0.451,
      0.559,
      0.277,
      0.323,
      0.321,
      0.327,
      0.664,
      0.658,
      0.234,
      0.318,
      0.55,
      0.176,
      0.358,
      0.299,
      0.194,
      0.006,
      0.564,
      0.64,
      0.443,
      0.457,
      0.14,
      0.38
    ],
    [
      0.522,
      0.495,
      0.7,
      1.0,
      0.274,
      0.354,
      0.551,
      0.241,
      0.686,
      0.652,
      0.462,
      0.695,
      0.623,
      0.788,
      0.588,
      0.695,
      0.467,
      0.502,
      0.273,
      0.395,
      0.614,
      0.458,
      0.492,
      0.762,
      0.411,
      0.493,
      0.483,
      0.476,
      0.71,
      0.691,
      0.279,
      0.311,
      0.572,
      0.314,
      0.559,
      0.361,
      0.279,
      0.247,
      0.63,
      0.719,
      0.538,
      0.511,
      0.205,
      0.605
    ],
    [
      0.286,
      0.152,
      0.264,
      0.274,
      1.0,
      0.538,
      0.232,
      0.198,
      0.23,
      0.276,
      0.261,
      0.273,
      0.268,
      0.228,
      0.217,
      0.266,
      0.142,
      0.256,
      0.359,
      0.41,
      0.265,
      0.41,
      0.229,
      0.305,
      0.196,
      0.109,
      0.133,
      0.194,
      0.11,
      0.172,
      0.249,
      0.274,
      0.201,
      0.164,
      0.208,
      0.191,
      0.077,
      0.186,
      0.205,
      0.35,
      0.185,
      0.175,
      0.104,
      0.228
    ],
    [
      0.437,
      0.371,
      0.326,
      0.354,
      0.538,
      1.0,
      0.338,
      0.413,
      0.313,
      0.373,
      0.404,
      0.275,
      0.372,
      0.282,
      0.269,
      0.251,
      0.28,
      0.502,
      0.408,
      0.543,
      0.45,
      0.56,
      0.441,
      0.363,
      0.224,
      0.227,
      0.132,
      0.18,
      0.299,
      0.26,
      0.264,
      0.393,
      0.262,
      0.328,
      0.297,
      0.269,
      0.249,
      0.277,
      0.285,
      0.406,
      0.345,
      0.341,
      0.351,
      0.315
    ],
    [
      0.527,
      0.487,
      0.499,
      0.551,
      0.232,
      0.338,
      1.0,
      0.27,
      0.471,
      0.561,
      0.393,
      0.411,
      0.529,
      0.409,
      0.42,
      0.516,
      0.53,
      0.486,
      0.455,
      0.442,
      0.543,
      0.441,
      0.453,
      0.521,
      0.333,
      0.301,
      0.508,
      0.32,
      0.466,
      0.464,
      0.388,
      0.394,
      0.639,
      0.354,
      0.485,
      0.433,
      0.365,
      0.251,
      0.53,
      0.557,
      0.576,
      0.49,
      0.392,
      0.457
    ],
    [
      0.465,
      0.363,
      0.246,
      0.241,
      0.198,
      0.413,
      0.27,
      1.0,
      0.292,
      0.45,
      0.638,
      0.281,
      0.498,
      0.164,
      0.261,
      0.321,
      0.441,
      0.58,
      0.271,
      0.434,
      0.427,
      0.461,
      0.467,
      0.332,
      0.272,
      0.205,
      0.166,
      0.181,
      0.346,
      0.298,
      0.256,
      0.255,
      0.368,
      0.566,
      0.382,
      0.423,
      0.355,
      0.11,
      0.371,
      0.343,
      0.377,
      0.474,
      0.364,
      0.248
    ],
    [
      0.644,
      0.525,
      0.531,
      0.686,
      0.23,
      0.313,
      0.471,
      0.292,
      1.0,
      0.678,
      0.544,
      0.659,
      0.652,
      0.783,
      0.605,
      0.802,
      0.462,
      0.614,
      0.296,
      0.422,
      0.623,
      0.467,
      0.592,
      0.757,
      0.368,
      0.479,
      0.638,
      0.474,
      0.705,
      0.719,
      0.229,
      0.253,
      0.616,
      0.329,
      0.65,
      0.35,
      0.274,
      0.171,
      0.591,
      0.71,
      0.639,
      0.541,
      0.422,
      0.665
    ],
    [
      0.63,
      0.497,
      0.602,
      0.652,
      0.276,
      0.373,
      0.561,
      0.45,
      0.678,
      1.0,
      0.523,
      0.618,
      0.697,
      0.591,
      0.571,
      0.66,
      0.561,
      0.626,
      0.334,
      0.438,
      0.667,
      0.496,
      0.55,
      0.715,
      0.457,
      0.488,
      0.523,
      0.5,
      0.656,
      0.654,
      0.25,
      0.252,
      0.631,
      0.425,
      0.508,
      0.411,
      0.397,
      0.132,
      0.653,
      0.697,
      0.677,
      0.627,
      0.397,
      0.585
    ],
    [
      0.47,
      0.439,
      0.376,
      0.462,
      0.261,
      0.404,
      0.393,
      0.638,
      0.544,
      0.523,
      1.0,
      0.441,
      0.573,
      0.398,
      0.462,
      0.561,
      0.485,
      0.566,
      0.389,
      0.477,
      0.498,
      0.469,
      0.55,
      0.569,
      0.284,
      0.323,
      0.365,
      0.338,
      0.474,
      0.453,
      0.289,
      0.338,
      0.462,
      0.417,
      0.513,
      0.376,
      0.217,
      0.211,
      0.426,
      0.48,
      0.518,
      0.506,
      0.408,
      0.345
    ],
    [
      0.58,
      0.425,
      0.523,
      0.695,
      0.273,
      0.275,
      0.411,
      0.281,
      0.659,
      0.618,
      0.441,
      1.0,
      0.687,
      0.727,
      0.723,
      0.721,
      0.537,
      0.604,
      0.365,
      0.37,
      0.567,
      0.464,
      0.579,
      0.748,
      0.499,
      0.429,
      0.469,
      0.494,
      0.593,
      0.643,
      0.245,
      0.178,
      0.536,
      0.401,
      0.614,
      0.406,
      0.363,
      0.254,
      0.722,
      0.683,
      0.551,
      0.572,
      0.185,
      0.522
    ],
    [
      0.589,
      0.453,
      0.637,
      0.623,
      0.268,
      0.372,
      0.529,
      0.498,
      0.652,
      0.697,
      0.573,
      0.687,
      1.0,
      0.575,
      0.693,
      0.735,
      0.667,
      0.674,
      0.286,
      0.422,
      0.614,
      0.508,
      0.675,
      0.648,
      0.461,
      0.446,
      0.407,
      0.472,
      0.699,
      0.693,
      0.27,
      0.258,
      0.598,
      0.579,
      0.526,
      0.513,
      0.445,
      0.174,
      0.712,
      0.647,
      0.632,
      0.587,
      0.254,
      0.432
    ],
    [
      0.601,
      0.436,
      0.656,
      0.788,
      0.228,
      0.282,
      0.409,
      0.164,
      0.783,
      0.591,
      0.398,
      0.727,
      0.575,
      1.0,
      0.652,
      0.782,
      0.436,
      0.541,
      0.22,
      0.402,
      0.56,
      0.452,
      0.527,
      0.747,
      0.387,
      0.45,
      0.573,
      0.46,
      0.692,
      0.696,
      0.186,
      0.233,
      0.594,
      0.213,
      0.592,
      0.338,
      0.184,
      0.136,
      0.613,
      0.718,
      0.598,
      0.556,
      0.279,
      0.684
    ],
    [
      0.586,
      0.405,
      0.629,
      0.588,
      0.217,
      0.269,
      0.42,
      0.261,
      0.605,
      0.571,
      0.462,
      0.723,
      0.693,
      0.652,
      1.0,
      0.739,
      0.714,
      0.685,
      0.393,
      0.428,
      0.588,
      0.477,
      0.563,
      0.698,
      0.361,
      0.295,
      0.427,
      0.415,
      0.645,
      0.681,
      0.238,
      0.21,
      0.601,
      0.256,
      0.534,
      0.315,
      0.369,
      0.222,
      0.77,
      0.571,
      0.556,
      0.575,
      0.231,
      0.464
    ],
    [
      0.665,
      0.434,
      0.679,
      0.695,
      0.266,
      0.251,
      0.516,
      0.321,
      0.802,
      0.66,
      0.561,
      0.721,
      0.735,
      0.782,
      0.739,
      1.0,
      0.662,
      0.646,
      0.355,
      0.414,
      0.596,
      0.488,
      0.582,
      0.754,
      0.404,
      0.439,
      0.612,
      0.505,
      0.708,
      0.757,
      0.188,
      0.247,
      0.723,
      0.341,
      0.637,
      0.385,
      0.286,
      0.205,
      0.726,
      0.697,
      0.705,
      0.619,
      0.34,
      0.602
    ],
    [
      0.588,
      0.418,
      0.477,
      0.467,
      0.142,
      0.28,
      0.53,
      0.441,
      0.462,
      0.561,
      0.485,
      0.537,
      0.667,
      0.436,
      0.714,
      0.662,
      1.0,
      0.698,
      0.44,
      0.385,
      0.551,
      0.457,
      0.518,
      0.549,
      0.416,
      0.31,
      0.408,
      0.375,
      0.561,
      0.579,
      0.221,
      0.165,
      0.716,
      0.452,
      0.539,
      0.429,
      0.521,
      0.263,
      0.756,
      0.505,
      0.656,
      0.644,
      0.373,
      0.439
    ],
    [
      0.751,
      0.601,
      0.491,
      0.502,
      0.256,
      0.502,
      0.486,
      0.58,
      0.614,
      0.626,
      0.566,
      0.604,
      0.674,
      0.541,
      0.685,
      0.646,
      0.698,
      1.0,
      0.439,
      0.567,
      0.656,
      0.573,
      0.654,
      0.641,
      0.447,
      0.369,
      0.508,
      0.417,
      0.601,
      0.636,
      0.396,
      0.359,
      0.638,
      0.56,
      0.61,
      0.541,
      0.531,
      0.224,
      0.655,
      0.66,
      0.606,
      0.678,
      0.481,
      0.51
    ],
    [
      0.408,
      0.414,
      0.22,
      0.273,
      0.359,
      0.408,
      0.455,
      0.271,
      0.296,
      0.334,
      0.389,
      0.365,
      0.286,
      0.22,
      0.393,
      0.355,
      0.44,
      0.439,
      1.0,
      0.495,
      0.44,
      0.499,
      0.355,
      0.354,
      0.301,
      0.209,
      0.274,
      0.226,
      0.211,
      0.257,
      0.388,
      0.371,
      0.364,
      0.281,
      0.365,
      0.222,
      0.328,
      0.333,
      0.384,
      0.291,
      0.359,
      0.348,
      0.276,
      0.341
    ],
    [
      0.52,
      0.483,
      0.333,
      0.395,
      0.41,
      0.543,
      0.442,
      0.434,
      0.422,
      0.438,
      0.477,
      0.37,
      0.422,
      0.402,
      0.428,
      0.414,
      0.385,
      0.567,
      0.495,
      1.0,
      0.453,
      0.542,
      0.422,
      0.419,
      0.369,
      0.313,
      0.257,
      0.351,
      0.44,
      0.391,
      0.405,
      0.417,
      0.448,
      0.393,
      0.429,
      0.391,
      0.212,
      0.233,
      0.371,
      0.436,
      0.4,
      0.469,
      0.376,
      0.416
    ],
    [
      0.623,
      0.569,
      0.553,
      0.614,
      0.265,
      0.45,
      0.543,
      0.427,
      0.623,
      0.667,
      0.498,
      0.567,
      0.614,
      0.56,
      0.588,
      0.596,
      0.551,
      0.656,
      0.44,
      0.453,
      1.0,
      0.678,
      0.541,
      0.638,
      0.368,
      0.362,
      0.476,
      0.375,
      0.615,
      0.609,
      0.356,
      0.361,
      0.545,
      0.425,
      0.534,
      0.411,
      0.447,
      0.295,
      0.626,
      0.587,
      0.621,
      0.598,
      0.376,
      0.579
    ],
    [
      0.62,
      0.508,
      0.493,
      0.458,
      0.41,
      0.56,
      0.441,
      0.461,
      0.467,
      0.496,
      0.469,
      0.464,
      0.508,
      0.452,
      0.477,
      0.488,
      0.457,
      0.573,
      0.499,
      0.542,
      0.678,
      1.0,
      0.515,
      0.553,
      0.341,
      0.278,
      0.308,
      0.292,
      0.439,
      0.438,
      0.335,
      0.403,
      0.459,
      0.333,
      0.445,
      0.463,
      0.377,
      0.289,
      0.48,
      0.472,
      0.445,
      0.592,
      0.263,
      0.421
    ],
    [
      0.563,
      0.528,
      0.451,
      0.492,
      0.229,
      0.441,
      0.453,
      0.467,
      0.592,
      0.55,
      0.55,
      0.579,
      0.675,
      0.527,
      0.563,
      0.582,
      0.518,
      0.654,
      0.355,
      0.422,
      0.541,
      0.515,
      1.0,
      0.615,
      0.405,
      0.441,
      0.37,
      0.451,
      0.598,
      0.568,
      0.228,
      0.225,
      0.53,
      0.528,
      0.498,
      0.414,
      0.347,
      0.182,
      0.592,
      0.545,
      0.567,
      0.524,
      0.264,
      0.492
    ],
    [
      0.657,
      0.513,
      0.559,
      0.762,
      0.305,
      0.363,
      0.521,
      0.332,
      0.757,
      0.715,
      0.569,
      0.748,
      0.648,
      0.747,
      0.698,
      0.754,
      0.549,
      0.641,
      0.354,
      0.419,
      0.638,
      0.553,
      0.615,
      1.0,
      0.388,
      0.416,
      0.611,
      0.467,
      0.662,
      0.713,
      0.313,
      0.305,
      0.629,
      0.341,
      0.669,
      0.377,
      0.308,
      0.264,
      0.679,
      0.756,
      0.638,
      0.634,
      0.359,
      0.636
    ],
    [
      0.46,
      0.399,
      0.277,
      0.411,
      0.196,
      0.224,
      0.333,
      0.272,
      0.368,
      0.457,
      0.284,
      0.499,
      0.461,
      0.387,
      0.361,
      0.404,
      0.416,
      0.447,
      0.301,
      0.369,
      0.368,
      0.341,
      0.405,
      0.388,
      1.0,
      0.72,
      0.452,
      0.679,
      0.377,
      0.354,
      0.164,
      0.137,
      0.478,
      0.456,
      0.386,
      0.466,
      0.327,
      0.116,
      0.454,
      0.487,
      0.487,
      0.569,
      0.197,
      0.277
    ],
    [
      0.387,
      0.456,
      0.323,
      0.493,
      0.109,
      0.227,
      0.301,
      0.205,
      0.479,
      0.488,
      0.323,
      0.429,
      0.446,
      0.45,
      0.295,
      0.439,
      0.31,
      0.369,
      0.209,
      0.313,
      0.362,
      0.278,
      0.441,
      0.416,
      0.72,
      1.0,
      0.384,
      0.743,
      0.456,
      0.402,
      0.156,
      0.158,
      0.387,
      0.363,
      0.366,
      0.335,
      0.225,
      0.139,
      0.406,
      0.485,
      0.419,
      0.41,
      0.133,
      0.274
    ],
    [
      0.617,
      0.456,
      0.321,
      0.483,
      0.133,
      0.132,
      0.508,
      0.166,
      0.638,
      0.523,
      0.365,
      0.469,
      0.407,
      0.573,
      0.427,
      0.612,
      0.408,
      0.508,
      0.274,
      0.257,
      0.476,
      0.308,
      0.37,
      0.611,
      0.452,
      0.384,
      1.0,
      0.413,
      0.434,
      0.458,
      0.255,
      0.186,
      0.662,
      0.295,
      0.634,
      0.383,
      0.283,
      0.189,
      0.465,
      0.614,
      0.713,
      0.59,
      0.437,
      0.585
    ],
    [
      0.401,
      0.416,
      0.327,
      0.476,
      0.194,
      0.18,
      0.32,
      0.181,
      0.474,
      0.5,
      0.338,
      0.494,
      0.472,
      0.46,
      0.415,
      0.505,
      0.375,
      0.417,
      0.226,
      0.351,
      0.375,
      0.292,
      0.451,
      0.467,
      0.679,
      0.743,
      0.413,
      1.0,
      0.471,
      0.452,
      0.145,
      0.161,
      0.452,
      0.377,
      0.367,
      0.324,
      0.266,
      0.152,
      0.473,
      0.462,
      0.458,
      0.435,
      0.113,
      0.382
    ],
    [
      0.531,
      0.526,
      0.664,
      0.71,
      0.11,
      0.299,
      0.466,
      0.346,
      0.705,
      0.656,
      0.474,
      0.593,
      0.699,
      0.692,
      0.645,
      0.708,
      0.561,
      0.601,
      0.211,
      0.44,
      0.615,
      0.439,
      0.598,
      0.662,
      0.377,
      0.456,
      0.434,
      0.471,
      1.0,
      0.854,
      0.307,
      0.31,
      0.643,
      0.283,
      0.469,
      0.359,
      0.334,
      0.137,
      0.61,
      0.607,
      0.546,
      0.537,
      0.269,
      0.599
    ],
    [
      0.548,
      0.473,
      0.658,
      0.691,
      0.172,
      0.26,
      0.464,
      0.298,
      0.719,
      0.654,
      0.453,
      0.643,
      0.693,
      0.696,
      0.681,
      0.757,
      0.579,
      0.636,
      0.257,
      0.391,
      0.609,
      0.438,
      0.568,
      0.713,
      0.354,
      0.402,
      0.458,
      0.452,
      0.854,
      1.0,
      0.371,
      0.365,
      0.624,
      0.281,
      0.483,
      0.373,
      0.391,
      0.233,
      0.641,
      0.654,
      0.54,
      0.472,
      0.274,
      0.597
    ],
    [
      0.249,
      0.433,
      0.234,
      0.279,
      0.249,
      0.264,
      0.388,
      0.256,
      0.229,
      0.25,
      0.289,
      0.245,
      0.27,
      0.186,
      0.238,
      0.188,
      0.221,
      0.396,
      0.388,
      0.405,
      0.356,
      0.335,
      0.228,
      0.313,
      0.164,
      0.156,
      0.255,
      0.145,
      0.307,
      0.371,
      1.0,
      0.78,
      0.208,
      0.226,
      0.208,
      0.219,
      0.271,
      0.273,
      0.196,
      0.292,
      0.151,
      0.187,
      0.205,
      0.267
    ],
    [
      0.244,
      0.376,
      0.318,
      0.311,
      0.274,
      0.393,
      0.394,
      0.255,
      0.253,
      0.252,
      0.338,
      0.178,
      0.258,
      0.233,
      0.21,
      0.247,
      0.165,
      0.359,
      0.371,
      0.417,
      0.361,
      0.403,
      0.225,
      0.305,
      0.137,
      0.158,
      0.186,
      0.161,
      0.31,
      0.365,
      0.78,
      1.0,
      0.209,
      0.187,
      0.166,
      0.205,
      0.188,
      0.256,
      0.19,
      0.301,
      0.175,
      0.202,
      0.243,
      0.227
    ],
    [
      0.693,
      0.48,
      0.55,
      0.572,
      0.201,
      0.262,
      0.639,
      0.368,
      0.616,
      0.631,
      0.462,
      0.536,
      0.598,
      0.594,
      0.601,
      0.723,
      0.716,
      0.638,
      0.364,
      0.448,
      0.545,
      0.459,
      0.53,
      0.629,
      0.478,
      0.387,
      0.662,
      0.452,
      0.643,
      0.624,
      0.208,
      0.209,
      1.0,
      0.389,
      0.622,
      0.478,
      0.304,
      0.132,
      0.697,
      0.637,
      0.736,
      0.688,
      0.409,
      0.596
    ],
    [
      0.461,
      0.459,
      0.176,
      0.314,
      0.164,
      0.328,
      0.354,
      0.566,
      0.329,
      0.425,
      0.417,
      0.401,
      0.579,
      0.213,
      0.256,
      0.341,
      0.452,
      0.56,
      0.281,
      0.393,
      0.425,
      0.333,
      0.528,
      0.341,
      0.456,
      0.363,
      0.295,
      0.377,
      0.283,
      0.281,
      0.226,
      0.187,
      0.389,
      1.0,
      0.373,
      0.514,
      0.447,
      0.129,
      0.492,
      0.444,
      0.441,
      0.505,
      0.286,
      0.257
    ],
    [
      0.634,
      0.51,
      0.358,
      0.559,
      0.208,
      0.297,
      0.485,
      0.382,
      0.65,
      0.508,
      0.513,
      0.614,
      0.526,
      0.592,
      0.534,
      0.637,
      0.539,
      0.61,
      0.365,
      0.429,
      0.534,
      0.445,
      0.498,
      0.669,
      0.386,
      0.366,
      0.634,
      0.367,
      0.469,
      0.483,
      0.208,
      0.166,
      0.622,
      0.373,
      1.0,
      0.387,
      0.349,
      0.256,
      0.549,
      0.6,
      0.681,
      0.596,
      0.419,
      0.498
    ],
    [
      0.637,
      0.507,
      0.299,
      0.361,
      0.191,
      0.269,
      0.433,
      0.423,
      0.35,
      0.411,
      0.376,
      0.406,
      0.513,
      0.338,
      0.315,
      0.385,
      0.429,
      0.541,
      0.222,
      0.391,
      0.411,
      0.463,
      0.414,
      0.377,
      0.466,
      0.335,
      0.383,
      0.324,
      0.359,
      0.373,
      0.219,
      0.205,
      0.478,
      0.514,
      0.387,
      1.0,
      0.367,
      0.136,
      0.455,
      0.541,
      0.48,
      0.52,
      0.333,
      0.28
    ],
    [
      0.314,
      0.376,
      0.194,
      0.279,
      0.077,
      0.249,
      0.365,
      0.355,
      0.274,
      0.397,
      0.217,
      0.363,
      0.445,
      0.184,
      0.369,
      0.286,
      0.521,
      0.531,
      0.328,
      0.212,
      0.447,
      0.377,
      0.347,
      0.308,
      0.327,
      0.225,
      0.283,
      0.266,
      0.334,
      0.391,
      0.271,
      0.188,
      0.304,
      0.447,
      0.349,
      0.367,
      1.0,
      0.296,
      0.486,
      0.346,
      0.368,
      0.399,
      0.229,
      0.279
    ],
    [
      0.218,
      0.284,
      0.006,
      0.247,
      0.186,
      0.277,
      0.251,
      0.11,
      0.171,
      0.132,
      0.211,
      0.254,
      0.174,
      0.136,
      0.222,
      0.205,
      0.263,
      0.224,
      0.333,
      0.233,
      0.295,
      0.289,
      0.182,
      0.264,
      0.116,
      0.139,
      0.189,
      0.152,
      0.137,
      0.233,
      0.273,
      0.256,
      0.132,
      0.129,
      0.256,
      0.136,
      0.296,
      1.0,
      0.232,
      0.126,
      0.192,
      0.15,
      0.152,
      0.219
    ],
    [
      0.598,
      0.426,
      0.564,
      0.63,
      0.205,
      0.285,
      0.53,
      0.371,
      0.591,
      0.653,
      0.426,
      0.722,
      0.712,
      0.613,
      0.77,
      0.726,
      0.756,
      0.655,
      0.384,
      0.371,
      0.626,
      0.48,
      0.592,
      0.679,
      0.454,
      0.406,
      0.465,
      0.473,
      0.61,
      0.641,
      0.196,
      0.19,
      0.697,
      0.492,
      0.549,
      0.455,
      0.486,
      0.232,
      1.0,
      0.641,
      0.642,
      0.615,
      0.219,
      0.542
    ],
    [
      0.704,
      0.517,
      0.64,
      0.719,
      0.35,
      0.406,
      0.557,
      0.343,
      0.71,
      0.697,
      0.48,
      0.683,
      0.647,
      0.718,
      0.571,
      0.697,
      0.505,
      0.66,
      0.291,
      0.436,
      0.587,
      0.472,
      0.545,
      0.756,
      0.487,
      0.485,
      0.614,
      0.462,
      0.607,
      0.654,
      0.292,
      0.301,
      0.637,
      0.444,
      0.6,
      0.541,
      0.346,
      0.126,
      0.641,
      1.0,
      0.601,
      0.589,
      0.416,
      0.543
    ],
    [
      0.694,
      0.511,
      0.443,
      0.538,
      0.185,
      0.345,
      0.576,
      0.377,
      0.639,
      0.677,
      0.518,
      0.551,
      0.632,
      0.598,
      0.556,
      0.705,
      0.656,
      0.606,
      0.359,
      0.4,
      0.621,
      0.445,
      0.567,
      0.638,
      0.487,
      0.419,
      0.713,
      0.458,
      0.546,
      0.54,
      0.151,
      0.175,
      0.736,
      0.441,
      0.681,
      0.48,
      0.368,
      0.192,
      0.642,
      0.601,
      1.0,
      0.707,
      0.485,
      0.636
    ],
    [
      0.729,
      0.528,
      0.457,
      0.511,
      0.175,
      0.341,
      0.49,
      0.474,
      0.541,
      0.627,
      0.506,
      0.572,
      0.587,
      0.556,
      0.575,
      0.619,
      0.644,
      0.678,
      0.348,
      0.469,
      0.598,
      0.592,
      0.524,
      0.634,
      0.569,
      0.41,
      0.59,
      0.435,
      0.537,
      0.472,
      0.187,
      0.202,
      0.688,
      0.505,
      0.596,
      0.52,
      0.399,
      0.15,
      0.615,
      0.589,
      0.707,
      1.0,
      0.426,
      0.532
    ],
    [
      0.552,
      0.367,
      0.14,
      0.205,
      0.104,
      0.351,
      0.392,
      0.364,
      0.422,
      0.397,
      0.408,
      0.185,
      0.254,
      0.279,
      0.231,
      0.34,
      0.373,
      0.481,
      0.276,
      0.376,
      0.376,
      0.263,
      0.264,
      0.359,
      0.197,
      0.133,
      0.437,
      0.113,
      0.269,
      0.274,
      0.205,
      0.243,
      0.409,
      0.286,
      0.419,
      0.333,
      0.229,
      0.152,
      0.219,
      0.416,
      0.485,
      0.426,
      1.0,
      0.346
    ],
    [
      0.557,
      0.456,
      0.38,
      0.605,
      0.228,
      0.315,
      0.457,
      0.248,
      0.665,
      0.585,
      0.345,
      0.522,
      0.432,
      0.684,
      0.464,
      0.602,
      0.439,
      0.51,
      0.341,
      0.416,
      0.579,
      0.421,
      0.492,
      0.636,
      0.277,
      0.274,
      0.585,
      0.382,
      0.599,
      0.597,
      0.267,
      0.227,
      0.596,
      0.257,
      0.498,
      0.28,
      0.279,
      0.219,
      0.542,
      0.543,
      0.636,
      0.532,
      0.346,
      1.0
    ]
  ]
}