{
  "feeds": [
    "Brazil | Folha de São Paulo",
    "Brazil | O Globo (via Google News)",
    "China | CGTN Politics",
    "China | CGTN World",
    "China | Global Times",
    "China | People's Daily CN",
    "China | Xinhua English",
    "India | Dainik Bhaskar",
    "India | NDTV World",
    "India | The Hindu Intl",
    "India | Times of India",
    "Iran (Opposition / Diaspora) | Iran International EN",
    "Iran (Opposition / Diaspora) | Iran International FA",
    "Iran (Opposition / Diaspora) | RFE/RL (was Radio Farda)",
    "Iran (State) | Tehran Times",
    "Israel | Haaretz",
    "Israel | Jerusalem Post",
    "Israel | Times of Israel",
    "Israel | Ynet Hebrew",
    "Japan | Japan Times",
    "Japan | NHK Japanese",
    "Nigeria | The Punch",
    "Nigeria | Vanguard",
    "Qatar | Al Jazeera Arabic",
    "Qatar | Al Jazeera English",
    "Russia | Meduza",
    "Russia | Moscow Times",
    "Russia | RT",
    "Russia | TASS English",
    "Saudi Arabia | Al Arabiya English (via Google News)",
    "Saudi Arabia | Arab News (via Google News)",
    "South Korea | Korea Herald (via Google News)",
    "South Korea | Yonhap News",
    "Turkey | Daily Sabah",
    "Turkey | Hurriyet",
    "United Kingdom | BBC World",
    "United Kingdom | The Guardian World",
    "United Kingdom | The Telegraph",
    "United States | CNN World",
    "United States | Fox News World",
    "United States | NPR World",
    "Wire Services (Factual Baseline) | AFP / France 24 EN",
    "Wire Services (Factual Baseline) | AFP / France 24 FR",
    "Wire Services (Factual Baseline) | AP News",
    "Wire Services (Factual Baseline) | Reuters (via Google News)"
  ],
  "matrix": [
    [
      1.0,
      0.336,
      0.571,
      0.486,
      0.298,
      0.397,
      0.569,
      0.236,
      0.672,
      0.525,
      0.266,
      0.61,
      0.675,
      0.628,
      0.507,
      0.592,
      0.712,
      0.641,
      0.675,
      0.29,
      0.514,
      0.493,
      0.477,
      0.602,
      0.644,
      0.431,
      0.416,
      0.634,
      0.654,
      0.553,
      0.525,
      0.268,
      0.26,
      0.685,
      0.364,
      0.725,
      0.59,
      0.398,
      0.277,
      0.623,
      0.688,
      0.65,
      0.722,
      0.604,
      0.499
    ],
    [
      0.336,
      1.0,
      0.25,
      0.276,
      0.136,
      0.311,
      0.313,
      0.269,
      0.261,
      0.351,
      0.321,
      0.238,
      0.372,
      0.19,
      0.215,
      0.201,
      0.209,
      0.184,
      0.329,
      0.199,
      0.263,
      0.555,
      0.393,
      0.234,
      0.267,
      0.325,
      0.235,
      0.213,
      0.248,
      0.321,
      0.159,
      0.389,
      0.289,
      0.169,
      0.348,
      0.248,
      0.461,
      0.263,
      0.136,
      0.245,
      0.191,
      0.272,
      0.266,
      0.254,
      0.405
    ],
    [
      0.571,
      0.25,
      1.0,
      0.712,
      0.48,
      0.456,
      0.48,
      0.11,
      0.604,
      0.57,
      0.102,
      0.562,
      0.567,
      0.532,
      0.555,
      0.633,
      0.589,
      0.61,
      0.542,
      0.49,
      0.433,
      0.352,
      0.415,
      0.641,
      0.639,
      0.282,
      0.289,
      0.453,
      0.6,
      0.545,
      0.639,
      0.371,
      0.425,
      0.641,
      0.171,
      0.566,
      0.286,
      0.179,
      0.118,
      0.545,
      0.686,
      0.579,
      0.597,
      0.578,
      0.443
    ],
    [
      0.486,
      0.276,
      0.712,
      1.0,
      0.535,
      0.52,
      0.464,
      0.167,
      0.527,
      0.51,
      0.161,
      0.543,
      0.543,
      0.539,
      0.495,
      0.5,
      0.528,
      0.496,
      0.455,
      0.603,
      0.509,
      0.434,
      0.46,
      0.521,
      0.593,
      0.415,
      0.4,
      0.452,
      0.584,
      0.499,
      0.535,
      0.4,
      0.451,
      0.517,
      0.298,
      0.529,
      0.257,
      0.243,
      0.107,
      0.555,
      0.549,
      0.514,
      0.505,
      0.543,
      0.469
    ],
    [
      0.298,
      0.136,
      0.48,
      0.535,
      1.0,
      0.538,
      0.232,
      0.259,
      0.242,
      0.333,
      0.241,
      0.21,
      0.229,
      0.227,
      0.252,
      0.235,
      0.183,
      0.244,
      0.249,
      0.432,
      0.393,
      0.245,
      0.351,
      0.223,
      0.199,
      0.173,
      0.154,
      0.243,
      0.258,
      0.124,
      0.216,
      0.288,
      0.296,
      0.2,
      0.021,
      0.224,
      0.231,
      0.077,
      0.186,
      0.191,
      0.236,
      0.289,
      0.245,
      0.326,
      0.241
    ],
    [
      0.397,
      0.311,
      0.456,
      0.52,
      0.538,
      1.0,
      0.338,
      0.43,
      0.3,
      0.392,
      0.319,
      0.319,
      0.422,
      0.283,
      0.338,
      0.293,
      0.225,
      0.336,
      0.466,
      0.444,
      0.615,
      0.344,
      0.439,
      0.396,
      0.314,
      0.28,
      0.19,
      0.276,
      0.354,
      0.292,
      0.289,
      0.355,
      0.375,
      0.247,
      0.329,
      0.225,
      0.363,
      0.249,
      0.277,
      0.261,
      0.288,
      0.353,
      0.361,
      0.395,
      0.28
    ],
    [
      0.569,
      0.313,
      0.48,
      0.464,
      0.232,
      0.338,
      1.0,
      0.163,
      0.505,
      0.403,
      0.2,
      0.488,
      0.539,
      0.515,
      0.457,
      0.463,
      0.484,
      0.514,
      0.461,
      0.422,
      0.494,
      0.465,
      0.434,
      0.491,
      0.531,
      0.335,
      0.323,
      0.546,
      0.546,
      0.433,
      0.417,
      0.405,
      0.446,
      0.536,
      0.362,
      0.494,
      0.447,
      0.365,
      0.251,
      0.598,
      0.586,
      0.555,
      0.583,
      0.514,
      0.441
    ],
    [
      0.236,
      0.269,
      0.11,
      0.167,
      0.259,
      0.43,
      0.163,
      1.0,
      0.169,
      0.293,
      0.573,
      0.247,
      0.343,
      0.107,
      0.232,
      0.234,
      0.179,
      0.163,
      0.458,
      0.24,
      0.4,
      0.375,
      0.3,
      0.209,
      0.213,
      0.186,
      0.084,
      0.133,
      0.113,
      0.207,
      0.173,
      0.164,
      0.21,
      0.062,
      0.382,
      0.083,
      0.305,
      0.213,
      0.153,
      0.132,
      0.115,
      0.205,
      0.253,
      0.334,
      0.241
    ],
    [
      0.672,
      0.261,
      0.604,
      0.527,
      0.242,
      0.3,
      0.505,
      0.169,
      1.0,
      0.597,
      0.311,
      0.63,
      0.739,
      0.68,
      0.589,
      0.702,
      0.796,
      0.687,
      0.677,
      0.249,
      0.362,
      0.361,
      0.369,
      0.699,
      0.738,
      0.38,
      0.491,
      0.601,
      0.729,
      0.685,
      0.645,
      0.226,
      0.282,
      0.66,
      0.334,
      0.685,
      0.351,
      0.455,
      0.232,
      0.632,
      0.751,
      0.622,
      0.737,
      0.617,
      0.519
    ],
    [
      0.525,
      0.351,
      0.57,
      0.51,
      0.333,
      0.392,
      0.403,
      0.293,
      0.597,
      1.0,
      0.233,
      0.629,
      0.585,
      0.587,
      0.588,
      0.52,
      0.586,
      0.553,
      0.598,
      0.331,
      0.395,
      0.393,
      0.402,
      0.541,
      0.58,
      0.482,
      0.455,
      0.461,
      0.62,
      0.586,
      0.501,
      0.281,
      0.291,
      0.562,
      0.317,
      0.563,
      0.44,
      0.319,
      0.155,
      0.539,
      0.6,
      0.571,
      0.681,
      0.616,
      0.463
    ],
    [
      0.266,
      0.321,
      0.102,
      0.161,
      0.241,
      0.319,
      0.2,
      0.573,
      0.311,
      0.233,
      1.0,
      0.174,
      0.429,
      0.209,
      0.179,
      0.279,
      0.296,
      0.206,
      0.41,
      0.269,
      0.279,
      0.388,
      0.304,
      0.25,
      0.21,
      0.206,
      0.192,
      0.209,
      0.188,
      0.196,
      0.16,
      0.211,
      0.19,
      0.103,
      0.465,
      0.174,
      0.274,
      0.345,
      0.25,
      0.181,
      0.119,
      0.305,
      0.301,
      0.346,
      0.176
    ],
    [
      0.61,
      0.238,
      0.562,
      0.543,
      0.21,
      0.319,
      0.488,
      0.247,
      0.63,
      0.629,
      0.174,
      1.0,
      0.71,
      0.717,
      0.788,
      0.661,
      0.722,
      0.648,
      0.644,
      0.342,
      0.488,
      0.441,
      0.447,
      0.676,
      0.799,
      0.533,
      0.493,
      0.512,
      0.673,
      0.651,
      0.681,
      0.281,
      0.346,
      0.626,
      0.445,
      0.589,
      0.374,
      0.299,
      0.177,
      0.746,
      0.706,
      0.574,
      0.709,
      0.629,
      0.414
    ],
    [
      0.675,
      0.372,
      0.567,
      0.543,
      0.229,
      0.422,
      0.539,
      0.343,
      0.739,
      0.585,
      0.429,
      0.71,
      1.0,
      0.671,
      0.707,
      0.764,
      0.763,
      0.696,
      0.785,
      0.39,
      0.534,
      0.486,
      0.508,
      0.772,
      0.723,
      0.447,
      0.458,
      0.53,
      0.718,
      0.742,
      0.666,
      0.357,
      0.357,
      0.65,
      0.56,
      0.662,
      0.432,
      0.416,
      0.266,
      0.694,
      0.653,
      0.641,
      0.754,
      0.651,
      0.528
    ],
    [
      0.628,
      0.19,
      0.532,
      0.539,
      0.227,
      0.283,
      0.515,
      0.107,
      0.68,
      0.587,
      0.209,
      0.717,
      0.671,
      1.0,
      0.658,
      0.64,
      0.766,
      0.664,
      0.588,
      0.379,
      0.465,
      0.373,
      0.418,
      0.665,
      0.722,
      0.687,
      0.759,
      0.528,
      0.819,
      0.708,
      0.67,
      0.263,
      0.309,
      0.705,
      0.377,
      0.67,
      0.282,
      0.425,
      0.155,
      0.725,
      0.725,
      0.643,
      0.704,
      0.591,
      0.408
    ],
    [
      0.507,
      0.215,
      0.555,
      0.495,
      0.252,
      0.338,
      0.457,
      0.232,
      0.589,
      0.588,
      0.179,
      0.788,
      0.707,
      0.658,
      1.0,
      0.717,
      0.705,
      0.658,
      0.655,
      0.372,
      0.39,
      0.343,
      0.427,
      0.696,
      0.665,
      0.431,
      0.378,
      0.486,
      0.61,
      0.683,
      0.658,
      0.289,
      0.268,
      0.57,
      0.385,
      0.473,
      0.284,
      0.343,
      0.224,
      0.671,
      0.67,
      0.536,
      0.659,
      0.584,
      0.392
    ],
    [
      0.592,
      0.201,
      0.633,
      0.5,
      0.235,
      0.293,
      0.463,
      0.234,
      0.702,
      0.52,
      0.279,
      0.661,
      0.764,
      0.64,
      0.717,
      1.0,
      0.765,
      0.782,
      0.78,
      0.386,
      0.379,
      0.338,
      0.394,
      0.787,
      0.723,
      0.348,
      0.369,
      0.464,
      0.614,
      0.597,
      0.674,
      0.244,
      0.314,
      0.724,
      0.335,
      0.617,
      0.272,
      0.363,
      0.172,
      0.665,
      0.7,
      0.599,
      0.707,
      0.56,
      0.434
    ],
    [
      0.712,
      0.209,
      0.589,
      0.528,
      0.183,
      0.225,
      0.484,
      0.179,
      0.796,
      0.586,
      0.296,
      0.722,
      0.763,
      0.766,
      0.705,
      0.765,
      1.0,
      0.74,
      0.7,
      0.317,
      0.375,
      0.385,
      0.424,
      0.703,
      0.727,
      0.471,
      0.539,
      0.614,
      0.719,
      0.736,
      0.684,
      0.227,
      0.251,
      0.743,
      0.39,
      0.74,
      0.319,
      0.361,
      0.228,
      0.702,
      0.773,
      0.659,
      0.749,
      0.642,
      0.451
    ],
    [
      0.641,
      0.184,
      0.61,
      0.496,
      0.244,
      0.336,
      0.514,
      0.163,
      0.687,
      0.553,
      0.206,
      0.648,
      0.696,
      0.664,
      0.658,
      0.782,
      0.74,
      1.0,
      0.704,
      0.404,
      0.44,
      0.307,
      0.364,
      0.705,
      0.674,
      0.368,
      0.388,
      0.526,
      0.634,
      0.556,
      0.649,
      0.3,
      0.286,
      0.736,
      0.29,
      0.584,
      0.26,
      0.429,
      0.276,
      0.647,
      0.76,
      0.642,
      0.717,
      0.567,
      0.425
    ],
    [
      0.675,
      0.329,
      0.542,
      0.455,
      0.249,
      0.466,
      0.461,
      0.458,
      0.677,
      0.598,
      0.41,
      0.644,
      0.785,
      0.588,
      0.655,
      0.78,
      0.7,
      0.704,
      1.0,
      0.372,
      0.496,
      0.467,
      0.409,
      0.711,
      0.642,
      0.374,
      0.39,
      0.565,
      0.597,
      0.589,
      0.559,
      0.32,
      0.321,
      0.622,
      0.519,
      0.589,
      0.518,
      0.479,
      0.237,
      0.593,
      0.614,
      0.598,
      0.716,
      0.617,
      0.46
    ],
    [
      0.29,
      0.199,
      0.49,
      0.603,
      0.432,
      0.444,
      0.422,
      0.24,
      0.249,
      0.331,
      0.269,
      0.342,
      0.39,
      0.379,
      0.372,
      0.386,
      0.317,
      0.404,
      0.372,
      1.0,
      0.48,
      0.334,
      0.333,
      0.392,
      0.4,
      0.303,
      0.271,
      0.35,
      0.392,
      0.313,
      0.401,
      0.471,
      0.504,
      0.354,
      0.287,
      0.308,
      0.131,
      0.188,
      0.249,
      0.383,
      0.36,
      0.492,
      0.369,
      0.473,
      0.425
    ],
    [
      0.514,
      0.263,
      0.433,
      0.509,
      0.393,
      0.615,
      0.494,
      0.4,
      0.362,
      0.395,
      0.279,
      0.488,
      0.534,
      0.465,
      0.39,
      0.379,
      0.375,
      0.44,
      0.496,
      0.48,
      1.0,
      0.415,
      0.476,
      0.464,
      0.504,
      0.348,
      0.303,
      0.322,
      0.478,
      0.438,
      0.456,
      0.355,
      0.447,
      0.454,
      0.362,
      0.36,
      0.358,
      0.34,
      0.317,
      0.477,
      0.443,
      0.468,
      0.513,
      0.511,
      0.366
    ],
    [
      0.493,
      0.555,
      0.352,
      0.434,
      0.245,
      0.344,
      0.465,
      0.375,
      0.361,
      0.393,
      0.388,
      0.441,
      0.486,
      0.373,
      0.343,
      0.338,
      0.385,
      0.307,
      0.467,
      0.334,
      0.415,
      1.0,
      0.601,
      0.391,
      0.407,
      0.385,
      0.318,
      0.304,
      0.413,
      0.423,
      0.328,
      0.306,
      0.232,
      0.303,
      0.371,
      0.429,
      0.528,
      0.271,
      0.128,
      0.459,
      0.275,
      0.485,
      0.437,
      0.416,
      0.319
    ],
    [
      0.477,
      0.393,
      0.415,
      0.46,
      0.351,
      0.439,
      0.434,
      0.3,
      0.369,
      0.402,
      0.304,
      0.447,
      0.508,
      0.418,
      0.427,
      0.394,
      0.424,
      0.364,
      0.409,
      0.333,
      0.476,
      0.601,
      1.0,
      0.394,
      0.419,
      0.338,
      0.225,
      0.347,
      0.399,
      0.442,
      0.412,
      0.311,
      0.364,
      0.347,
      0.309,
      0.408,
      0.405,
      0.252,
      0.275,
      0.442,
      0.382,
      0.465,
      0.443,
      0.473,
      0.418
    ],
    [
      0.602,
      0.234,
      0.641,
      0.521,
      0.223,
      0.396,
      0.491,
      0.209,
      0.699,
      0.541,
      0.25,
      0.676,
      0.772,
      0.665,
      0.696,
      0.787,
      0.703,
      0.705,
      0.711,
      0.392,
      0.464,
      0.391,
      0.394,
      1.0,
      0.751,
      0.347,
      0.382,
      0.457,
      0.663,
      0.697,
      0.753,
      0.336,
      0.367,
      0.715,
      0.367,
      0.582,
      0.273,
      0.329,
      0.171,
      0.648,
      0.707,
      0.636,
      0.714,
      0.6,
      0.481
    ],
    [
      0.644,
      0.267,
      0.639,
      0.593,
      0.199,
      0.314,
      0.531,
      0.213,
      0.738,
      0.58,
      0.21,
      0.799,
      0.723,
      0.722,
      0.665,
      0.723,
      0.727,
      0.674,
      0.642,
      0.4,
      0.504,
      0.407,
      0.419,
      0.751,
      1.0,
      0.465,
      0.506,
      0.522,
      0.704,
      0.674,
      0.737,
      0.266,
      0.378,
      0.688,
      0.429,
      0.646,
      0.348,
      0.336,
      0.164,
      0.748,
      0.764,
      0.626,
      0.727,
      0.622,
      0.52
    ],
    [
      0.431,
      0.325,
      0.282,
      0.415,
      0.173,
      0.28,
      0.335,
      0.186,
      0.38,
      0.482,
      0.206,
      0.533,
      0.447,
      0.687,
      0.431,
      0.348,
      0.471,
      0.368,
      0.374,
      0.303,
      0.348,
      0.385,
      0.338,
      0.347,
      0.465,
      1.0,
      0.777,
      0.328,
      0.648,
      0.434,
      0.338,
      0.225,
      0.229,
      0.398,
      0.399,
      0.486,
      0.326,
      0.303,
      0.175,
      0.447,
      0.367,
      0.452,
      0.4,
      0.385,
      0.329
    ],
    [
      0.416,
      0.235,
      0.289,
      0.4,
      0.154,
      0.19,
      0.323,
      0.084,
      0.491,
      0.455,
      0.192,
      0.493,
      0.458,
      0.759,
      0.378,
      0.369,
      0.539,
      0.388,
      0.39,
      0.271,
      0.303,
      0.318,
      0.225,
      0.382,
      0.506,
      0.777,
      1.0,
      0.363,
      0.699,
      0.482,
      0.381,
      0.163,
      0.182,
      0.413,
      0.374,
      0.555,
      0.245,
      0.368,
      0.189,
      0.453,
      0.385,
      0.453,
      0.431,
      0.402,
      0.367
    ],
    [
      0.634,
      0.213,
      0.453,
      0.452,
      0.243,
      0.276,
      0.546,
      0.133,
      0.601,
      0.461,
      0.209,
      0.512,
      0.53,
      0.528,
      0.486,
      0.464,
      0.614,
      0.526,
      0.565,
      0.35,
      0.322,
      0.304,
      0.347,
      0.457,
      0.522,
      0.328,
      0.363,
      1.0,
      0.531,
      0.424,
      0.385,
      0.291,
      0.335,
      0.584,
      0.36,
      0.515,
      0.453,
      0.394,
      0.227,
      0.541,
      0.608,
      0.497,
      0.537,
      0.511,
      0.499
    ],
    [
      0.654,
      0.248,
      0.6,
      0.584,
      0.258,
      0.354,
      0.546,
      0.113,
      0.729,
      0.62,
      0.188,
      0.673,
      0.718,
      0.819,
      0.61,
      0.614,
      0.719,
      0.634,
      0.597,
      0.392,
      0.478,
      0.413,
      0.399,
      0.663,
      0.704,
      0.648,
      0.699,
      0.531,
      1.0,
      0.703,
      0.649,
      0.322,
      0.356,
      0.663,
      0.382,
      0.709,
      0.371,
      0.356,
      0.192,
      0.651,
      0.679,
      0.626,
      0.708,
      0.625,
      0.55
    ],
    [
      0.553,
      0.321,
      0.545,
      0.499,
      0.124,
      0.292,
      0.433,
      0.207,
      0.685,
      0.586,
      0.196,
      0.651,
      0.742,
      0.708,
      0.683,
      0.597,
      0.736,
      0.556,
      0.589,
      0.313,
      0.438,
      0.423,
      0.442,
      0.697,
      0.674,
      0.434,
      0.482,
      0.424,
      0.703,
      1.0,
      0.784,
      0.33,
      0.333,
      0.601,
      0.381,
      0.582,
      0.296,
      0.36,
      0.169,
      0.67,
      0.668,
      0.524,
      0.618,
      0.573,
      0.547
    ],
    [
      0.525,
      0.159,
      0.639,
      0.535,
      0.216,
      0.289,
      0.417,
      0.173,
      0.645,
      0.501,
      0.16,
      0.681,
      0.666,
      0.67,
      0.658,
      0.674,
      0.684,
      0.649,
      0.559,
      0.401,
      0.456,
      0.328,
      0.412,
      0.753,
      0.737,
      0.338,
      0.381,
      0.385,
      0.649,
      0.784,
      1.0,
      0.39,
      0.463,
      0.652,
      0.285,
      0.595,
      0.181,
      0.285,
      0.137,
      0.606,
      0.736,
      0.6,
      0.678,
      0.635,
      0.488
    ],
    [
      0.268,
      0.389,
      0.371,
      0.4,
      0.288,
      0.355,
      0.405,
      0.164,
      0.226,
      0.281,
      0.211,
      0.281,
      0.357,
      0.263,
      0.289,
      0.244,
      0.227,
      0.3,
      0.32,
      0.471,
      0.355,
      0.306,
      0.311,
      0.336,
      0.266,
      0.225,
      0.163,
      0.291,
      0.322,
      0.33,
      0.39,
      1.0,
      0.777,
      0.246,
      0.226,
      0.269,
      0.221,
      0.286,
      0.301,
      0.237,
      0.292,
      0.278,
      0.251,
      0.334,
      0.401
    ],
    [
      0.26,
      0.289,
      0.425,
      0.451,
      0.296,
      0.375,
      0.446,
      0.21,
      0.282,
      0.291,
      0.19,
      0.346,
      0.357,
      0.309,
      0.268,
      0.314,
      0.251,
      0.286,
      0.321,
      0.504,
      0.447,
      0.232,
      0.364,
      0.367,
      0.378,
      0.229,
      0.182,
      0.335,
      0.356,
      0.333,
      0.463,
      0.777,
      1.0,
      0.327,
      0.255,
      0.295,
      0.184,
      0.209,
      0.199,
      0.303,
      0.399,
      0.379,
      0.33,
      0.443,
      0.443
    ],
    [
      0.685,
      0.169,
      0.641,
      0.517,
      0.2,
      0.247,
      0.536,
      0.062,
      0.66,
      0.562,
      0.103,
      0.626,
      0.65,
      0.705,
      0.57,
      0.724,
      0.743,
      0.736,
      0.622,
      0.354,
      0.454,
      0.303,
      0.347,
      0.715,
      0.688,
      0.398,
      0.413,
      0.584,
      0.663,
      0.601,
      0.652,
      0.246,
      0.327,
      1.0,
      0.235,
      0.669,
      0.24,
      0.247,
      0.132,
      0.69,
      0.799,
      0.675,
      0.749,
      0.581,
      0.48
    ],
    [
      0.364,
      0.348,
      0.171,
      0.298,
      0.021,
      0.329,
      0.362,
      0.382,
      0.334,
      0.317,
      0.465,
      0.445,
      0.56,
      0.377,
      0.385,
      0.335,
      0.39,
      0.29,
      0.519,
      0.287,
      0.362,
      0.371,
      0.309,
      0.367,
      0.429,
      0.399,
      0.374,
      0.36,
      0.382,
      0.381,
      0.285,
      0.226,
      0.255,
      0.235,
      1.0,
      0.332,
      0.465,
      0.448,
      0.17,
      0.437,
      0.27,
      0.425,
      0.411,
      0.505,
      0.354
    ],
    [
      0.725,
      0.248,
      0.566,
      0.529,
      0.224,
      0.225,
      0.494,
      0.083,
      0.685,
      0.563,
      0.174,
      0.589,
      0.662,
      0.67,
      0.473,
      0.617,
      0.74,
      0.584,
      0.589,
      0.308,
      0.36,
      0.429,
      0.408,
      0.582,
      0.646,
      0.486,
      0.555,
      0.515,
      0.709,
      0.582,
      0.595,
      0.269,
      0.295,
      0.669,
      0.332,
      1.0,
      0.406,
      0.33,
      0.183,
      0.594,
      0.642,
      0.68,
      0.664,
      0.574,
      0.451
    ],
    [
      0.59,
      0.461,
      0.286,
      0.257,
      0.231,
      0.363,
      0.447,
      0.305,
      0.351,
      0.44,
      0.274,
      0.374,
      0.432,
      0.282,
      0.284,
      0.272,
      0.319,
      0.26,
      0.518,
      0.131,
      0.358,
      0.528,
      0.405,
      0.273,
      0.348,
      0.326,
      0.245,
      0.453,
      0.371,
      0.296,
      0.181,
      0.221,
      0.184,
      0.24,
      0.465,
      0.406,
      1.0,
      0.322,
      0.132,
      0.362,
      0.307,
      0.306,
      0.41,
      0.386,
      0.315
    ],
    [
      0.398,
      0.263,
      0.179,
      0.243,
      0.077,
      0.249,
      0.365,
      0.213,
      0.455,
      0.319,
      0.345,
      0.299,
      0.416,
      0.425,
      0.343,
      0.363,
      0.361,
      0.429,
      0.479,
      0.188,
      0.34,
      0.271,
      0.252,
      0.329,
      0.336,
      0.303,
      0.368,
      0.394,
      0.356,
      0.36,
      0.285,
      0.286,
      0.209,
      0.247,
      0.448,
      0.33,
      0.322,
      1.0,
      0.296,
      0.356,
      0.32,
      0.314,
      0.36,
      0.343,
      0.361
    ],
    [
      0.277,
      0.136,
      0.118,
      0.107,
      0.186,
      0.277,
      0.251,
      0.153,
      0.232,
      0.155,
      0.25,
      0.177,
      0.266,
      0.155,
      0.224,
      0.172,
      0.228,
      0.276,
      0.237,
      0.249,
      0.317,
      0.128,
      0.275,
      0.171,
      0.164,
      0.175,
      0.189,
      0.227,
      0.192,
      0.169,
      0.137,
      0.301,
      0.199,
      0.132,
      0.17,
      0.183,
      0.132,
      0.296,
      1.0,
      0.076,
      0.142,
      0.207,
      0.145,
      0.178,
      0.319
    ],
    [
      0.623,
      0.245,
      0.545,
      0.555,
      0.191,
      0.261,
      0.598,
      0.132,
      0.632,
      0.539,
      0.181,
      0.746,
      0.694,
      0.725,
      0.671,
      0.665,
      0.702,
      0.647,
      0.593,
      0.383,
      0.477,
      0.459,
      0.442,
      0.648,
      0.748,
      0.447,
      0.453,
      0.541,
      0.651,
      0.67,
      0.606,
      0.237,
      0.303,
      0.69,
      0.437,
      0.594,
      0.362,
      0.356,
      0.076,
      1.0,
      0.696,
      0.584,
      0.67,
      0.537,
      0.417
    ],
    [
      0.688,
      0.191,
      0.686,
      0.549,
      0.236,
      0.288,
      0.586,
      0.115,
      0.751,
      0.6,
      0.119,
      0.706,
      0.653,
      0.725,
      0.67,
      0.7,
      0.773,
      0.76,
      0.614,
      0.36,
      0.443,
      0.275,
      0.382,
      0.707,
      0.764,
      0.367,
      0.385,
      0.608,
      0.679,
      0.668,
      0.736,
      0.292,
      0.399,
      0.799,
      0.27,
      0.642,
      0.307,
      0.32,
      0.142,
      0.696,
      1.0,
      0.642,
      0.795,
      0.681,
      0.487
    ],
    [
      0.65,
      0.272,
      0.579,
      0.514,
      0.289,
      0.353,
      0.555,
      0.205,
      0.622,
      0.571,
      0.305,
      0.574,
      0.641,
      0.643,
      0.536,
      0.599,
      0.659,
      0.642,
      0.598,
      0.492,
      0.468,
      0.485,
      0.465,
      0.636,
      0.626,
      0.452,
      0.453,
      0.497,
      0.626,
      0.524,
      0.6,
      0.278,
      0.379,
      0.675,
      0.425,
      0.68,
      0.306,
      0.314,
      0.207,
      0.584,
      0.642,
      1.0,
      0.788,
      0.733,
      0.474
    ],
    [
      0.722,
      0.266,
      0.597,
      0.505,
      0.245,
      0.361,
      0.583,
      0.253,
      0.737,
      0.681,
      0.301,
      0.709,
      0.754,
      0.704,
      0.659,
      0.707,
      0.749,
      0.717,
      0.716,
      0.369,
      0.513,
      0.437,
      0.443,
      0.714,
      0.727,
      0.4,
      0.431,
      0.537,
      0.708,
      0.618,
      0.678,
      0.251,
      0.33,
      0.749,
      0.411,
      0.664,
      0.41,
      0.36,
      0.145,
      0.67,
      0.795,
      0.788,
      1.0,
      0.782,
      0.452
    ],
    [
      0.604,
      0.254,
      0.578,
      0.543,
      0.326,
      0.395,
      0.514,
      0.334,
      0.617,
      0.616,
      0.346,
      0.629,
      0.651,
      0.591,
      0.584,
      0.56,
      0.642,
      0.567,
      0.617,
      0.473,
      0.511,
      0.416,
      0.473,
      0.6,
      0.622,
      0.385,
      0.402,
      0.511,
      0.625,
      0.573,
      0.635,
      0.334,
      0.443,
      0.581,
      0.505,
      0.574,
      0.386,
      0.343,
      0.178,
      0.537,
      0.681,
      0.733,
      0.782,
      1.0,
      0.481
    ],
    [
      0.499,
      0.405,
      0.443,
      0.469,
      0.241,
      0.28,
      0.441,
      0.241,
      0.519,
      0.463,
      0.176,
      0.414,
      0.528,
      0.408,
      0.392,
      0.434,
      0.451,
      0.425,
      0.46,
      0.425,
      0.366,
      0.319,
      0.418,
      0.481,
      0.52,
      0.329,
      0.367,
      0.499,
      0.55,
      0.547,
      0.488,
      0.401,
      0.443,
      0.48,
      0.354,
      0.451,
      0.315,
      0.361,
      0.319,
      0.417,
      0.487,
      0.474,
      0.452,
      0.481,
      1.0
    ]
  ]
}