{
  "feeds": [
    "Brazil | Folha de São Paulo",
    "Brazil | O Globo (via Google News)",
    "China | CGTN Politics",
    "China | CGTN World",
    "China | Global Times",
    "China | People's Daily CN",
    "China | Xinhua English",
    "India | Dainik Bhaskar",
    "India | NDTV World",
    "India | The Hindu Intl",
    "India | Times of India",
    "Iran (Opposition / Diaspora) | Iran International EN",
    "Iran (Opposition / Diaspora) | Iran International FA",
    "Iran (Opposition / Diaspora) | RFE/RL (was Radio Farda)",
    "Iran (State) | IRNA English",
    "Iran (State) | IRNA Farsi",
    "Iran (State) | Tehran Times",
    "Israel | Haaretz",
    "Israel | Jerusalem Post",
    "Israel | Times of Israel",
    "Israel | Ynet Hebrew",
    "Japan | Japan Times",
    "Japan | NHK Japanese",
    "Nigeria | The Punch",
    "Nigeria | Vanguard",
    "Qatar | Al Jazeera Arabic",
    "Qatar | Al Jazeera English",
    "Russia | Meduza",
    "Russia | Moscow Times",
    "Russia | RT",
    "Russia | TASS English",
    "Saudi Arabia | Al Arabiya English (via Google News)",
    "Saudi Arabia | Arab News (via Google News)",
    "South Korea | Korea Herald (via Google News)",
    "South Korea | Yonhap News",
    "Turkey | Daily Sabah",
    "Turkey | Hurriyet",
    "United Kingdom | BBC World",
    "United Kingdom | The Guardian World",
    "United Kingdom | The Telegraph",
    "United States | CNN World",
    "United States | Fox News World",
    "United States | NPR World",
    "Wire Services (Factual Baseline) | AFP / France 24 EN",
    "Wire Services (Factual Baseline) | AFP / France 24 FR",
    "Wire Services (Factual Baseline) | AP News",
    "Wire Services (Factual Baseline) | Reuters (via Google News)"
  ],
  "matrix": [
    [
      1.0,
      0.526,
      0.554,
      0.561,
      0.362,
      0.488,
      0.477,
      0.447,
      0.463,
      0.55,
      0.361,
      0.487,
      0.593,
      0.492,
      0.496,
      0.545,
      0.509,
      0.461,
      0.49,
      0.574,
      0.667,
      0.422,
      0.576,
      0.409,
      0.429,
      0.619,
      0.494,
      0.491,
      0.503,
      0.581,
      0.618,
      0.391,
      0.418,
      0.312,
      0.29,
      0.522,
      0.536,
      0.527,
      0.591,
      0.436,
      0.289,
      0.461,
      0.512,
      0.638,
      0.64,
      0.478,
      0.502
    ],
    [
      0.526,
      1.0,
      0.348,
      0.413,
      0.266,
      0.423,
      0.368,
      0.438,
      0.343,
      0.344,
      0.453,
      0.32,
      0.388,
      0.333,
      0.305,
      0.569,
      0.319,
      0.277,
      0.234,
      0.288,
      0.462,
      0.441,
      0.342,
      0.373,
      0.454,
      0.376,
      0.314,
      0.39,
      0.391,
      0.416,
      0.417,
      0.355,
      0.313,
      0.347,
      0.269,
      0.253,
      0.445,
      0.43,
      0.492,
      0.31,
      0.332,
      0.299,
      0.389,
      0.42,
      0.479,
      0.402,
      0.487
    ],
    [
      0.554,
      0.348,
      1.0,
      0.751,
      0.469,
      0.505,
      0.524,
      0.408,
      0.411,
      0.57,
      0.383,
      0.557,
      0.647,
      0.399,
      0.689,
      0.523,
      0.614,
      0.429,
      0.517,
      0.518,
      0.475,
      0.476,
      0.565,
      0.312,
      0.277,
      0.55,
      0.503,
      0.312,
      0.307,
      0.494,
      0.558,
      0.561,
      0.67,
      0.482,
      0.489,
      0.625,
      0.317,
      0.338,
      0.385,
      0.206,
      0.069,
      0.531,
      0.496,
      0.59,
      0.587,
      0.378,
      0.533
    ],
    [
      0.561,
      0.413,
      0.751,
      1.0,
      0.563,
      0.522,
      0.471,
      0.304,
      0.307,
      0.483,
      0.284,
      0.486,
      0.586,
      0.353,
      0.571,
      0.448,
      0.585,
      0.446,
      0.51,
      0.49,
      0.46,
      0.543,
      0.45,
      0.282,
      0.278,
      0.558,
      0.508,
      0.247,
      0.29,
      0.515,
      0.567,
      0.54,
      0.567,
      0.44,
      0.389,
      0.556,
      0.253,
      0.435,
      0.388,
      0.242,
      0.165,
      0.561,
      0.575,
      0.488,
      0.515,
      0.303,
      0.567
    ],
    [
      0.362,
      0.266,
      0.469,
      0.563,
      1.0,
      0.557,
      0.253,
      0.282,
      0.099,
      0.266,
      0.216,
      0.283,
      0.212,
      0.184,
      0.298,
      0.314,
      0.348,
      0.127,
      0.189,
      0.2,
      0.202,
      0.505,
      0.321,
      0.227,
      0.223,
      0.194,
      0.146,
      0.157,
      0.212,
      0.315,
      0.309,
      0.11,
      0.197,
      0.243,
      0.295,
      0.212,
      0.16,
      0.292,
      0.273,
      0.078,
      0.191,
      0.3,
      0.318,
      0.237,
      0.264,
      0.255,
      0.255
    ],
    [
      0.488,
      0.423,
      0.505,
      0.522,
      0.557,
      1.0,
      0.338,
      0.514,
      0.219,
      0.305,
      0.342,
      0.233,
      0.382,
      0.235,
      0.315,
      0.625,
      0.474,
      0.232,
      0.261,
      0.304,
      0.41,
      0.535,
      0.438,
      0.347,
      0.385,
      0.41,
      0.186,
      0.237,
      0.254,
      0.356,
      0.376,
      0.264,
      0.264,
      0.301,
      0.414,
      0.236,
      0.418,
      0.34,
      0.376,
      0.249,
      0.277,
      0.256,
      0.285,
      0.369,
      0.382,
      0.381,
      0.338
    ],
    [
      0.477,
      0.368,
      0.524,
      0.471,
      0.253,
      0.338,
      1.0,
      0.259,
      0.418,
      0.502,
      0.287,
      0.457,
      0.528,
      0.425,
      0.473,
      0.388,
      0.436,
      0.484,
      0.49,
      0.447,
      0.478,
      0.455,
      0.475,
      0.41,
      0.349,
      0.456,
      0.524,
      0.329,
      0.371,
      0.589,
      0.573,
      0.433,
      0.405,
      0.446,
      0.441,
      0.56,
      0.388,
      0.528,
      0.475,
      0.365,
      0.251,
      0.538,
      0.576,
      0.54,
      0.557,
      0.382,
      0.579
    ],
    [
      0.447,
      0.438,
      0.408,
      0.304,
      0.282,
      0.514,
      0.259,
      1.0,
      0.297,
      0.344,
      0.691,
      0.221,
      0.457,
      0.199,
      0.336,
      0.567,
      0.348,
      0.274,
      0.309,
      0.389,
      0.604,
      0.405,
      0.462,
      0.42,
      0.517,
      0.414,
      0.269,
      0.285,
      0.261,
      0.327,
      0.28,
      0.304,
      0.383,
      0.359,
      0.319,
      0.228,
      0.638,
      0.242,
      0.312,
      0.311,
      0.196,
      0.185,
      0.173,
      0.438,
      0.488,
      0.335,
      0.299
    ],
    [
      0.463,
      0.343,
      0.411,
      0.307,
      0.099,
      0.219,
      0.418,
      0.297,
      1.0,
      0.47,
      0.375,
      0.447,
      0.491,
      0.337,
      0.429,
      0.351,
      0.401,
      0.345,
      0.385,
      0.434,
      0.45,
      0.327,
      0.413,
      0.217,
      0.245,
      0.436,
      0.474,
      0.37,
      0.35,
      0.477,
      0.478,
      0.49,
      0.435,
      0.268,
      0.21,
      0.427,
      0.374,
      0.406,
      0.343,
      0.436,
      0.277,
      0.364,
      0.382,
      0.51,
      0.597,
      0.41,
      0.513
    ],
    [
      0.55,
      0.344,
      0.57,
      0.483,
      0.266,
      0.305,
      0.502,
      0.344,
      0.47,
      1.0,
      0.391,
      0.698,
      0.723,
      0.68,
      0.729,
      0.517,
      0.71,
      0.571,
      0.626,
      0.638,
      0.563,
      0.417,
      0.519,
      0.309,
      0.199,
      0.595,
      0.715,
      0.591,
      0.579,
      0.74,
      0.632,
      0.579,
      0.543,
      0.239,
      0.227,
      0.669,
      0.426,
      0.442,
      0.429,
      0.346,
      0.2,
      0.63,
      0.641,
      0.787,
      0.698,
      0.373,
      0.596
    ],
    [
      0.361,
      0.453,
      0.383,
      0.284,
      0.216,
      0.342,
      0.287,
      0.691,
      0.375,
      0.391,
      1.0,
      0.323,
      0.528,
      0.3,
      0.371,
      0.496,
      0.349,
      0.346,
      0.305,
      0.35,
      0.523,
      0.38,
      0.328,
      0.334,
      0.413,
      0.415,
      0.393,
      0.37,
      0.37,
      0.417,
      0.373,
      0.371,
      0.366,
      0.479,
      0.323,
      0.318,
      0.4,
      0.315,
      0.336,
      0.266,
      0.171,
      0.316,
      0.296,
      0.397,
      0.477,
      0.286,
      0.371
    ],
    [
      0.487,
      0.32,
      0.557,
      0.486,
      0.283,
      0.233,
      0.457,
      0.221,
      0.447,
      0.698,
      0.323,
      1.0,
      0.697,
      0.616,
      0.817,
      0.543,
      0.731,
      0.537,
      0.599,
      0.644,
      0.501,
      0.4,
      0.409,
      0.203,
      0.178,
      0.564,
      0.629,
      0.437,
      0.479,
      0.666,
      0.6,
      0.598,
      0.53,
      0.313,
      0.229,
      0.635,
      0.297,
      0.425,
      0.282,
      0.344,
      0.192,
      0.696,
      0.619,
      0.592,
      0.562,
      0.422,
      0.489
    ],
    [
      0.593,
      0.388,
      0.647,
      0.586,
      0.212,
      0.382,
      0.528,
      0.457,
      0.491,
      0.723,
      0.528,
      0.697,
      1.0,
      0.551,
      0.758,
      0.56,
      0.744,
      0.669,
      0.701,
      0.688,
      0.738,
      0.504,
      0.599,
      0.355,
      0.306,
      0.723,
      0.719,
      0.5,
      0.462,
      0.711,
      0.646,
      0.687,
      0.703,
      0.485,
      0.39,
      0.711,
      0.492,
      0.504,
      0.424,
      0.291,
      0.096,
      0.63,
      0.616,
      0.696,
      0.718,
      0.388,
      0.593
    ],
    [
      0.492,
      0.333,
      0.399,
      0.353,
      0.184,
      0.235,
      0.425,
      0.199,
      0.337,
      0.68,
      0.3,
      0.616,
      0.551,
      1.0,
      0.593,
      0.477,
      0.534,
      0.361,
      0.4,
      0.505,
      0.454,
      0.285,
      0.363,
      0.218,
      0.072,
      0.44,
      0.461,
      0.648,
      0.714,
      0.645,
      0.583,
      0.42,
      0.374,
      0.247,
      0.234,
      0.573,
      0.338,
      0.401,
      0.305,
      0.323,
      0.116,
      0.537,
      0.638,
      0.594,
      0.577,
      0.311,
      0.441
    ],
    [
      0.496,
      0.305,
      0.689,
      0.571,
      0.298,
      0.315,
      0.473,
      0.336,
      0.429,
      0.729,
      0.371,
      0.817,
      0.758,
      0.593,
      1.0,
      0.613,
      0.76,
      0.534,
      0.624,
      0.672,
      0.513,
      0.423,
      0.51,
      0.243,
      0.198,
      0.62,
      0.674,
      0.431,
      0.452,
      0.631,
      0.608,
      0.636,
      0.633,
      0.347,
      0.297,
      0.701,
      0.358,
      0.401,
      0.295,
      0.255,
      0.086,
      0.667,
      0.613,
      0.705,
      0.67,
      0.362,
      0.521
    ],
    [
      0.545,
      0.569,
      0.523,
      0.448,
      0.314,
      0.625,
      0.388,
      0.567,
      0.351,
      0.517,
      0.496,
      0.543,
      0.56,
      0.477,
      0.613,
      1.0,
      0.596,
      0.372,
      0.43,
      0.49,
      0.539,
      0.485,
      0.498,
      0.365,
      0.472,
      0.502,
      0.444,
      0.455,
      0.458,
      0.483,
      0.512,
      0.408,
      0.419,
      0.355,
      0.357,
      0.418,
      0.55,
      0.393,
      0.413,
      0.33,
      0.283,
      0.426,
      0.429,
      0.547,
      0.572,
      0.383,
      0.461
    ],
    [
      0.509,
      0.319,
      0.614,
      0.585,
      0.348,
      0.474,
      0.436,
      0.348,
      0.401,
      0.71,
      0.349,
      0.731,
      0.744,
      0.534,
      0.76,
      0.596,
      1.0,
      0.501,
      0.613,
      0.603,
      0.513,
      0.45,
      0.527,
      0.253,
      0.218,
      0.599,
      0.627,
      0.367,
      0.414,
      0.629,
      0.591,
      0.569,
      0.577,
      0.354,
      0.328,
      0.582,
      0.381,
      0.389,
      0.325,
      0.253,
      0.235,
      0.637,
      0.589,
      0.603,
      0.561,
      0.337,
      0.465
    ],
    [
      0.461,
      0.277,
      0.429,
      0.446,
      0.127,
      0.232,
      0.484,
      0.274,
      0.345,
      0.571,
      0.346,
      0.537,
      0.669,
      0.361,
      0.534,
      0.372,
      0.501,
      1.0,
      0.835,
      0.718,
      0.718,
      0.374,
      0.407,
      0.309,
      0.256,
      0.704,
      0.672,
      0.315,
      0.343,
      0.619,
      0.426,
      0.47,
      0.597,
      0.291,
      0.218,
      0.656,
      0.344,
      0.328,
      0.27,
      0.419,
      0.144,
      0.457,
      0.452,
      0.538,
      0.564,
      0.211,
      0.457
    ],
    [
      0.49,
      0.234,
      0.517,
      0.51,
      0.189,
      0.261,
      0.49,
      0.309,
      0.385,
      0.626,
      0.305,
      0.599,
      0.701,
      0.4,
      0.624,
      0.43,
      0.613,
      0.835,
      1.0,
      0.782,
      0.659,
      0.428,
      0.492,
      0.237,
      0.27,
      0.749,
      0.761,
      0.284,
      0.345,
      0.655,
      0.463,
      0.455,
      0.616,
      0.251,
      0.224,
      0.679,
      0.348,
      0.315,
      0.261,
      0.35,
      0.229,
      0.554,
      0.518,
      0.612,
      0.618,
      0.28,
      0.518
    ],
    [
      0.574,
      0.288,
      0.518,
      0.49,
      0.2,
      0.304,
      0.447,
      0.389,
      0.434,
      0.638,
      0.35,
      0.644,
      0.688,
      0.505,
      0.672,
      0.49,
      0.603,
      0.718,
      0.782,
      1.0,
      0.684,
      0.478,
      0.56,
      0.319,
      0.298,
      0.673,
      0.664,
      0.452,
      0.516,
      0.638,
      0.486,
      0.466,
      0.636,
      0.319,
      0.261,
      0.64,
      0.473,
      0.374,
      0.347,
      0.443,
      0.292,
      0.546,
      0.518,
      0.648,
      0.646,
      0.367,
      0.483
    ],
    [
      0.667,
      0.462,
      0.475,
      0.46,
      0.202,
      0.41,
      0.478,
      0.604,
      0.45,
      0.563,
      0.523,
      0.501,
      0.738,
      0.454,
      0.513,
      0.539,
      0.513,
      0.718,
      0.659,
      0.684,
      1.0,
      0.479,
      0.594,
      0.465,
      0.529,
      0.715,
      0.569,
      0.478,
      0.478,
      0.637,
      0.526,
      0.475,
      0.565,
      0.373,
      0.341,
      0.574,
      0.589,
      0.486,
      0.466,
      0.492,
      0.22,
      0.435,
      0.41,
      0.648,
      0.725,
      0.406,
      0.524
    ],
    [
      0.422,
      0.441,
      0.476,
      0.543,
      0.505,
      0.535,
      0.455,
      0.405,
      0.327,
      0.417,
      0.38,
      0.4,
      0.504,
      0.285,
      0.423,
      0.485,
      0.45,
      0.374,
      0.428,
      0.478,
      0.479,
      1.0,
      0.547,
      0.447,
      0.377,
      0.373,
      0.438,
      0.391,
      0.424,
      0.551,
      0.472,
      0.374,
      0.423,
      0.43,
      0.408,
      0.402,
      0.391,
      0.463,
      0.438,
      0.297,
      0.267,
      0.533,
      0.446,
      0.439,
      0.496,
      0.336,
      0.487
    ],
    [
      0.576,
      0.342,
      0.565,
      0.45,
      0.321,
      0.438,
      0.475,
      0.462,
      0.413,
      0.519,
      0.328,
      0.409,
      0.599,
      0.363,
      0.51,
      0.498,
      0.527,
      0.407,
      0.492,
      0.56,
      0.594,
      0.547,
      1.0,
      0.4,
      0.349,
      0.485,
      0.489,
      0.372,
      0.367,
      0.511,
      0.504,
      0.346,
      0.445,
      0.358,
      0.333,
      0.519,
      0.559,
      0.51,
      0.588,
      0.382,
      0.235,
      0.442,
      0.455,
      0.577,
      0.643,
      0.435,
      0.454
    ],
    [
      0.409,
      0.373,
      0.312,
      0.282,
      0.227,
      0.347,
      0.41,
      0.42,
      0.217,
      0.309,
      0.334,
      0.203,
      0.355,
      0.218,
      0.243,
      0.365,
      0.253,
      0.309,
      0.237,
      0.319,
      0.465,
      0.447,
      0.4,
      1.0,
      0.396,
      0.337,
      0.29,
      0.327,
      0.288,
      0.326,
      0.32,
      0.321,
      0.286,
      0.38,
      0.355,
      0.362,
      0.548,
      0.335,
      0.442,
      0.295,
      0.085,
      0.238,
      0.27,
      0.357,
      0.405,
      0.254,
      0.33
    ],
    [
      0.429,
      0.454,
      0.277,
      0.278,
      0.223,
      0.385,
      0.349,
      0.517,
      0.245,
      0.199,
      0.413,
      0.178,
      0.306,
      0.072,
      0.198,
      0.472,
      0.218,
      0.256,
      0.27,
      0.298,
      0.529,
      0.377,
      0.349,
      0.396,
      1.0,
      0.293,
      0.252,
      0.257,
      0.223,
      0.231,
      0.21,
      0.207,
      0.264,
      0.273,
      0.293,
      0.23,
      0.476,
      0.326,
      0.374,
      0.358,
      0.28,
      0.106,
      0.155,
      0.366,
      0.453,
      0.299,
      0.344
    ],
    [
      0.619,
      0.376,
      0.55,
      0.558,
      0.194,
      0.41,
      0.456,
      0.414,
      0.436,
      0.595,
      0.415,
      0.564,
      0.723,
      0.44,
      0.62,
      0.502,
      0.599,
      0.704,
      0.749,
      0.673,
      0.715,
      0.373,
      0.485,
      0.337,
      0.293,
      1.0,
      0.699,
      0.351,
      0.362,
      0.593,
      0.51,
      0.567,
      0.657,
      0.29,
      0.266,
      0.678,
      0.378,
      0.36,
      0.373,
      0.435,
      0.132,
      0.48,
      0.53,
      0.663,
      0.661,
      0.329,
      0.56
    ],
    [
      0.494,
      0.314,
      0.503,
      0.508,
      0.146,
      0.186,
      0.524,
      0.269,
      0.474,
      0.715,
      0.393,
      0.629,
      0.719,
      0.461,
      0.674,
      0.444,
      0.627,
      0.672,
      0.761,
      0.664,
      0.569,
      0.438,
      0.489,
      0.29,
      0.252,
      0.699,
      1.0,
      0.345,
      0.378,
      0.696,
      0.566,
      0.585,
      0.584,
      0.29,
      0.186,
      0.717,
      0.333,
      0.454,
      0.398,
      0.356,
      0.239,
      0.649,
      0.608,
      0.684,
      0.688,
      0.367,
      0.667
    ],
    [
      0.491,
      0.39,
      0.312,
      0.247,
      0.157,
      0.237,
      0.329,
      0.285,
      0.37,
      0.591,
      0.37,
      0.437,
      0.5,
      0.648,
      0.431,
      0.455,
      0.367,
      0.315,
      0.284,
      0.452,
      0.478,
      0.391,
      0.372,
      0.327,
      0.257,
      0.351,
      0.345,
      1.0,
      0.845,
      0.561,
      0.504,
      0.338,
      0.342,
      0.253,
      0.246,
      0.398,
      0.428,
      0.394,
      0.378,
      0.371,
      0.185,
      0.384,
      0.495,
      0.541,
      0.556,
      0.341,
      0.359
    ],
    [
      0.503,
      0.391,
      0.307,
      0.29,
      0.212,
      0.254,
      0.371,
      0.261,
      0.35,
      0.579,
      0.37,
      0.479,
      0.462,
      0.714,
      0.452,
      0.458,
      0.414,
      0.343,
      0.345,
      0.516,
      0.478,
      0.424,
      0.367,
      0.288,
      0.223,
      0.362,
      0.378,
      0.845,
      1.0,
      0.608,
      0.522,
      0.311,
      0.363,
      0.256,
      0.262,
      0.396,
      0.381,
      0.41,
      0.325,
      0.408,
      0.267,
      0.439,
      0.506,
      0.547,
      0.558,
      0.302,
      0.402
    ],
    [
      0.581,
      0.416,
      0.494,
      0.515,
      0.315,
      0.356,
      0.589,
      0.327,
      0.477,
      0.74,
      0.417,
      0.666,
      0.711,
      0.645,
      0.631,
      0.483,
      0.629,
      0.619,
      0.655,
      0.638,
      0.637,
      0.551,
      0.511,
      0.326,
      0.231,
      0.593,
      0.696,
      0.561,
      0.608,
      1.0,
      0.698,
      0.603,
      0.545,
      0.388,
      0.292,
      0.679,
      0.413,
      0.612,
      0.443,
      0.466,
      0.326,
      0.682,
      0.698,
      0.65,
      0.681,
      0.515,
      0.661
    ],
    [
      0.618,
      0.417,
      0.558,
      0.567,
      0.309,
      0.376,
      0.573,
      0.28,
      0.478,
      0.632,
      0.373,
      0.6,
      0.646,
      0.583,
      0.608,
      0.512,
      0.591,
      0.426,
      0.463,
      0.486,
      0.526,
      0.472,
      0.504,
      0.32,
      0.21,
      0.51,
      0.566,
      0.504,
      0.522,
      0.698,
      1.0,
      0.53,
      0.395,
      0.385,
      0.35,
      0.547,
      0.385,
      0.601,
      0.499,
      0.316,
      0.238,
      0.644,
      0.657,
      0.556,
      0.59,
      0.506,
      0.64
    ],
    [
      0.391,
      0.355,
      0.561,
      0.54,
      0.11,
      0.264,
      0.433,
      0.304,
      0.49,
      0.579,
      0.371,
      0.598,
      0.687,
      0.42,
      0.636,
      0.408,
      0.569,
      0.47,
      0.455,
      0.466,
      0.475,
      0.374,
      0.346,
      0.321,
      0.207,
      0.567,
      0.585,
      0.338,
      0.311,
      0.603,
      0.53,
      1.0,
      0.719,
      0.461,
      0.327,
      0.603,
      0.341,
      0.347,
      0.289,
      0.288,
      0.088,
      0.567,
      0.571,
      0.537,
      0.527,
      0.341,
      0.608
    ],
    [
      0.418,
      0.313,
      0.67,
      0.567,
      0.197,
      0.264,
      0.405,
      0.383,
      0.435,
      0.543,
      0.366,
      0.53,
      0.703,
      0.374,
      0.633,
      0.419,
      0.577,
      0.597,
      0.616,
      0.636,
      0.565,
      0.423,
      0.445,
      0.286,
      0.264,
      0.657,
      0.584,
      0.342,
      0.363,
      0.545,
      0.395,
      0.719,
      1.0,
      0.49,
      0.381,
      0.654,
      0.324,
      0.244,
      0.23,
      0.315,
      0.095,
      0.461,
      0.474,
      0.584,
      0.57,
      0.243,
      0.547
    ],
    [
      0.312,
      0.347,
      0.482,
      0.44,
      0.243,
      0.301,
      0.446,
      0.359,
      0.268,
      0.239,
      0.479,
      0.313,
      0.485,
      0.247,
      0.347,
      0.355,
      0.354,
      0.291,
      0.251,
      0.319,
      0.373,
      0.43,
      0.358,
      0.38,
      0.273,
      0.29,
      0.29,
      0.253,
      0.256,
      0.388,
      0.385,
      0.461,
      0.49,
      1.0,
      0.758,
      0.32,
      0.24,
      0.324,
      0.243,
      0.234,
      0.158,
      0.348,
      0.288,
      0.272,
      0.347,
      0.201,
      0.452
    ],
    [
      0.29,
      0.269,
      0.489,
      0.389,
      0.295,
      0.414,
      0.441,
      0.319,
      0.21,
      0.227,
      0.323,
      0.229,
      0.39,
      0.234,
      0.297,
      0.357,
      0.328,
      0.218,
      0.224,
      0.261,
      0.341,
      0.408,
      0.333,
      0.355,
      0.293,
      0.266,
      0.186,
      0.246,
      0.262,
      0.292,
      0.35,
      0.327,
      0.381,
      0.758,
      1.0,
      0.287,
      0.209,
      0.18,
      0.177,
      0.19,
      0.111,
      0.216,
      0.19,
      0.292,
      0.327,
      0.152,
      0.316
    ],
    [
      0.522,
      0.253,
      0.625,
      0.556,
      0.212,
      0.236,
      0.56,
      0.228,
      0.427,
      0.669,
      0.318,
      0.635,
      0.711,
      0.573,
      0.701,
      0.418,
      0.582,
      0.656,
      0.679,
      0.64,
      0.574,
      0.402,
      0.519,
      0.362,
      0.23,
      0.678,
      0.717,
      0.398,
      0.396,
      0.679,
      0.547,
      0.603,
      0.654,
      0.32,
      0.287,
      1.0,
      0.356,
      0.494,
      0.384,
      0.317,
      0.111,
      0.607,
      0.685,
      0.664,
      0.71,
      0.399,
      0.599
    ],
    [
      0.536,
      0.445,
      0.317,
      0.253,
      0.16,
      0.418,
      0.388,
      0.638,
      0.374,
      0.426,
      0.4,
      0.297,
      0.492,
      0.338,
      0.358,
      0.55,
      0.381,
      0.344,
      0.348,
      0.473,
      0.589,
      0.391,
      0.559,
      0.548,
      0.476,
      0.378,
      0.333,
      0.428,
      0.381,
      0.413,
      0.385,
      0.341,
      0.324,
      0.24,
      0.209,
      0.356,
      1.0,
      0.402,
      0.482,
      0.401,
      0.227,
      0.332,
      0.37,
      0.507,
      0.544,
      0.391,
      0.345
    ],
    [
      0.527,
      0.43,
      0.338,
      0.435,
      0.292,
      0.34,
      0.528,
      0.242,
      0.406,
      0.442,
      0.315,
      0.425,
      0.504,
      0.401,
      0.401,
      0.393,
      0.389,
      0.328,
      0.315,
      0.374,
      0.486,
      0.463,
      0.51,
      0.335,
      0.326,
      0.36,
      0.454,
      0.394,
      0.41,
      0.612,
      0.601,
      0.347,
      0.244,
      0.324,
      0.18,
      0.494,
      0.402,
      1.0,
      0.653,
      0.434,
      0.334,
      0.523,
      0.537,
      0.427,
      0.544,
      0.508,
      0.593
    ],
    [
      0.591,
      0.492,
      0.385,
      0.388,
      0.273,
      0.376,
      0.475,
      0.312,
      0.343,
      0.429,
      0.336,
      0.282,
      0.424,
      0.305,
      0.295,
      0.413,
      0.325,
      0.27,
      0.261,
      0.347,
      0.466,
      0.438,
      0.588,
      0.442,
      0.374,
      0.373,
      0.398,
      0.378,
      0.325,
      0.443,
      0.499,
      0.289,
      0.23,
      0.243,
      0.177,
      0.384,
      0.482,
      0.653,
      1.0,
      0.384,
      0.294,
      0.356,
      0.455,
      0.53,
      0.565,
      0.46,
      0.453
    ],
    [
      0.436,
      0.31,
      0.206,
      0.242,
      0.078,
      0.249,
      0.365,
      0.311,
      0.436,
      0.346,
      0.266,
      0.344,
      0.291,
      0.323,
      0.255,
      0.33,
      0.253,
      0.419,
      0.35,
      0.443,
      0.492,
      0.297,
      0.382,
      0.295,
      0.358,
      0.435,
      0.356,
      0.371,
      0.408,
      0.466,
      0.316,
      0.288,
      0.315,
      0.234,
      0.19,
      0.317,
      0.401,
      0.434,
      0.384,
      1.0,
      0.296,
      0.281,
      0.292,
      0.454,
      0.476,
      0.324,
      0.396
    ],
    [
      0.289,
      0.332,
      0.069,
      0.165,
      0.191,
      0.277,
      0.251,
      0.196,
      0.277,
      0.2,
      0.171,
      0.192,
      0.096,
      0.116,
      0.086,
      0.283,
      0.235,
      0.144,
      0.229,
      0.292,
      0.22,
      0.267,
      0.235,
      0.085,
      0.28,
      0.132,
      0.239,
      0.185,
      0.267,
      0.326,
      0.238,
      0.088,
      0.095,
      0.158,
      0.111,
      0.111,
      0.227,
      0.334,
      0.294,
      0.296,
      1.0,
      0.199,
      0.228,
      0.122,
      0.2,
      0.325,
      0.287
    ],
    [
      0.461,
      0.299,
      0.531,
      0.561,
      0.3,
      0.256,
      0.538,
      0.185,
      0.364,
      0.63,
      0.316,
      0.696,
      0.63,
      0.537,
      0.667,
      0.426,
      0.637,
      0.457,
      0.554,
      0.546,
      0.435,
      0.533,
      0.442,
      0.238,
      0.106,
      0.48,
      0.649,
      0.384,
      0.439,
      0.682,
      0.644,
      0.567,
      0.461,
      0.348,
      0.216,
      0.607,
      0.332,
      0.523,
      0.356,
      0.281,
      0.199,
      1.0,
      0.698,
      0.508,
      0.501,
      0.413,
      0.551
    ],
    [
      0.512,
      0.389,
      0.496,
      0.575,
      0.318,
      0.285,
      0.576,
      0.173,
      0.382,
      0.641,
      0.296,
      0.619,
      0.616,
      0.638,
      0.613,
      0.429,
      0.589,
      0.452,
      0.518,
      0.518,
      0.41,
      0.446,
      0.455,
      0.27,
      0.155,
      0.53,
      0.608,
      0.495,
      0.506,
      0.698,
      0.657,
      0.571,
      0.474,
      0.288,
      0.19,
      0.685,
      0.37,
      0.537,
      0.455,
      0.292,
      0.228,
      0.698,
      1.0,
      0.579,
      0.583,
      0.485,
      0.595
    ],
    [
      0.638,
      0.42,
      0.59,
      0.488,
      0.237,
      0.369,
      0.54,
      0.438,
      0.51,
      0.787,
      0.397,
      0.592,
      0.696,
      0.594,
      0.705,
      0.547,
      0.603,
      0.538,
      0.612,
      0.648,
      0.648,
      0.439,
      0.577,
      0.357,
      0.366,
      0.663,
      0.684,
      0.541,
      0.547,
      0.65,
      0.556,
      0.537,
      0.584,
      0.272,
      0.292,
      0.664,
      0.507,
      0.427,
      0.53,
      0.454,
      0.122,
      0.508,
      0.579,
      1.0,
      0.862,
      0.464,
      0.64
    ],
    [
      0.64,
      0.479,
      0.587,
      0.515,
      0.264,
      0.382,
      0.557,
      0.488,
      0.597,
      0.698,
      0.477,
      0.562,
      0.718,
      0.577,
      0.67,
      0.572,
      0.561,
      0.564,
      0.618,
      0.646,
      0.725,
      0.496,
      0.643,
      0.405,
      0.453,
      0.661,
      0.688,
      0.556,
      0.558,
      0.681,
      0.59,
      0.527,
      0.57,
      0.347,
      0.327,
      0.71,
      0.544,
      0.544,
      0.565,
      0.476,
      0.2,
      0.501,
      0.583,
      0.862,
      1.0,
      0.477,
      0.652
    ],
    [
      0.478,
      0.402,
      0.378,
      0.303,
      0.255,
      0.381,
      0.382,
      0.335,
      0.41,
      0.373,
      0.286,
      0.422,
      0.388,
      0.311,
      0.362,
      0.383,
      0.337,
      0.211,
      0.28,
      0.367,
      0.406,
      0.336,
      0.435,
      0.254,
      0.299,
      0.329,
      0.367,
      0.341,
      0.302,
      0.515,
      0.506,
      0.341,
      0.243,
      0.201,
      0.152,
      0.399,
      0.391,
      0.508,
      0.46,
      0.324,
      0.325,
      0.413,
      0.485,
      0.464,
      0.477,
      1.0,
      0.493
    ],
    [
      0.502,
      0.487,
      0.533,
      0.567,
      0.255,
      0.338,
      0.579,
      0.299,
      0.513,
      0.596,
      0.371,
      0.489,
      0.593,
      0.441,
      0.521,
      0.461,
      0.465,
      0.457,
      0.518,
      0.483,
      0.524,
      0.487,
      0.454,
      0.33,
      0.344,
      0.56,
      0.667,
      0.359,
      0.402,
      0.661,
      0.64,
      0.608,
      0.547,
      0.452,
      0.316,
      0.599,
      0.345,
      0.593,
      0.453,
      0.396,
      0.287,
      0.551,
      0.595,
      0.64,
      0.652,
      0.493,
      1.0
    ]
  ]
}