{
  "feeds": [
    "Brazil | Folha de São Paulo",
    "Brazil | O Globo (via Google News)",
    "China | CGTN Politics",
    "China | CGTN World",
    "China | Global Times",
    "China | People's Daily CN",
    "China | Xinhua English",
    "India | Dainik Bhaskar",
    "India | NDTV World",
    "India | The Hindu Intl",
    "India | Times of India",
    "Iran (Opposition / Diaspora) | Iran International EN",
    "Iran (Opposition / Diaspora) | Iran International FA",
    "Iran (Opposition / Diaspora) | RFE/RL (was Radio Farda)",
    "Iran (State) | IRNA English",
    "Iran (State) | IRNA Farsi",
    "Iran (State) | Tehran Times",
    "Israel | Haaretz",
    "Israel | Jerusalem Post",
    "Israel | Times of Israel",
    "Israel | Ynet Hebrew",
    "Japan | Japan Times",
    "Japan | NHK Japanese",
    "Nigeria | The Punch",
    "Nigeria | Vanguard",
    "Qatar | Al Jazeera Arabic",
    "Qatar | Al Jazeera English",
    "Russia | Meduza",
    "Russia | Moscow Times",
    "Russia | RT",
    "Russia | TASS English",
    "Saudi Arabia | Al Arabiya English (via Google News)",
    "Saudi Arabia | Arab News (via Google News)",
    "South Korea | Korea Herald (via Google News)",
    "South Korea | Yonhap News",
    "Turkey | Daily Sabah",
    "Turkey | Hurriyet",
    "United Kingdom | BBC World",
    "United Kingdom | The Guardian World",
    "United Kingdom | The Telegraph",
    "United States | CNN World",
    "United States | Fox News World",
    "United States | NPR World",
    "Wire Services (Factual Baseline) | AFP / France 24 EN",
    "Wire Services (Factual Baseline) | AFP / France 24 FR",
    "Wire Services (Factual Baseline) | AP News",
    "Wire Services (Factual Baseline) | Reuters (via Google News)"
  ],
  "matrix": [
    [
      1.0,
      0.554,
      0.475,
      0.511,
      0.283,
      0.437,
      0.466,
      0.424,
      0.481,
      0.606,
      0.367,
      0.582,
      0.673,
      0.537,
      0.619,
      0.616,
      0.539,
      0.589,
      0.585,
      0.568,
      0.678,
      0.238,
      0.484,
      0.498,
      0.512,
      0.64,
      0.654,
      0.316,
      0.37,
      0.565,
      0.342,
      0.54,
      0.463,
      0.197,
      0.203,
      0.563,
      0.45,
      0.61,
      0.626,
      0.371,
      0.278,
      0.593,
      0.522,
      0.543,
      0.744,
      0.552,
      0.489
    ],
    [
      0.554,
      1.0,
      0.365,
      0.44,
      0.236,
      0.46,
      0.441,
      0.38,
      0.371,
      0.331,
      0.362,
      0.313,
      0.399,
      0.328,
      0.335,
      0.548,
      0.319,
      0.182,
      0.285,
      0.326,
      0.402,
      0.277,
      0.392,
      0.535,
      0.491,
      0.475,
      0.422,
      0.364,
      0.345,
      0.457,
      0.406,
      0.358,
      0.337,
      0.401,
      0.35,
      0.309,
      0.512,
      0.422,
      0.62,
      0.396,
      0.293,
      0.461,
      0.336,
      0.361,
      0.412,
      0.454,
      0.356
    ],
    [
      0.475,
      0.365,
      1.0,
      0.751,
      0.469,
      0.505,
      0.524,
      0.342,
      0.391,
      0.617,
      0.346,
      0.616,
      0.559,
      0.519,
      0.569,
      0.604,
      0.614,
      0.46,
      0.537,
      0.392,
      0.494,
      0.333,
      0.398,
      0.477,
      0.437,
      0.437,
      0.616,
      0.255,
      0.329,
      0.365,
      0.442,
      0.643,
      0.662,
      0.466,
      0.353,
      0.569,
      0.392,
      0.451,
      0.451,
      0.206,
      0.069,
      0.466,
      0.613,
      0.521,
      0.519,
      0.593,
      0.401
    ],
    [
      0.511,
      0.44,
      0.751,
      1.0,
      0.563,
      0.522,
      0.471,
      0.292,
      0.436,
      0.638,
      0.401,
      0.508,
      0.561,
      0.481,
      0.574,
      0.59,
      0.585,
      0.412,
      0.434,
      0.36,
      0.464,
      0.344,
      0.396,
      0.44,
      0.395,
      0.548,
      0.633,
      0.148,
      0.249,
      0.332,
      0.389,
      0.578,
      0.627,
      0.391,
      0.305,
      0.542,
      0.343,
      0.42,
      0.427,
      0.242,
      0.165,
      0.433,
      0.551,
      0.472,
      0.503,
      0.533,
      0.398
    ],
    [
      0.283,
      0.236,
      0.469,
      0.563,
      1.0,
      0.557,
      0.253,
      0.252,
      0.375,
      0.334,
      0.208,
      0.321,
      0.234,
      0.249,
      0.203,
      0.375,
      0.348,
      0.087,
      0.183,
      0.155,
      0.17,
      0.291,
      0.313,
      0.295,
      0.183,
      0.254,
      0.355,
      0.079,
      0.132,
      0.17,
      0.28,
      0.189,
      0.247,
      0.255,
      0.254,
      0.292,
      0.156,
      0.272,
      0.318,
      0.078,
      0.191,
      0.227,
      0.272,
      0.279,
      0.25,
      0.278,
      0.165
    ],
    [
      0.437,
      0.46,
      0.505,
      0.522,
      0.557,
      1.0,
      0.338,
      0.482,
      0.271,
      0.296,
      0.356,
      0.322,
      0.388,
      0.244,
      0.264,
      0.586,
      0.474,
      0.169,
      0.262,
      0.265,
      0.457,
      0.274,
      0.541,
      0.521,
      0.352,
      0.408,
      0.35,
      0.195,
      0.174,
      0.321,
      0.363,
      0.271,
      0.315,
      0.288,
      0.35,
      0.245,
      0.48,
      0.282,
      0.424,
      0.249,
      0.277,
      0.269,
      0.331,
      0.285,
      0.304,
      0.413,
      0.194
    ],
    [
      0.466,
      0.441,
      0.524,
      0.471,
      0.253,
      0.338,
      1.0,
      0.331,
      0.457,
      0.511,
      0.345,
      0.427,
      0.523,
      0.433,
      0.561,
      0.45,
      0.436,
      0.462,
      0.515,
      0.404,
      0.462,
      0.396,
      0.397,
      0.406,
      0.456,
      0.543,
      0.541,
      0.254,
      0.344,
      0.519,
      0.383,
      0.453,
      0.423,
      0.438,
      0.304,
      0.448,
      0.421,
      0.512,
      0.506,
      0.365,
      0.251,
      0.437,
      0.527,
      0.56,
      0.529,
      0.557,
      0.463
    ],
    [
      0.424,
      0.38,
      0.342,
      0.292,
      0.252,
      0.482,
      0.331,
      1.0,
      0.38,
      0.3,
      0.544,
      0.373,
      0.489,
      0.249,
      0.293,
      0.57,
      0.341,
      0.255,
      0.319,
      0.314,
      0.5,
      0.316,
      0.528,
      0.435,
      0.439,
      0.333,
      0.311,
      0.323,
      0.288,
      0.439,
      0.277,
      0.205,
      0.304,
      0.361,
      0.391,
      0.221,
      0.67,
      0.295,
      0.487,
      0.437,
      0.263,
      0.359,
      0.316,
      0.189,
      0.348,
      0.456,
      0.248
    ],
    [
      0.481,
      0.371,
      0.391,
      0.436,
      0.375,
      0.271,
      0.457,
      0.38,
      1.0,
      0.545,
      0.417,
      0.574,
      0.659,
      0.593,
      0.545,
      0.492,
      0.493,
      0.345,
      0.465,
      0.318,
      0.352,
      0.369,
      0.52,
      0.336,
      0.451,
      0.475,
      0.61,
      0.41,
      0.422,
      0.516,
      0.394,
      0.518,
      0.438,
      0.433,
      0.292,
      0.521,
      0.409,
      0.532,
      0.461,
      0.365,
      0.282,
      0.471,
      0.582,
      0.498,
      0.465,
      0.559,
      0.407
    ],
    [
      0.606,
      0.331,
      0.617,
      0.638,
      0.334,
      0.296,
      0.511,
      0.3,
      0.545,
      1.0,
      0.375,
      0.693,
      0.74,
      0.666,
      0.785,
      0.589,
      0.695,
      0.628,
      0.639,
      0.42,
      0.547,
      0.263,
      0.4,
      0.327,
      0.483,
      0.592,
      0.715,
      0.364,
      0.486,
      0.437,
      0.45,
      0.665,
      0.623,
      0.357,
      0.301,
      0.693,
      0.382,
      0.53,
      0.44,
      0.303,
      0.125,
      0.505,
      0.627,
      0.585,
      0.661,
      0.575,
      0.5
    ],
    [
      0.367,
      0.362,
      0.346,
      0.401,
      0.208,
      0.356,
      0.345,
      0.544,
      0.417,
      0.375,
      1.0,
      0.385,
      0.525,
      0.303,
      0.381,
      0.549,
      0.415,
      0.268,
      0.298,
      0.306,
      0.461,
      0.388,
      0.353,
      0.429,
      0.417,
      0.437,
      0.418,
      0.107,
      0.156,
      0.386,
      0.25,
      0.391,
      0.419,
      0.402,
      0.343,
      0.274,
      0.473,
      0.347,
      0.4,
      0.267,
      0.224,
      0.319,
      0.402,
      0.315,
      0.329,
      0.395,
      0.305
    ],
    [
      0.582,
      0.313,
      0.616,
      0.508,
      0.321,
      0.322,
      0.427,
      0.373,
      0.574,
      0.693,
      0.385,
      1.0,
      0.778,
      0.768,
      0.729,
      0.687,
      0.777,
      0.471,
      0.608,
      0.383,
      0.563,
      0.322,
      0.432,
      0.349,
      0.488,
      0.589,
      0.638,
      0.428,
      0.517,
      0.47,
      0.502,
      0.644,
      0.627,
      0.371,
      0.361,
      0.644,
      0.477,
      0.571,
      0.422,
      0.303,
      0.265,
      0.497,
      0.733,
      0.609,
      0.666,
      0.654,
      0.582
    ],
    [
      0.673,
      0.399,
      0.559,
      0.561,
      0.234,
      0.388,
      0.523,
      0.489,
      0.659,
      0.74,
      0.525,
      0.778,
      1.0,
      0.745,
      0.759,
      0.721,
      0.749,
      0.605,
      0.701,
      0.5,
      0.692,
      0.345,
      0.527,
      0.458,
      0.556,
      0.704,
      0.71,
      0.379,
      0.516,
      0.547,
      0.484,
      0.709,
      0.669,
      0.367,
      0.306,
      0.643,
      0.576,
      0.613,
      0.532,
      0.352,
      0.213,
      0.559,
      0.727,
      0.588,
      0.679,
      0.68,
      0.595
    ],
    [
      0.537,
      0.328,
      0.519,
      0.481,
      0.249,
      0.244,
      0.433,
      0.249,
      0.593,
      0.666,
      0.303,
      0.768,
      0.745,
      1.0,
      0.74,
      0.587,
      0.65,
      0.477,
      0.599,
      0.374,
      0.47,
      0.363,
      0.401,
      0.36,
      0.412,
      0.617,
      0.696,
      0.546,
      0.684,
      0.473,
      0.659,
      0.662,
      0.614,
      0.287,
      0.189,
      0.732,
      0.438,
      0.53,
      0.429,
      0.347,
      0.185,
      0.511,
      0.678,
      0.677,
      0.664,
      0.567,
      0.66
    ],
    [
      0.619,
      0.335,
      0.569,
      0.574,
      0.203,
      0.264,
      0.561,
      0.293,
      0.545,
      0.785,
      0.381,
      0.729,
      0.759,
      0.74,
      1.0,
      0.618,
      0.696,
      0.673,
      0.71,
      0.515,
      0.574,
      0.247,
      0.437,
      0.344,
      0.481,
      0.64,
      0.756,
      0.392,
      0.492,
      0.502,
      0.504,
      0.739,
      0.635,
      0.278,
      0.164,
      0.794,
      0.417,
      0.608,
      0.452,
      0.339,
      0.099,
      0.496,
      0.679,
      0.698,
      0.754,
      0.597,
      0.569
    ],
    [
      0.616,
      0.548,
      0.604,
      0.59,
      0.375,
      0.586,
      0.45,
      0.57,
      0.492,
      0.589,
      0.549,
      0.687,
      0.721,
      0.587,
      0.618,
      1.0,
      0.691,
      0.456,
      0.535,
      0.49,
      0.675,
      0.336,
      0.499,
      0.532,
      0.495,
      0.615,
      0.607,
      0.429,
      0.5,
      0.531,
      0.497,
      0.542,
      0.623,
      0.438,
      0.338,
      0.465,
      0.614,
      0.555,
      0.515,
      0.4,
      0.24,
      0.514,
      0.544,
      0.54,
      0.541,
      0.61,
      0.507
    ],
    [
      0.539,
      0.319,
      0.614,
      0.585,
      0.348,
      0.474,
      0.436,
      0.341,
      0.493,
      0.695,
      0.415,
      0.777,
      0.749,
      0.65,
      0.696,
      0.691,
      1.0,
      0.533,
      0.63,
      0.392,
      0.569,
      0.304,
      0.457,
      0.413,
      0.448,
      0.626,
      0.618,
      0.324,
      0.458,
      0.416,
      0.47,
      0.638,
      0.646,
      0.329,
      0.361,
      0.624,
      0.428,
      0.554,
      0.354,
      0.253,
      0.235,
      0.411,
      0.677,
      0.571,
      0.625,
      0.594,
      0.535
    ],
    [
      0.589,
      0.182,
      0.46,
      0.412,
      0.087,
      0.169,
      0.462,
      0.255,
      0.345,
      0.628,
      0.268,
      0.471,
      0.605,
      0.477,
      0.673,
      0.456,
      0.533,
      1.0,
      0.745,
      0.692,
      0.717,
      0.24,
      0.288,
      0.323,
      0.357,
      0.513,
      0.572,
      0.238,
      0.359,
      0.449,
      0.343,
      0.553,
      0.581,
      0.227,
      0.129,
      0.524,
      0.253,
      0.572,
      0.277,
      0.336,
      0.107,
      0.469,
      0.474,
      0.513,
      0.646,
      0.408,
      0.398
    ],
    [
      0.585,
      0.285,
      0.537,
      0.434,
      0.183,
      0.262,
      0.515,
      0.319,
      0.465,
      0.639,
      0.298,
      0.608,
      0.701,
      0.599,
      0.71,
      0.535,
      0.63,
      0.745,
      1.0,
      0.631,
      0.685,
      0.335,
      0.427,
      0.442,
      0.454,
      0.522,
      0.626,
      0.282,
      0.392,
      0.537,
      0.391,
      0.584,
      0.538,
      0.237,
      0.178,
      0.609,
      0.392,
      0.61,
      0.481,
      0.35,
      0.118,
      0.571,
      0.633,
      0.585,
      0.675,
      0.548,
      0.467
    ],
    [
      0.568,
      0.326,
      0.392,
      0.36,
      0.155,
      0.265,
      0.404,
      0.314,
      0.318,
      0.42,
      0.306,
      0.383,
      0.5,
      0.374,
      0.515,
      0.49,
      0.392,
      0.692,
      0.631,
      1.0,
      0.684,
      0.237,
      0.301,
      0.352,
      0.351,
      0.492,
      0.5,
      0.31,
      0.282,
      0.47,
      0.242,
      0.405,
      0.459,
      0.235,
      0.147,
      0.405,
      0.326,
      0.529,
      0.352,
      0.382,
      0.264,
      0.407,
      0.366,
      0.437,
      0.512,
      0.477,
      0.326
    ],
    [
      0.678,
      0.402,
      0.494,
      0.464,
      0.17,
      0.457,
      0.462,
      0.5,
      0.352,
      0.547,
      0.461,
      0.563,
      0.692,
      0.47,
      0.574,
      0.675,
      0.569,
      0.717,
      0.685,
      0.684,
      1.0,
      0.344,
      0.411,
      0.462,
      0.436,
      0.652,
      0.55,
      0.256,
      0.339,
      0.569,
      0.382,
      0.517,
      0.589,
      0.317,
      0.258,
      0.426,
      0.59,
      0.545,
      0.446,
      0.451,
      0.235,
      0.498,
      0.498,
      0.457,
      0.632,
      0.539,
      0.472
    ],
    [
      0.238,
      0.277,
      0.333,
      0.344,
      0.291,
      0.274,
      0.396,
      0.316,
      0.369,
      0.263,
      0.388,
      0.322,
      0.345,
      0.363,
      0.247,
      0.336,
      0.304,
      0.24,
      0.335,
      0.237,
      0.344,
      1.0,
      0.355,
      0.379,
      0.36,
      0.269,
      0.341,
      0.232,
      0.239,
      0.357,
      0.354,
      0.245,
      0.317,
      0.385,
      0.322,
      0.297,
      0.354,
      0.268,
      0.275,
      0.279,
      0.212,
      0.311,
      0.403,
      0.284,
      0.298,
      0.321,
      0.268
    ],
    [
      0.484,
      0.392,
      0.398,
      0.396,
      0.313,
      0.541,
      0.397,
      0.528,
      0.52,
      0.4,
      0.353,
      0.432,
      0.527,
      0.401,
      0.437,
      0.499,
      0.457,
      0.288,
      0.427,
      0.301,
      0.411,
      0.355,
      1.0,
      0.416,
      0.465,
      0.443,
      0.448,
      0.329,
      0.349,
      0.447,
      0.351,
      0.325,
      0.335,
      0.343,
      0.332,
      0.376,
      0.508,
      0.356,
      0.536,
      0.457,
      0.273,
      0.403,
      0.497,
      0.343,
      0.438,
      0.49,
      0.31
    ],
    [
      0.498,
      0.535,
      0.477,
      0.44,
      0.295,
      0.521,
      0.406,
      0.435,
      0.336,
      0.327,
      0.429,
      0.349,
      0.458,
      0.36,
      0.344,
      0.532,
      0.413,
      0.323,
      0.442,
      0.352,
      0.462,
      0.379,
      0.416,
      1.0,
      0.691,
      0.415,
      0.404,
      0.243,
      0.289,
      0.377,
      0.434,
      0.363,
      0.427,
      0.395,
      0.328,
      0.379,
      0.518,
      0.4,
      0.456,
      0.316,
      0.19,
      0.393,
      0.383,
      0.403,
      0.387,
      0.492,
      0.33
    ],
    [
      0.512,
      0.491,
      0.437,
      0.395,
      0.183,
      0.352,
      0.456,
      0.439,
      0.451,
      0.483,
      0.417,
      0.488,
      0.556,
      0.412,
      0.481,
      0.495,
      0.448,
      0.357,
      0.454,
      0.351,
      0.436,
      0.36,
      0.465,
      0.691,
      1.0,
      0.39,
      0.484,
      0.299,
      0.311,
      0.402,
      0.343,
      0.42,
      0.443,
      0.373,
      0.34,
      0.441,
      0.543,
      0.517,
      0.504,
      0.366,
      0.2,
      0.498,
      0.486,
      0.448,
      0.487,
      0.554,
      0.388
    ],
    [
      0.64,
      0.475,
      0.437,
      0.548,
      0.254,
      0.408,
      0.543,
      0.333,
      0.475,
      0.592,
      0.437,
      0.589,
      0.704,
      0.617,
      0.64,
      0.615,
      0.626,
      0.513,
      0.522,
      0.492,
      0.652,
      0.269,
      0.443,
      0.415,
      0.39,
      1.0,
      0.75,
      0.317,
      0.512,
      0.551,
      0.536,
      0.568,
      0.596,
      0.277,
      0.232,
      0.581,
      0.468,
      0.566,
      0.45,
      0.404,
      0.418,
      0.442,
      0.626,
      0.545,
      0.631,
      0.561,
      0.647
    ],
    [
      0.654,
      0.422,
      0.616,
      0.633,
      0.355,
      0.35,
      0.541,
      0.311,
      0.61,
      0.715,
      0.418,
      0.638,
      0.71,
      0.696,
      0.756,
      0.607,
      0.618,
      0.572,
      0.626,
      0.5,
      0.55,
      0.341,
      0.448,
      0.404,
      0.484,
      0.75,
      1.0,
      0.324,
      0.439,
      0.548,
      0.428,
      0.733,
      0.656,
      0.315,
      0.175,
      0.718,
      0.442,
      0.606,
      0.518,
      0.354,
      0.226,
      0.585,
      0.724,
      0.665,
      0.694,
      0.576,
      0.589
    ],
    [
      0.316,
      0.364,
      0.255,
      0.148,
      0.079,
      0.195,
      0.254,
      0.323,
      0.41,
      0.364,
      0.107,
      0.428,
      0.379,
      0.546,
      0.392,
      0.429,
      0.324,
      0.238,
      0.282,
      0.31,
      0.256,
      0.232,
      0.329,
      0.243,
      0.299,
      0.317,
      0.324,
      1.0,
      0.786,
      0.477,
      0.562,
      0.225,
      0.265,
      0.285,
      0.248,
      0.322,
      0.453,
      0.314,
      0.252,
      0.344,
      0.155,
      0.295,
      0.268,
      0.383,
      0.298,
      0.421,
      0.32
    ],
    [
      0.37,
      0.345,
      0.329,
      0.249,
      0.132,
      0.174,
      0.344,
      0.288,
      0.422,
      0.486,
      0.156,
      0.517,
      0.516,
      0.684,
      0.492,
      0.5,
      0.458,
      0.359,
      0.392,
      0.282,
      0.339,
      0.239,
      0.349,
      0.289,
      0.311,
      0.512,
      0.439,
      0.786,
      1.0,
      0.51,
      0.722,
      0.343,
      0.397,
      0.27,
      0.16,
      0.425,
      0.418,
      0.44,
      0.317,
      0.292,
      0.174,
      0.347,
      0.429,
      0.467,
      0.44,
      0.475,
      0.473
    ],
    [
      0.565,
      0.457,
      0.365,
      0.332,
      0.17,
      0.321,
      0.519,
      0.439,
      0.516,
      0.437,
      0.386,
      0.47,
      0.547,
      0.473,
      0.502,
      0.531,
      0.416,
      0.449,
      0.537,
      0.47,
      0.569,
      0.357,
      0.447,
      0.377,
      0.402,
      0.551,
      0.548,
      0.477,
      0.51,
      1.0,
      0.418,
      0.376,
      0.418,
      0.377,
      0.251,
      0.365,
      0.462,
      0.569,
      0.514,
      0.523,
      0.235,
      0.596,
      0.525,
      0.39,
      0.45,
      0.524,
      0.477
    ],
    [
      0.342,
      0.406,
      0.442,
      0.389,
      0.28,
      0.363,
      0.383,
      0.277,
      0.394,
      0.45,
      0.25,
      0.502,
      0.484,
      0.659,
      0.504,
      0.497,
      0.47,
      0.343,
      0.391,
      0.242,
      0.382,
      0.354,
      0.351,
      0.434,
      0.343,
      0.536,
      0.428,
      0.562,
      0.722,
      0.418,
      1.0,
      0.472,
      0.478,
      0.323,
      0.241,
      0.507,
      0.37,
      0.421,
      0.292,
      0.323,
      0.176,
      0.227,
      0.427,
      0.505,
      0.47,
      0.472,
      0.539
    ],
    [
      0.54,
      0.358,
      0.643,
      0.578,
      0.189,
      0.271,
      0.453,
      0.205,
      0.518,
      0.665,
      0.391,
      0.644,
      0.709,
      0.662,
      0.739,
      0.542,
      0.638,
      0.553,
      0.584,
      0.405,
      0.517,
      0.245,
      0.325,
      0.363,
      0.42,
      0.568,
      0.733,
      0.225,
      0.343,
      0.376,
      0.472,
      1.0,
      0.795,
      0.36,
      0.206,
      0.732,
      0.341,
      0.496,
      0.362,
      0.247,
      0.093,
      0.392,
      0.611,
      0.602,
      0.644,
      0.569,
      0.591
    ],
    [
      0.463,
      0.337,
      0.662,
      0.627,
      0.247,
      0.315,
      0.423,
      0.304,
      0.438,
      0.623,
      0.419,
      0.627,
      0.669,
      0.614,
      0.635,
      0.623,
      0.646,
      0.581,
      0.538,
      0.459,
      0.589,
      0.317,
      0.335,
      0.427,
      0.443,
      0.596,
      0.656,
      0.265,
      0.397,
      0.418,
      0.478,
      0.795,
      1.0,
      0.509,
      0.296,
      0.577,
      0.419,
      0.468,
      0.28,
      0.361,
      0.174,
      0.4,
      0.584,
      0.503,
      0.523,
      0.608,
      0.593
    ],
    [
      0.197,
      0.401,
      0.466,
      0.391,
      0.255,
      0.288,
      0.438,
      0.361,
      0.433,
      0.357,
      0.402,
      0.371,
      0.367,
      0.287,
      0.278,
      0.438,
      0.329,
      0.227,
      0.237,
      0.235,
      0.317,
      0.385,
      0.343,
      0.395,
      0.373,
      0.277,
      0.315,
      0.285,
      0.27,
      0.377,
      0.323,
      0.36,
      0.509,
      1.0,
      0.623,
      0.228,
      0.401,
      0.339,
      0.228,
      0.249,
      0.188,
      0.264,
      0.363,
      0.23,
      0.215,
      0.409,
      0.342
    ],
    [
      0.203,
      0.35,
      0.353,
      0.305,
      0.254,
      0.35,
      0.304,
      0.391,
      0.292,
      0.301,
      0.343,
      0.361,
      0.306,
      0.189,
      0.164,
      0.338,
      0.361,
      0.129,
      0.178,
      0.147,
      0.258,
      0.322,
      0.332,
      0.328,
      0.34,
      0.232,
      0.175,
      0.248,
      0.16,
      0.251,
      0.241,
      0.206,
      0.296,
      0.623,
      1.0,
      0.173,
      0.35,
      0.27,
      0.217,
      0.195,
      0.289,
      0.155,
      0.271,
      0.129,
      0.218,
      0.352,
      0.202
    ],
    [
      0.563,
      0.309,
      0.569,
      0.542,
      0.292,
      0.245,
      0.448,
      0.221,
      0.521,
      0.693,
      0.274,
      0.644,
      0.643,
      0.732,
      0.794,
      0.465,
      0.624,
      0.524,
      0.609,
      0.405,
      0.426,
      0.297,
      0.376,
      0.379,
      0.441,
      0.581,
      0.718,
      0.322,
      0.425,
      0.365,
      0.507,
      0.732,
      0.577,
      0.228,
      0.173,
      1.0,
      0.286,
      0.517,
      0.431,
      0.23,
      0.124,
      0.426,
      0.674,
      0.647,
      0.731,
      0.503,
      0.523
    ],
    [
      0.45,
      0.512,
      0.392,
      0.343,
      0.156,
      0.48,
      0.421,
      0.67,
      0.409,
      0.382,
      0.473,
      0.477,
      0.576,
      0.438,
      0.417,
      0.614,
      0.428,
      0.253,
      0.392,
      0.326,
      0.59,
      0.354,
      0.508,
      0.518,
      0.543,
      0.468,
      0.442,
      0.453,
      0.418,
      0.462,
      0.37,
      0.341,
      0.419,
      0.401,
      0.35,
      0.286,
      1.0,
      0.358,
      0.539,
      0.492,
      0.252,
      0.422,
      0.397,
      0.367,
      0.428,
      0.606,
      0.404
    ],
    [
      0.61,
      0.422,
      0.451,
      0.42,
      0.272,
      0.282,
      0.512,
      0.295,
      0.532,
      0.53,
      0.347,
      0.571,
      0.613,
      0.53,
      0.608,
      0.555,
      0.554,
      0.572,
      0.61,
      0.529,
      0.545,
      0.268,
      0.356,
      0.4,
      0.517,
      0.566,
      0.606,
      0.314,
      0.44,
      0.569,
      0.421,
      0.496,
      0.468,
      0.339,
      0.27,
      0.517,
      0.358,
      1.0,
      0.474,
      0.313,
      0.223,
      0.444,
      0.612,
      0.506,
      0.576,
      0.486,
      0.522
    ],
    [
      0.626,
      0.62,
      0.451,
      0.427,
      0.318,
      0.424,
      0.506,
      0.487,
      0.461,
      0.44,
      0.4,
      0.422,
      0.532,
      0.429,
      0.452,
      0.515,
      0.354,
      0.277,
      0.481,
      0.352,
      0.446,
      0.275,
      0.536,
      0.456,
      0.504,
      0.45,
      0.518,
      0.252,
      0.317,
      0.514,
      0.292,
      0.362,
      0.28,
      0.228,
      0.217,
      0.431,
      0.539,
      0.474,
      1.0,
      0.36,
      0.188,
      0.613,
      0.493,
      0.442,
      0.537,
      0.517,
      0.325
    ],
    [
      0.371,
      0.396,
      0.206,
      0.242,
      0.078,
      0.249,
      0.365,
      0.437,
      0.365,
      0.303,
      0.267,
      0.303,
      0.352,
      0.347,
      0.339,
      0.4,
      0.253,
      0.336,
      0.35,
      0.382,
      0.451,
      0.279,
      0.457,
      0.316,
      0.366,
      0.404,
      0.354,
      0.344,
      0.292,
      0.523,
      0.323,
      0.247,
      0.361,
      0.249,
      0.195,
      0.23,
      0.492,
      0.313,
      0.36,
      1.0,
      0.296,
      0.344,
      0.27,
      0.326,
      0.355,
      0.405,
      0.425
    ],
    [
      0.278,
      0.293,
      0.069,
      0.165,
      0.191,
      0.277,
      0.251,
      0.263,
      0.282,
      0.125,
      0.224,
      0.265,
      0.213,
      0.185,
      0.099,
      0.24,
      0.235,
      0.107,
      0.118,
      0.264,
      0.235,
      0.212,
      0.273,
      0.19,
      0.2,
      0.418,
      0.226,
      0.155,
      0.174,
      0.235,
      0.176,
      0.093,
      0.174,
      0.188,
      0.289,
      0.124,
      0.252,
      0.223,
      0.188,
      0.296,
      1.0,
      0.105,
      0.202,
      0.169,
      0.207,
      0.268,
      0.265
    ],
    [
      0.593,
      0.461,
      0.466,
      0.433,
      0.227,
      0.269,
      0.437,
      0.359,
      0.471,
      0.505,
      0.319,
      0.497,
      0.559,
      0.511,
      0.496,
      0.514,
      0.411,
      0.469,
      0.571,
      0.407,
      0.498,
      0.311,
      0.403,
      0.393,
      0.498,
      0.442,
      0.585,
      0.295,
      0.347,
      0.596,
      0.227,
      0.392,
      0.4,
      0.264,
      0.155,
      0.426,
      0.422,
      0.444,
      0.613,
      0.344,
      0.105,
      1.0,
      0.613,
      0.489,
      0.515,
      0.467,
      0.328
    ],
    [
      0.522,
      0.336,
      0.613,
      0.551,
      0.272,
      0.331,
      0.527,
      0.316,
      0.582,
      0.627,
      0.402,
      0.733,
      0.727,
      0.678,
      0.679,
      0.544,
      0.677,
      0.474,
      0.633,
      0.366,
      0.498,
      0.403,
      0.497,
      0.383,
      0.486,
      0.626,
      0.724,
      0.268,
      0.429,
      0.525,
      0.427,
      0.611,
      0.584,
      0.363,
      0.271,
      0.674,
      0.397,
      0.612,
      0.493,
      0.27,
      0.202,
      0.613,
      1.0,
      0.564,
      0.621,
      0.621,
      0.519
    ],
    [
      0.543,
      0.361,
      0.521,
      0.472,
      0.279,
      0.285,
      0.56,
      0.189,
      0.498,
      0.585,
      0.315,
      0.609,
      0.588,
      0.677,
      0.698,
      0.54,
      0.571,
      0.513,
      0.585,
      0.437,
      0.457,
      0.284,
      0.343,
      0.403,
      0.448,
      0.545,
      0.665,
      0.383,
      0.467,
      0.39,
      0.505,
      0.602,
      0.503,
      0.23,
      0.129,
      0.647,
      0.367,
      0.506,
      0.442,
      0.326,
      0.169,
      0.489,
      0.564,
      1.0,
      0.76,
      0.627,
      0.522
    ],
    [
      0.744,
      0.412,
      0.519,
      0.503,
      0.25,
      0.304,
      0.529,
      0.348,
      0.465,
      0.661,
      0.329,
      0.666,
      0.679,
      0.664,
      0.754,
      0.541,
      0.625,
      0.646,
      0.675,
      0.512,
      0.632,
      0.298,
      0.438,
      0.387,
      0.487,
      0.631,
      0.694,
      0.298,
      0.44,
      0.45,
      0.47,
      0.644,
      0.523,
      0.215,
      0.218,
      0.731,
      0.428,
      0.576,
      0.537,
      0.355,
      0.207,
      0.515,
      0.621,
      0.76,
      1.0,
      0.545,
      0.548
    ],
    [
      0.552,
      0.454,
      0.593,
      0.533,
      0.278,
      0.413,
      0.557,
      0.456,
      0.559,
      0.575,
      0.395,
      0.654,
      0.68,
      0.567,
      0.597,
      0.61,
      0.594,
      0.408,
      0.548,
      0.477,
      0.539,
      0.321,
      0.49,
      0.492,
      0.554,
      0.561,
      0.576,
      0.421,
      0.475,
      0.524,
      0.472,
      0.569,
      0.608,
      0.409,
      0.352,
      0.503,
      0.606,
      0.486,
      0.517,
      0.405,
      0.268,
      0.467,
      0.621,
      0.627,
      0.545,
      1.0,
      0.515
    ],
    [
      0.489,
      0.356,
      0.401,
      0.398,
      0.165,
      0.194,
      0.463,
      0.248,
      0.407,
      0.5,
      0.305,
      0.582,
      0.595,
      0.66,
      0.569,
      0.507,
      0.535,
      0.398,
      0.467,
      0.326,
      0.472,
      0.268,
      0.31,
      0.33,
      0.388,
      0.647,
      0.589,
      0.32,
      0.473,
      0.477,
      0.539,
      0.591,
      0.593,
      0.342,
      0.202,
      0.523,
      0.404,
      0.522,
      0.325,
      0.425,
      0.265,
      0.328,
      0.519,
      0.522,
      0.548,
      0.515,
      1.0
    ]
  ]
}