{
  "feeds": [
    "Brazil | Folha de São Paulo",
    "Brazil | O Globo (via Google News)",
    "China | CGTN Politics",
    "China | CGTN World",
    "China | Global Times",
    "China | People's Daily CN",
    "China | Xinhua English",
    "India | Dainik Bhaskar",
    "India | NDTV World",
    "India | The Hindu Intl",
    "India | Times of India",
    "Iran (Opposition / Diaspora) | Iran International EN",
    "Iran (Opposition / Diaspora) | Iran International FA",
    "Iran (Opposition / Diaspora) | RFE/RL (was Radio Farda)",
    "Iran (State) | IRNA English",
    "Iran (State) | IRNA Farsi",
    "Iran (State) | Tehran Times",
    "Israel | Haaretz",
    "Israel | Jerusalem Post",
    "Israel | Times of Israel",
    "Israel | Ynet Hebrew",
    "Japan | Japan Times",
    "Japan | NHK Japanese",
    "Nigeria | The Punch",
    "Nigeria | Vanguard",
    "Qatar | Al Jazeera Arabic",
    "Qatar | Al Jazeera English",
    "Russia | Meduza",
    "Russia | Moscow Times",
    "Russia | RT",
    "Russia | TASS English",
    "Saudi Arabia | Al Arabiya English (via Google News)",
    "Saudi Arabia | Arab News (via Google News)",
    "South Korea | Korea Herald (via Google News)",
    "South Korea | Yonhap News",
    "Turkey | Daily Sabah",
    "Turkey | Hurriyet",
    "United Kingdom | BBC World",
    "United Kingdom | The Guardian World",
    "United Kingdom | The Telegraph",
    "United States | CNN World",
    "United States | Fox News World",
    "United States | NPR World",
    "Wire Services (Factual Baseline) | AFP / France 24 EN",
    "Wire Services (Factual Baseline) | AFP / France 24 FR",
    "Wire Services (Factual Baseline) | AP News",
    "Wire Services (Factual Baseline) | Reuters (via Google News)"
  ],
  "matrix": [
    [
      1.0,
      0.542,
      0.506,
      0.535,
      0.264,
      0.365,
      0.534,
      0.315,
      0.692,
      0.662,
      0.232,
      0.589,
      0.649,
      0.561,
      0.567,
      0.472,
      0.595,
      0.703,
      0.653,
      0.558,
      0.74,
      0.333,
      0.303,
      0.435,
      0.387,
      0.616,
      0.642,
      0.363,
      0.477,
      0.757,
      0.623,
      0.629,
      0.484,
      0.288,
      0.299,
      0.665,
      0.349,
      0.584,
      0.634,
      0.455,
      0.283,
      0.655,
      0.693,
      0.698,
      0.649,
      0.587,
      0.599
    ],
    [
      0.542,
      1.0,
      0.394,
      0.412,
      0.218,
      0.346,
      0.443,
      0.423,
      0.391,
      0.466,
      0.416,
      0.362,
      0.444,
      0.333,
      0.283,
      0.425,
      0.325,
      0.316,
      0.362,
      0.38,
      0.425,
      0.339,
      0.276,
      0.504,
      0.433,
      0.332,
      0.465,
      0.469,
      0.401,
      0.433,
      0.536,
      0.419,
      0.384,
      0.441,
      0.362,
      0.381,
      0.495,
      0.513,
      0.541,
      0.396,
      0.249,
      0.41,
      0.379,
      0.494,
      0.387,
      0.512,
      0.472
    ],
    [
      0.506,
      0.394,
      1.0,
      0.751,
      0.469,
      0.505,
      0.524,
      0.368,
      0.484,
      0.682,
      0.233,
      0.549,
      0.575,
      0.538,
      0.687,
      0.526,
      0.586,
      0.482,
      0.559,
      0.503,
      0.509,
      0.385,
      0.403,
      0.408,
      0.317,
      0.537,
      0.51,
      0.267,
      0.394,
      0.523,
      0.467,
      0.622,
      0.654,
      0.386,
      0.518,
      0.584,
      0.266,
      0.301,
      0.408,
      0.206,
      0.069,
      0.423,
      0.602,
      0.51,
      0.563,
      0.471,
      0.545
    ],
    [
      0.535,
      0.412,
      0.751,
      1.0,
      0.563,
      0.522,
      0.471,
      0.303,
      0.571,
      0.676,
      0.24,
      0.506,
      0.547,
      0.382,
      0.588,
      0.496,
      0.534,
      0.482,
      0.531,
      0.468,
      0.493,
      0.481,
      0.369,
      0.439,
      0.347,
      0.55,
      0.489,
      0.285,
      0.366,
      0.553,
      0.508,
      0.627,
      0.657,
      0.337,
      0.423,
      0.546,
      0.211,
      0.325,
      0.461,
      0.242,
      0.165,
      0.401,
      0.635,
      0.487,
      0.526,
      0.362,
      0.558
    ],
    [
      0.264,
      0.218,
      0.469,
      0.563,
      1.0,
      0.557,
      0.253,
      0.296,
      0.288,
      0.431,
      0.295,
      0.256,
      0.31,
      0.231,
      0.265,
      0.275,
      0.286,
      0.215,
      0.232,
      0.144,
      0.154,
      0.528,
      0.361,
      0.337,
      0.348,
      0.216,
      0.252,
      0.195,
      0.179,
      0.254,
      0.299,
      0.232,
      0.296,
      0.198,
      0.277,
      0.22,
      0.143,
      0.229,
      0.252,
      0.078,
      0.191,
      0.255,
      0.311,
      0.222,
      0.232,
      0.311,
      0.288
    ],
    [
      0.365,
      0.346,
      0.505,
      0.522,
      0.557,
      1.0,
      0.338,
      0.472,
      0.337,
      0.487,
      0.361,
      0.254,
      0.381,
      0.237,
      0.341,
      0.522,
      0.338,
      0.276,
      0.293,
      0.21,
      0.423,
      0.431,
      0.501,
      0.435,
      0.392,
      0.398,
      0.355,
      0.225,
      0.276,
      0.307,
      0.309,
      0.31,
      0.29,
      0.296,
      0.377,
      0.271,
      0.372,
      0.219,
      0.34,
      0.249,
      0.277,
      0.177,
      0.365,
      0.366,
      0.351,
      0.426,
      0.277
    ],
    [
      0.534,
      0.443,
      0.524,
      0.471,
      0.253,
      0.338,
      1.0,
      0.338,
      0.509,
      0.616,
      0.174,
      0.445,
      0.501,
      0.426,
      0.449,
      0.419,
      0.457,
      0.408,
      0.508,
      0.445,
      0.428,
      0.387,
      0.337,
      0.43,
      0.337,
      0.439,
      0.557,
      0.346,
      0.338,
      0.54,
      0.478,
      0.459,
      0.44,
      0.413,
      0.448,
      0.505,
      0.355,
      0.54,
      0.488,
      0.365,
      0.251,
      0.522,
      0.555,
      0.553,
      0.452,
      0.49,
      0.507
    ],
    [
      0.315,
      0.423,
      0.368,
      0.303,
      0.296,
      0.472,
      0.338,
      1.0,
      0.266,
      0.449,
      0.639,
      0.314,
      0.467,
      0.218,
      0.244,
      0.491,
      0.277,
      0.268,
      0.312,
      0.296,
      0.372,
      0.277,
      0.347,
      0.394,
      0.417,
      0.275,
      0.449,
      0.177,
      0.192,
      0.24,
      0.299,
      0.258,
      0.231,
      0.313,
      0.309,
      0.245,
      0.502,
      0.257,
      0.365,
      0.318,
      0.294,
      0.294,
      0.319,
      0.38,
      0.332,
      0.504,
      0.316
    ],
    [
      0.692,
      0.391,
      0.484,
      0.571,
      0.288,
      0.337,
      0.509,
      0.266,
      1.0,
      0.682,
      0.293,
      0.631,
      0.584,
      0.611,
      0.64,
      0.54,
      0.625,
      0.602,
      0.621,
      0.463,
      0.643,
      0.459,
      0.291,
      0.397,
      0.305,
      0.651,
      0.618,
      0.321,
      0.451,
      0.675,
      0.587,
      0.653,
      0.594,
      0.274,
      0.325,
      0.631,
      0.233,
      0.518,
      0.511,
      0.348,
      0.309,
      0.605,
      0.722,
      0.568,
      0.475,
      0.448,
      0.567
    ],
    [
      0.662,
      0.466,
      0.682,
      0.676,
      0.431,
      0.487,
      0.616,
      0.449,
      0.682,
      1.0,
      0.25,
      0.637,
      0.705,
      0.653,
      0.688,
      0.54,
      0.63,
      0.601,
      0.617,
      0.542,
      0.594,
      0.39,
      0.35,
      0.433,
      0.425,
      0.603,
      0.662,
      0.422,
      0.476,
      0.666,
      0.652,
      0.653,
      0.628,
      0.289,
      0.409,
      0.65,
      0.372,
      0.531,
      0.504,
      0.396,
      0.248,
      0.636,
      0.756,
      0.686,
      0.619,
      0.588,
      0.625
    ],
    [
      0.232,
      0.416,
      0.233,
      0.24,
      0.295,
      0.361,
      0.174,
      0.639,
      0.293,
      0.25,
      1.0,
      0.232,
      0.318,
      0.089,
      0.155,
      0.45,
      0.147,
      0.238,
      0.254,
      0.195,
      0.308,
      0.348,
      0.233,
      0.355,
      0.354,
      0.245,
      0.317,
      0.168,
      0.168,
      0.204,
      0.271,
      0.116,
      0.147,
      0.288,
      0.296,
      0.094,
      0.376,
      0.216,
      0.31,
      0.272,
      0.304,
      0.145,
      0.224,
      0.238,
      0.173,
      0.334,
      0.225
    ],
    [
      0.589,
      0.362,
      0.549,
      0.506,
      0.256,
      0.254,
      0.445,
      0.314,
      0.631,
      0.637,
      0.232,
      1.0,
      0.667,
      0.689,
      0.786,
      0.593,
      0.786,
      0.546,
      0.53,
      0.526,
      0.52,
      0.302,
      0.242,
      0.331,
      0.263,
      0.62,
      0.564,
      0.492,
      0.507,
      0.57,
      0.551,
      0.67,
      0.573,
      0.365,
      0.33,
      0.566,
      0.256,
      0.47,
      0.404,
      0.337,
      0.251,
      0.617,
      0.628,
      0.506,
      0.456,
      0.434,
      0.569
    ],
    [
      0.649,
      0.444,
      0.575,
      0.547,
      0.31,
      0.381,
      0.501,
      0.467,
      0.584,
      0.705,
      0.318,
      0.667,
      1.0,
      0.579,
      0.717,
      0.622,
      0.701,
      0.733,
      0.763,
      0.698,
      0.698,
      0.338,
      0.43,
      0.39,
      0.396,
      0.694,
      0.659,
      0.49,
      0.477,
      0.667,
      0.565,
      0.631,
      0.527,
      0.296,
      0.383,
      0.649,
      0.415,
      0.518,
      0.453,
      0.387,
      0.235,
      0.567,
      0.74,
      0.578,
      0.702,
      0.475,
      0.571
    ],
    [
      0.561,
      0.333,
      0.538,
      0.382,
      0.231,
      0.237,
      0.426,
      0.218,
      0.611,
      0.653,
      0.089,
      0.689,
      0.579,
      1.0,
      0.689,
      0.452,
      0.676,
      0.501,
      0.454,
      0.529,
      0.485,
      0.284,
      0.284,
      0.282,
      0.195,
      0.547,
      0.537,
      0.59,
      0.734,
      0.52,
      0.678,
      0.605,
      0.569,
      0.228,
      0.264,
      0.547,
      0.331,
      0.545,
      0.466,
      0.386,
      0.178,
      0.725,
      0.596,
      0.583,
      0.473,
      0.485,
      0.575
    ],
    [
      0.567,
      0.283,
      0.687,
      0.588,
      0.265,
      0.341,
      0.449,
      0.244,
      0.64,
      0.688,
      0.155,
      0.786,
      0.717,
      0.689,
      1.0,
      0.58,
      0.814,
      0.686,
      0.697,
      0.638,
      0.626,
      0.202,
      0.314,
      0.332,
      0.246,
      0.686,
      0.579,
      0.341,
      0.474,
      0.709,
      0.57,
      0.732,
      0.634,
      0.278,
      0.366,
      0.709,
      0.194,
      0.379,
      0.392,
      0.256,
      0.068,
      0.548,
      0.741,
      0.532,
      0.575,
      0.396,
      0.58
    ],
    [
      0.472,
      0.425,
      0.526,
      0.496,
      0.275,
      0.522,
      0.419,
      0.491,
      0.54,
      0.54,
      0.45,
      0.593,
      0.622,
      0.452,
      0.58,
      1.0,
      0.598,
      0.515,
      0.492,
      0.525,
      0.596,
      0.353,
      0.379,
      0.476,
      0.45,
      0.758,
      0.601,
      0.362,
      0.481,
      0.473,
      0.451,
      0.528,
      0.494,
      0.485,
      0.46,
      0.412,
      0.427,
      0.388,
      0.359,
      0.327,
      0.23,
      0.384,
      0.536,
      0.493,
      0.431,
      0.372,
      0.43
    ],
    [
      0.595,
      0.325,
      0.586,
      0.534,
      0.286,
      0.338,
      0.457,
      0.277,
      0.625,
      0.63,
      0.147,
      0.786,
      0.701,
      0.676,
      0.814,
      0.598,
      1.0,
      0.656,
      0.642,
      0.664,
      0.597,
      0.321,
      0.34,
      0.363,
      0.307,
      0.644,
      0.592,
      0.421,
      0.514,
      0.646,
      0.52,
      0.628,
      0.574,
      0.29,
      0.33,
      0.609,
      0.292,
      0.469,
      0.428,
      0.343,
      0.224,
      0.613,
      0.687,
      0.519,
      0.538,
      0.422,
      0.507
    ],
    [
      0.703,
      0.316,
      0.482,
      0.482,
      0.215,
      0.276,
      0.408,
      0.268,
      0.602,
      0.601,
      0.238,
      0.546,
      0.733,
      0.501,
      0.686,
      0.515,
      0.656,
      1.0,
      0.83,
      0.764,
      0.814,
      0.297,
      0.332,
      0.266,
      0.26,
      0.698,
      0.629,
      0.266,
      0.405,
      0.788,
      0.547,
      0.584,
      0.473,
      0.219,
      0.309,
      0.703,
      0.183,
      0.434,
      0.451,
      0.38,
      0.176,
      0.559,
      0.804,
      0.582,
      0.66,
      0.407,
      0.501
    ],
    [
      0.653,
      0.362,
      0.559,
      0.531,
      0.232,
      0.293,
      0.508,
      0.312,
      0.621,
      0.617,
      0.254,
      0.53,
      0.763,
      0.454,
      0.697,
      0.492,
      0.642,
      0.83,
      1.0,
      0.686,
      0.774,
      0.325,
      0.404,
      0.339,
      0.293,
      0.661,
      0.625,
      0.265,
      0.322,
      0.767,
      0.522,
      0.631,
      0.542,
      0.294,
      0.387,
      0.76,
      0.239,
      0.442,
      0.464,
      0.328,
      0.133,
      0.549,
      0.785,
      0.55,
      0.706,
      0.379,
      0.527
    ],
    [
      0.558,
      0.38,
      0.503,
      0.468,
      0.144,
      0.21,
      0.445,
      0.296,
      0.463,
      0.542,
      0.195,
      0.526,
      0.698,
      0.529,
      0.638,
      0.525,
      0.664,
      0.764,
      0.686,
      1.0,
      0.649,
      0.289,
      0.401,
      0.287,
      0.279,
      0.611,
      0.533,
      0.347,
      0.496,
      0.614,
      0.521,
      0.527,
      0.469,
      0.285,
      0.325,
      0.525,
      0.215,
      0.442,
      0.384,
      0.406,
      0.198,
      0.483,
      0.679,
      0.547,
      0.597,
      0.403,
      0.429
    ],
    [
      0.74,
      0.425,
      0.509,
      0.493,
      0.154,
      0.423,
      0.428,
      0.372,
      0.643,
      0.594,
      0.308,
      0.52,
      0.698,
      0.485,
      0.626,
      0.596,
      0.597,
      0.814,
      0.774,
      0.649,
      1.0,
      0.316,
      0.393,
      0.319,
      0.244,
      0.748,
      0.628,
      0.29,
      0.449,
      0.714,
      0.54,
      0.599,
      0.485,
      0.358,
      0.395,
      0.679,
      0.332,
      0.477,
      0.526,
      0.404,
      0.181,
      0.515,
      0.72,
      0.589,
      0.651,
      0.488,
      0.523
    ],
    [
      0.333,
      0.339,
      0.385,
      0.481,
      0.528,
      0.431,
      0.387,
      0.277,
      0.459,
      0.39,
      0.348,
      0.302,
      0.338,
      0.284,
      0.202,
      0.353,
      0.321,
      0.297,
      0.325,
      0.289,
      0.316,
      1.0,
      0.477,
      0.318,
      0.32,
      0.327,
      0.3,
      0.321,
      0.292,
      0.274,
      0.365,
      0.276,
      0.35,
      0.33,
      0.387,
      0.231,
      0.259,
      0.329,
      0.269,
      0.26,
      0.357,
      0.292,
      0.359,
      0.296,
      0.184,
      0.327,
      0.378
    ],
    [
      0.303,
      0.276,
      0.403,
      0.369,
      0.361,
      0.501,
      0.337,
      0.347,
      0.291,
      0.35,
      0.233,
      0.242,
      0.43,
      0.284,
      0.314,
      0.379,
      0.34,
      0.332,
      0.404,
      0.401,
      0.393,
      0.477,
      1.0,
      0.325,
      0.371,
      0.325,
      0.324,
      0.199,
      0.269,
      0.277,
      0.319,
      0.323,
      0.284,
      0.25,
      0.374,
      0.33,
      0.328,
      0.239,
      0.191,
      0.203,
      0.346,
      0.209,
      0.381,
      0.31,
      0.425,
      0.321,
      0.269
    ],
    [
      0.435,
      0.504,
      0.408,
      0.439,
      0.337,
      0.435,
      0.43,
      0.394,
      0.397,
      0.433,
      0.355,
      0.331,
      0.39,
      0.282,
      0.332,
      0.476,
      0.363,
      0.266,
      0.339,
      0.287,
      0.319,
      0.318,
      0.325,
      1.0,
      0.718,
      0.329,
      0.541,
      0.262,
      0.294,
      0.359,
      0.354,
      0.347,
      0.343,
      0.31,
      0.32,
      0.33,
      0.426,
      0.459,
      0.471,
      0.306,
      0.176,
      0.366,
      0.353,
      0.393,
      0.386,
      0.409,
      0.387
    ],
    [
      0.387,
      0.433,
      0.317,
      0.347,
      0.348,
      0.392,
      0.337,
      0.417,
      0.305,
      0.425,
      0.354,
      0.263,
      0.396,
      0.195,
      0.246,
      0.45,
      0.307,
      0.26,
      0.293,
      0.279,
      0.244,
      0.32,
      0.371,
      0.718,
      1.0,
      0.283,
      0.475,
      0.233,
      0.215,
      0.257,
      0.344,
      0.226,
      0.203,
      0.24,
      0.262,
      0.234,
      0.381,
      0.341,
      0.416,
      0.214,
      0.267,
      0.302,
      0.272,
      0.384,
      0.316,
      0.422,
      0.331
    ],
    [
      0.616,
      0.332,
      0.537,
      0.55,
      0.216,
      0.398,
      0.439,
      0.275,
      0.651,
      0.603,
      0.245,
      0.62,
      0.694,
      0.547,
      0.686,
      0.758,
      0.644,
      0.698,
      0.661,
      0.611,
      0.748,
      0.327,
      0.325,
      0.329,
      0.283,
      1.0,
      0.683,
      0.355,
      0.477,
      0.65,
      0.51,
      0.669,
      0.588,
      0.366,
      0.392,
      0.617,
      0.296,
      0.463,
      0.41,
      0.274,
      0.161,
      0.493,
      0.702,
      0.526,
      0.556,
      0.379,
      0.508
    ],
    [
      0.642,
      0.465,
      0.51,
      0.489,
      0.252,
      0.355,
      0.557,
      0.449,
      0.618,
      0.662,
      0.317,
      0.564,
      0.659,
      0.537,
      0.579,
      0.601,
      0.592,
      0.629,
      0.625,
      0.533,
      0.628,
      0.3,
      0.324,
      0.541,
      0.475,
      0.683,
      1.0,
      0.313,
      0.413,
      0.644,
      0.546,
      0.53,
      0.454,
      0.364,
      0.366,
      0.612,
      0.455,
      0.604,
      0.536,
      0.415,
      0.23,
      0.607,
      0.682,
      0.604,
      0.599,
      0.515,
      0.567
    ],
    [
      0.363,
      0.469,
      0.267,
      0.285,
      0.195,
      0.225,
      0.346,
      0.177,
      0.321,
      0.422,
      0.168,
      0.492,
      0.49,
      0.59,
      0.341,
      0.362,
      0.421,
      0.266,
      0.265,
      0.347,
      0.29,
      0.321,
      0.199,
      0.262,
      0.233,
      0.355,
      0.313,
      1.0,
      0.678,
      0.318,
      0.559,
      0.32,
      0.336,
      0.236,
      0.225,
      0.287,
      0.443,
      0.599,
      0.399,
      0.389,
      0.213,
      0.51,
      0.296,
      0.352,
      0.292,
      0.384,
      0.388
    ],
    [
      0.477,
      0.401,
      0.394,
      0.366,
      0.179,
      0.276,
      0.338,
      0.192,
      0.451,
      0.476,
      0.168,
      0.507,
      0.477,
      0.734,
      0.474,
      0.481,
      0.514,
      0.405,
      0.322,
      0.496,
      0.449,
      0.292,
      0.269,
      0.294,
      0.215,
      0.477,
      0.413,
      0.678,
      1.0,
      0.403,
      0.657,
      0.384,
      0.426,
      0.265,
      0.251,
      0.399,
      0.355,
      0.5,
      0.455,
      0.341,
      0.143,
      0.599,
      0.441,
      0.54,
      0.401,
      0.403,
      0.422
    ],
    [
      0.757,
      0.433,
      0.523,
      0.553,
      0.254,
      0.307,
      0.54,
      0.24,
      0.675,
      0.666,
      0.204,
      0.57,
      0.667,
      0.52,
      0.709,
      0.473,
      0.646,
      0.788,
      0.767,
      0.614,
      0.714,
      0.274,
      0.277,
      0.359,
      0.257,
      0.65,
      0.644,
      0.318,
      0.403,
      1.0,
      0.629,
      0.668,
      0.533,
      0.267,
      0.303,
      0.754,
      0.209,
      0.463,
      0.535,
      0.395,
      0.182,
      0.57,
      0.776,
      0.628,
      0.652,
      0.428,
      0.615
    ],
    [
      0.623,
      0.536,
      0.467,
      0.508,
      0.299,
      0.309,
      0.478,
      0.299,
      0.587,
      0.652,
      0.271,
      0.551,
      0.565,
      0.678,
      0.57,
      0.451,
      0.52,
      0.547,
      0.522,
      0.521,
      0.54,
      0.365,
      0.319,
      0.354,
      0.344,
      0.51,
      0.546,
      0.559,
      0.657,
      0.629,
      1.0,
      0.573,
      0.481,
      0.252,
      0.329,
      0.626,
      0.294,
      0.536,
      0.499,
      0.347,
      0.292,
      0.648,
      0.629,
      0.662,
      0.523,
      0.498,
      0.624
    ],
    [
      0.629,
      0.419,
      0.622,
      0.627,
      0.232,
      0.31,
      0.459,
      0.258,
      0.653,
      0.653,
      0.116,
      0.67,
      0.631,
      0.605,
      0.732,
      0.528,
      0.628,
      0.584,
      0.631,
      0.527,
      0.599,
      0.276,
      0.323,
      0.347,
      0.226,
      0.669,
      0.53,
      0.32,
      0.384,
      0.668,
      0.573,
      1.0,
      0.791,
      0.352,
      0.422,
      0.722,
      0.214,
      0.366,
      0.387,
      0.315,
      0.127,
      0.496,
      0.712,
      0.483,
      0.525,
      0.376,
      0.639
    ],
    [
      0.484,
      0.384,
      0.654,
      0.657,
      0.296,
      0.29,
      0.44,
      0.231,
      0.594,
      0.628,
      0.147,
      0.573,
      0.527,
      0.569,
      0.634,
      0.494,
      0.574,
      0.473,
      0.542,
      0.469,
      0.485,
      0.35,
      0.284,
      0.343,
      0.203,
      0.588,
      0.454,
      0.336,
      0.426,
      0.533,
      0.481,
      0.791,
      1.0,
      0.43,
      0.532,
      0.58,
      0.229,
      0.342,
      0.324,
      0.292,
      0.113,
      0.479,
      0.618,
      0.407,
      0.389,
      0.343,
      0.548
    ],
    [
      0.288,
      0.441,
      0.386,
      0.337,
      0.198,
      0.296,
      0.413,
      0.313,
      0.274,
      0.289,
      0.288,
      0.365,
      0.296,
      0.228,
      0.278,
      0.485,
      0.29,
      0.219,
      0.294,
      0.285,
      0.358,
      0.33,
      0.25,
      0.31,
      0.24,
      0.366,
      0.364,
      0.236,
      0.265,
      0.267,
      0.252,
      0.352,
      0.43,
      1.0,
      0.737,
      0.167,
      0.316,
      0.326,
      0.238,
      0.343,
      0.299,
      0.201,
      0.299,
      0.27,
      0.169,
      0.312,
      0.363
    ],
    [
      0.299,
      0.362,
      0.518,
      0.423,
      0.277,
      0.377,
      0.448,
      0.309,
      0.325,
      0.409,
      0.296,
      0.33,
      0.383,
      0.264,
      0.366,
      0.46,
      0.33,
      0.309,
      0.387,
      0.325,
      0.395,
      0.387,
      0.374,
      0.32,
      0.262,
      0.392,
      0.366,
      0.225,
      0.251,
      0.303,
      0.329,
      0.422,
      0.532,
      0.737,
      1.0,
      0.297,
      0.277,
      0.226,
      0.215,
      0.297,
      0.293,
      0.221,
      0.404,
      0.301,
      0.275,
      0.339,
      0.388
    ],
    [
      0.665,
      0.381,
      0.584,
      0.546,
      0.22,
      0.271,
      0.505,
      0.245,
      0.631,
      0.65,
      0.094,
      0.566,
      0.649,
      0.547,
      0.709,
      0.412,
      0.609,
      0.703,
      0.76,
      0.525,
      0.679,
      0.231,
      0.33,
      0.33,
      0.234,
      0.617,
      0.612,
      0.287,
      0.399,
      0.754,
      0.626,
      0.722,
      0.58,
      0.167,
      0.297,
      1.0,
      0.163,
      0.411,
      0.438,
      0.256,
      0.074,
      0.601,
      0.727,
      0.585,
      0.686,
      0.422,
      0.622
    ],
    [
      0.349,
      0.495,
      0.266,
      0.211,
      0.143,
      0.372,
      0.355,
      0.502,
      0.233,
      0.372,
      0.376,
      0.256,
      0.415,
      0.331,
      0.194,
      0.427,
      0.292,
      0.183,
      0.239,
      0.215,
      0.332,
      0.259,
      0.328,
      0.426,
      0.381,
      0.296,
      0.455,
      0.443,
      0.355,
      0.209,
      0.294,
      0.214,
      0.229,
      0.316,
      0.277,
      0.163,
      1.0,
      0.573,
      0.431,
      0.412,
      0.188,
      0.381,
      0.203,
      0.342,
      0.269,
      0.459,
      0.251
    ],
    [
      0.584,
      0.513,
      0.301,
      0.325,
      0.229,
      0.219,
      0.54,
      0.257,
      0.518,
      0.531,
      0.216,
      0.47,
      0.518,
      0.545,
      0.379,
      0.388,
      0.469,
      0.434,
      0.442,
      0.442,
      0.477,
      0.329,
      0.239,
      0.459,
      0.341,
      0.463,
      0.604,
      0.599,
      0.5,
      0.463,
      0.536,
      0.366,
      0.342,
      0.326,
      0.226,
      0.411,
      0.573,
      1.0,
      0.558,
      0.493,
      0.248,
      0.68,
      0.432,
      0.481,
      0.434,
      0.533,
      0.443
    ],
    [
      0.634,
      0.541,
      0.408,
      0.461,
      0.252,
      0.34,
      0.488,
      0.365,
      0.511,
      0.504,
      0.31,
      0.404,
      0.453,
      0.466,
      0.392,
      0.359,
      0.428,
      0.451,
      0.464,
      0.384,
      0.526,
      0.269,
      0.191,
      0.471,
      0.416,
      0.41,
      0.536,
      0.399,
      0.455,
      0.535,
      0.499,
      0.387,
      0.324,
      0.238,
      0.215,
      0.438,
      0.431,
      0.558,
      1.0,
      0.4,
      0.125,
      0.54,
      0.481,
      0.55,
      0.501,
      0.597,
      0.46
    ],
    [
      0.455,
      0.396,
      0.206,
      0.242,
      0.078,
      0.249,
      0.365,
      0.318,
      0.348,
      0.396,
      0.272,
      0.337,
      0.387,
      0.386,
      0.256,
      0.327,
      0.343,
      0.38,
      0.328,
      0.406,
      0.404,
      0.26,
      0.203,
      0.306,
      0.214,
      0.274,
      0.415,
      0.389,
      0.341,
      0.395,
      0.347,
      0.315,
      0.292,
      0.343,
      0.297,
      0.256,
      0.412,
      0.493,
      0.4,
      1.0,
      0.296,
      0.459,
      0.339,
      0.362,
      0.4,
      0.359,
      0.36
    ],
    [
      0.283,
      0.249,
      0.069,
      0.165,
      0.191,
      0.277,
      0.251,
      0.294,
      0.309,
      0.248,
      0.304,
      0.251,
      0.235,
      0.178,
      0.068,
      0.23,
      0.224,
      0.176,
      0.133,
      0.198,
      0.181,
      0.357,
      0.346,
      0.176,
      0.267,
      0.161,
      0.23,
      0.213,
      0.143,
      0.182,
      0.292,
      0.127,
      0.113,
      0.299,
      0.293,
      0.074,
      0.188,
      0.248,
      0.125,
      0.296,
      1.0,
      0.21,
      0.214,
      0.246,
      0.097,
      0.258,
      0.259
    ],
    [
      0.655,
      0.41,
      0.423,
      0.401,
      0.255,
      0.177,
      0.522,
      0.294,
      0.605,
      0.636,
      0.145,
      0.617,
      0.567,
      0.725,
      0.548,
      0.384,
      0.613,
      0.559,
      0.549,
      0.483,
      0.515,
      0.292,
      0.209,
      0.366,
      0.302,
      0.493,
      0.607,
      0.51,
      0.599,
      0.57,
      0.648,
      0.496,
      0.479,
      0.201,
      0.221,
      0.601,
      0.381,
      0.68,
      0.54,
      0.459,
      0.21,
      1.0,
      0.587,
      0.604,
      0.501,
      0.48,
      0.535
    ],
    [
      0.693,
      0.379,
      0.602,
      0.635,
      0.311,
      0.365,
      0.555,
      0.319,
      0.722,
      0.756,
      0.224,
      0.628,
      0.74,
      0.596,
      0.741,
      0.536,
      0.687,
      0.804,
      0.785,
      0.679,
      0.72,
      0.359,
      0.381,
      0.353,
      0.272,
      0.702,
      0.682,
      0.296,
      0.441,
      0.776,
      0.629,
      0.712,
      0.618,
      0.299,
      0.404,
      0.727,
      0.203,
      0.432,
      0.481,
      0.339,
      0.214,
      0.587,
      1.0,
      0.654,
      0.674,
      0.432,
      0.588
    ],
    [
      0.698,
      0.494,
      0.51,
      0.487,
      0.222,
      0.366,
      0.553,
      0.38,
      0.568,
      0.686,
      0.238,
      0.506,
      0.578,
      0.583,
      0.532,
      0.493,
      0.519,
      0.582,
      0.55,
      0.547,
      0.589,
      0.296,
      0.31,
      0.393,
      0.384,
      0.526,
      0.604,
      0.352,
      0.54,
      0.628,
      0.662,
      0.483,
      0.407,
      0.27,
      0.301,
      0.585,
      0.342,
      0.481,
      0.55,
      0.362,
      0.246,
      0.604,
      0.654,
      1.0,
      0.727,
      0.58,
      0.591
    ],
    [
      0.649,
      0.387,
      0.563,
      0.526,
      0.232,
      0.351,
      0.452,
      0.332,
      0.475,
      0.619,
      0.173,
      0.456,
      0.702,
      0.473,
      0.575,
      0.431,
      0.538,
      0.66,
      0.706,
      0.597,
      0.651,
      0.184,
      0.425,
      0.386,
      0.316,
      0.556,
      0.599,
      0.292,
      0.401,
      0.652,
      0.523,
      0.525,
      0.389,
      0.169,
      0.275,
      0.686,
      0.269,
      0.434,
      0.501,
      0.4,
      0.097,
      0.501,
      0.674,
      0.727,
      1.0,
      0.448,
      0.492
    ],
    [
      0.587,
      0.512,
      0.471,
      0.362,
      0.311,
      0.426,
      0.49,
      0.504,
      0.448,
      0.588,
      0.334,
      0.434,
      0.475,
      0.485,
      0.396,
      0.372,
      0.422,
      0.407,
      0.379,
      0.403,
      0.488,
      0.327,
      0.321,
      0.409,
      0.422,
      0.379,
      0.515,
      0.384,
      0.403,
      0.428,
      0.498,
      0.376,
      0.343,
      0.312,
      0.339,
      0.422,
      0.459,
      0.533,
      0.597,
      0.359,
      0.258,
      0.48,
      0.432,
      0.58,
      0.448,
      1.0,
      0.461
    ],
    [
      0.599,
      0.472,
      0.545,
      0.558,
      0.288,
      0.277,
      0.507,
      0.316,
      0.567,
      0.625,
      0.225,
      0.569,
      0.571,
      0.575,
      0.58,
      0.43,
      0.507,
      0.501,
      0.527,
      0.429,
      0.523,
      0.378,
      0.269,
      0.387,
      0.331,
      0.508,
      0.567,
      0.388,
      0.422,
      0.615,
      0.624,
      0.639,
      0.548,
      0.363,
      0.388,
      0.622,
      0.251,
      0.443,
      0.46,
      0.36,
      0.259,
      0.535,
      0.588,
      0.591,
      0.492,
      0.461,
      1.0
    ]
  ]
}