{
  "feeds": [
    "Brazil | Folha de São Paulo",
    "Brazil | O Globo (via Google News)",
    "China | CGTN Politics",
    "China | CGTN World",
    "China | Global Times",
    "China | People's Daily CN",
    "China | Xinhua English",
    "India | Dainik Bhaskar",
    "India | NDTV World",
    "India | The Hindu Intl",
    "India | Times of India",
    "Iran (Opposition / Diaspora) | Iran International EN",
    "Iran (Opposition / Diaspora) | Iran International FA",
    "Iran (Opposition / Diaspora) | RFE/RL (was Radio Farda)",
    "Iran (State) | Tehran Times",
    "Israel | Haaretz",
    "Israel | Jerusalem Post",
    "Israel | Times of Israel",
    "Israel | Ynet Hebrew",
    "Japan | Japan Times",
    "Japan | NHK Japanese",
    "Nigeria | The Punch",
    "Nigeria | Vanguard",
    "Qatar | Al Jazeera Arabic",
    "Qatar | Al Jazeera English",
    "Russia | Meduza",
    "Russia | Moscow Times",
    "Russia | RT",
    "Russia | TASS English",
    "Saudi Arabia | Al Arabiya English (via Google News)",
    "Saudi Arabia | Arab News (via Google News)",
    "South Korea | Korea Herald (via Google News)",
    "South Korea | Yonhap News",
    "Turkey | Daily Sabah",
    "Turkey | Hurriyet",
    "United Kingdom | BBC World",
    "United Kingdom | The Guardian World",
    "United Kingdom | The Telegraph",
    "United States | CNN World",
    "United States | Fox News World",
    "United States | NPR World",
    "Wire Services (Factual Baseline) | AFP / France 24 EN",
    "Wire Services (Factual Baseline) | AFP / France 24 FR",
    "Wire Services (Factual Baseline) | AP News",
    "Wire Services (Factual Baseline) | Reuters (via Google News)"
  ],
  "matrix": [
    [
      1.0,
      0.526,
      0.48,
      0.494,
      0.243,
      0.392,
      0.412,
      0.381,
      0.554,
      0.478,
      0.468,
      0.639,
      0.7,
      0.482,
      0.569,
      0.519,
      0.555,
      0.625,
      0.68,
      0.45,
      0.476,
      0.561,
      0.617,
      0.595,
      0.54,
      0.322,
      0.43,
      0.529,
      0.562,
      0.509,
      0.445,
      0.215,
      0.237,
      0.504,
      0.491,
      0.533,
      0.642,
      0.344,
      0.278,
      0.592,
      0.722,
      0.627,
      0.688,
      0.355,
      0.458
    ],
    [
      0.526,
      1.0,
      0.439,
      0.363,
      0.158,
      0.269,
      0.383,
      0.254,
      0.429,
      0.363,
      0.36,
      0.445,
      0.46,
      0.384,
      0.37,
      0.333,
      0.402,
      0.443,
      0.499,
      0.323,
      0.388,
      0.426,
      0.464,
      0.421,
      0.487,
      0.347,
      0.424,
      0.424,
      0.385,
      0.468,
      0.324,
      0.418,
      0.361,
      0.397,
      0.433,
      0.4,
      0.486,
      0.249,
      0.165,
      0.442,
      0.403,
      0.447,
      0.53,
      0.279,
      0.426
    ],
    [
      0.48,
      0.439,
      1.0,
      0.758,
      0.414,
      0.458,
      0.513,
      0.257,
      0.507,
      0.65,
      0.205,
      0.582,
      0.58,
      0.474,
      0.549,
      0.49,
      0.565,
      0.543,
      0.524,
      0.393,
      0.426,
      0.385,
      0.369,
      0.516,
      0.531,
      0.307,
      0.447,
      0.385,
      0.577,
      0.632,
      0.589,
      0.373,
      0.398,
      0.612,
      0.381,
      0.28,
      0.399,
      0.196,
      0.115,
      0.551,
      0.465,
      0.46,
      0.533,
      0.28,
      0.516
    ],
    [
      0.494,
      0.363,
      0.758,
      1.0,
      0.326,
      0.389,
      0.549,
      0.271,
      0.513,
      0.753,
      0.248,
      0.681,
      0.666,
      0.522,
      0.589,
      0.63,
      0.644,
      0.636,
      0.554,
      0.384,
      0.431,
      0.474,
      0.467,
      0.656,
      0.589,
      0.236,
      0.412,
      0.468,
      0.653,
      0.704,
      0.718,
      0.319,
      0.383,
      0.716,
      0.431,
      0.282,
      0.37,
      0.255,
      0.127,
      0.567,
      0.554,
      0.567,
      0.623,
      0.268,
      0.575
    ],
    [
      0.243,
      0.158,
      0.414,
      0.326,
      1.0,
      0.538,
      0.232,
      0.23,
      0.072,
      0.283,
      0.166,
      0.273,
      0.269,
      0.214,
      0.252,
      0.189,
      0.425,
      0.185,
      0.235,
      0.439,
      0.255,
      0.222,
      0.187,
      0.221,
      0.144,
      0.302,
      0.215,
      0.13,
      0.279,
      0.194,
      0.242,
      0.215,
      0.284,
      0.242,
      0.091,
      0.191,
      0.256,
      0.077,
      0.186,
      0.249,
      0.195,
      0.196,
      0.187,
      0.08,
      0.306
    ],
    [
      0.392,
      0.269,
      0.458,
      0.389,
      0.538,
      1.0,
      0.338,
      0.459,
      0.258,
      0.386,
      0.348,
      0.347,
      0.458,
      0.264,
      0.338,
      0.268,
      0.318,
      0.264,
      0.437,
      0.437,
      0.396,
      0.337,
      0.38,
      0.445,
      0.193,
      0.307,
      0.245,
      0.219,
      0.336,
      0.348,
      0.311,
      0.351,
      0.391,
      0.265,
      0.372,
      0.189,
      0.309,
      0.249,
      0.277,
      0.31,
      0.306,
      0.323,
      0.372,
      0.206,
      0.307
    ],
    [
      0.412,
      0.383,
      0.513,
      0.549,
      0.232,
      0.338,
      1.0,
      0.244,
      0.553,
      0.477,
      0.312,
      0.518,
      0.574,
      0.483,
      0.457,
      0.487,
      0.552,
      0.545,
      0.46,
      0.445,
      0.325,
      0.477,
      0.422,
      0.486,
      0.44,
      0.25,
      0.442,
      0.497,
      0.515,
      0.441,
      0.382,
      0.359,
      0.406,
      0.593,
      0.391,
      0.405,
      0.442,
      0.365,
      0.251,
      0.545,
      0.493,
      0.533,
      0.567,
      0.323,
      0.528
    ],
    [
      0.381,
      0.254,
      0.257,
      0.271,
      0.23,
      0.459,
      0.244,
      1.0,
      0.383,
      0.348,
      0.524,
      0.363,
      0.469,
      0.282,
      0.304,
      0.308,
      0.273,
      0.327,
      0.53,
      0.233,
      0.466,
      0.424,
      0.496,
      0.343,
      0.257,
      0.231,
      0.282,
      0.316,
      0.339,
      0.329,
      0.356,
      0.308,
      0.374,
      0.229,
      0.5,
      0.347,
      0.373,
      0.361,
      0.266,
      0.262,
      0.412,
      0.359,
      0.476,
      0.336,
      0.323
    ],
    [
      0.554,
      0.429,
      0.507,
      0.513,
      0.072,
      0.258,
      0.553,
      0.383,
      1.0,
      0.567,
      0.339,
      0.638,
      0.63,
      0.608,
      0.53,
      0.483,
      0.523,
      0.608,
      0.565,
      0.306,
      0.43,
      0.457,
      0.331,
      0.555,
      0.505,
      0.37,
      0.561,
      0.564,
      0.534,
      0.571,
      0.505,
      0.274,
      0.302,
      0.583,
      0.489,
      0.464,
      0.502,
      0.404,
      0.168,
      0.633,
      0.541,
      0.577,
      0.704,
      0.509,
      0.473
    ],
    [
      0.478,
      0.363,
      0.65,
      0.753,
      0.283,
      0.386,
      0.477,
      0.348,
      0.567,
      1.0,
      0.247,
      0.781,
      0.672,
      0.577,
      0.567,
      0.522,
      0.65,
      0.607,
      0.532,
      0.377,
      0.41,
      0.441,
      0.462,
      0.67,
      0.757,
      0.264,
      0.459,
      0.477,
      0.606,
      0.694,
      0.704,
      0.337,
      0.443,
      0.745,
      0.408,
      0.192,
      0.348,
      0.146,
      0.107,
      0.603,
      0.558,
      0.544,
      0.613,
      0.291,
      0.594
    ],
    [
      0.468,
      0.36,
      0.205,
      0.248,
      0.166,
      0.348,
      0.312,
      0.524,
      0.339,
      0.247,
      1.0,
      0.344,
      0.483,
      0.246,
      0.362,
      0.401,
      0.283,
      0.331,
      0.547,
      0.296,
      0.419,
      0.369,
      0.471,
      0.385,
      0.215,
      0.212,
      0.215,
      0.332,
      0.161,
      0.301,
      0.237,
      0.287,
      0.219,
      0.209,
      0.521,
      0.41,
      0.336,
      0.352,
      0.253,
      0.369,
      0.376,
      0.334,
      0.428,
      0.347,
      0.189
    ],
    [
      0.639,
      0.445,
      0.582,
      0.681,
      0.273,
      0.347,
      0.518,
      0.363,
      0.638,
      0.781,
      0.344,
      1.0,
      0.786,
      0.648,
      0.74,
      0.66,
      0.762,
      0.752,
      0.651,
      0.406,
      0.466,
      0.503,
      0.472,
      0.73,
      0.735,
      0.377,
      0.532,
      0.603,
      0.672,
      0.68,
      0.697,
      0.329,
      0.413,
      0.789,
      0.464,
      0.375,
      0.39,
      0.262,
      0.194,
      0.732,
      0.645,
      0.638,
      0.728,
      0.4,
      0.58
    ],
    [
      0.7,
      0.46,
      0.58,
      0.666,
      0.269,
      0.458,
      0.574,
      0.469,
      0.63,
      0.672,
      0.483,
      0.786,
      1.0,
      0.636,
      0.711,
      0.758,
      0.781,
      0.765,
      0.796,
      0.414,
      0.475,
      0.559,
      0.603,
      0.761,
      0.592,
      0.377,
      0.466,
      0.642,
      0.621,
      0.734,
      0.71,
      0.37,
      0.429,
      0.753,
      0.577,
      0.417,
      0.485,
      0.409,
      0.209,
      0.762,
      0.652,
      0.626,
      0.76,
      0.439,
      0.578
    ],
    [
      0.482,
      0.384,
      0.474,
      0.522,
      0.214,
      0.264,
      0.483,
      0.282,
      0.608,
      0.577,
      0.246,
      0.648,
      0.636,
      1.0,
      0.553,
      0.476,
      0.597,
      0.627,
      0.521,
      0.312,
      0.355,
      0.385,
      0.296,
      0.616,
      0.556,
      0.754,
      0.767,
      0.572,
      0.596,
      0.575,
      0.53,
      0.224,
      0.319,
      0.621,
      0.391,
      0.419,
      0.384,
      0.398,
      0.149,
      0.683,
      0.524,
      0.543,
      0.617,
      0.36,
      0.448
    ],
    [
      0.569,
      0.37,
      0.549,
      0.589,
      0.252,
      0.338,
      0.457,
      0.304,
      0.53,
      0.567,
      0.362,
      0.74,
      0.711,
      0.553,
      1.0,
      0.654,
      0.671,
      0.736,
      0.593,
      0.317,
      0.413,
      0.464,
      0.39,
      0.585,
      0.488,
      0.442,
      0.469,
      0.597,
      0.646,
      0.677,
      0.641,
      0.265,
      0.314,
      0.628,
      0.513,
      0.365,
      0.298,
      0.343,
      0.224,
      0.751,
      0.619,
      0.57,
      0.644,
      0.374,
      0.438
    ],
    [
      0.519,
      0.333,
      0.49,
      0.63,
      0.189,
      0.268,
      0.487,
      0.308,
      0.483,
      0.522,
      0.401,
      0.66,
      0.758,
      0.476,
      0.654,
      1.0,
      0.706,
      0.813,
      0.717,
      0.4,
      0.381,
      0.485,
      0.494,
      0.621,
      0.48,
      0.181,
      0.323,
      0.55,
      0.588,
      0.599,
      0.662,
      0.254,
      0.289,
      0.649,
      0.425,
      0.412,
      0.277,
      0.374,
      0.18,
      0.628,
      0.595,
      0.6,
      0.672,
      0.376,
      0.491
    ],
    [
      0.555,
      0.402,
      0.565,
      0.644,
      0.425,
      0.318,
      0.552,
      0.273,
      0.523,
      0.65,
      0.283,
      0.762,
      0.781,
      0.597,
      0.671,
      0.706,
      1.0,
      0.749,
      0.632,
      0.445,
      0.332,
      0.435,
      0.436,
      0.623,
      0.626,
      0.367,
      0.494,
      0.631,
      0.652,
      0.685,
      0.674,
      0.268,
      0.345,
      0.808,
      0.378,
      0.345,
      0.356,
      0.279,
      0.154,
      0.759,
      0.551,
      0.545,
      0.612,
      0.398,
      0.594
    ],
    [
      0.625,
      0.443,
      0.543,
      0.636,
      0.185,
      0.264,
      0.545,
      0.327,
      0.608,
      0.607,
      0.331,
      0.752,
      0.765,
      0.627,
      0.736,
      0.813,
      0.749,
      1.0,
      0.722,
      0.442,
      0.474,
      0.576,
      0.529,
      0.64,
      0.65,
      0.381,
      0.492,
      0.717,
      0.748,
      0.651,
      0.664,
      0.254,
      0.301,
      0.717,
      0.549,
      0.514,
      0.366,
      0.444,
      0.229,
      0.781,
      0.768,
      0.771,
      0.757,
      0.469,
      0.554
    ],
    [
      0.68,
      0.499,
      0.524,
      0.554,
      0.235,
      0.437,
      0.46,
      0.53,
      0.565,
      0.532,
      0.547,
      0.651,
      0.796,
      0.521,
      0.593,
      0.717,
      0.632,
      0.722,
      1.0,
      0.382,
      0.587,
      0.566,
      0.597,
      0.674,
      0.545,
      0.339,
      0.438,
      0.594,
      0.555,
      0.627,
      0.624,
      0.375,
      0.432,
      0.591,
      0.623,
      0.48,
      0.516,
      0.472,
      0.297,
      0.647,
      0.632,
      0.594,
      0.708,
      0.504,
      0.503
    ],
    [
      0.45,
      0.323,
      0.393,
      0.384,
      0.439,
      0.437,
      0.445,
      0.233,
      0.306,
      0.377,
      0.296,
      0.406,
      0.414,
      0.312,
      0.317,
      0.4,
      0.445,
      0.442,
      0.382,
      1.0,
      0.325,
      0.437,
      0.444,
      0.363,
      0.33,
      0.257,
      0.304,
      0.373,
      0.372,
      0.244,
      0.269,
      0.314,
      0.337,
      0.337,
      0.362,
      0.387,
      0.299,
      0.169,
      0.243,
      0.342,
      0.468,
      0.5,
      0.439,
      0.263,
      0.474
    ],
    [
      0.476,
      0.388,
      0.426,
      0.431,
      0.255,
      0.396,
      0.325,
      0.466,
      0.43,
      0.41,
      0.419,
      0.466,
      0.475,
      0.355,
      0.413,
      0.381,
      0.332,
      0.474,
      0.587,
      0.325,
      1.0,
      0.406,
      0.419,
      0.402,
      0.353,
      0.275,
      0.338,
      0.296,
      0.372,
      0.407,
      0.389,
      0.462,
      0.431,
      0.337,
      0.467,
      0.402,
      0.38,
      0.406,
      0.299,
      0.432,
      0.449,
      0.449,
      0.502,
      0.382,
      0.423
    ],
    [
      0.561,
      0.426,
      0.385,
      0.474,
      0.222,
      0.337,
      0.477,
      0.424,
      0.457,
      0.441,
      0.369,
      0.503,
      0.559,
      0.385,
      0.464,
      0.485,
      0.435,
      0.576,
      0.566,
      0.437,
      0.406,
      1.0,
      0.649,
      0.479,
      0.461,
      0.263,
      0.337,
      0.545,
      0.504,
      0.391,
      0.418,
      0.297,
      0.324,
      0.389,
      0.607,
      0.549,
      0.536,
      0.358,
      0.195,
      0.459,
      0.644,
      0.618,
      0.609,
      0.384,
      0.523
    ],
    [
      0.617,
      0.464,
      0.369,
      0.467,
      0.187,
      0.38,
      0.422,
      0.496,
      0.331,
      0.462,
      0.471,
      0.472,
      0.603,
      0.296,
      0.39,
      0.494,
      0.436,
      0.529,
      0.597,
      0.444,
      0.419,
      0.649,
      1.0,
      0.491,
      0.474,
      0.129,
      0.26,
      0.406,
      0.451,
      0.433,
      0.428,
      0.398,
      0.394,
      0.418,
      0.571,
      0.463,
      0.508,
      0.374,
      0.193,
      0.432,
      0.595,
      0.571,
      0.604,
      0.306,
      0.476
    ],
    [
      0.595,
      0.421,
      0.516,
      0.656,
      0.221,
      0.445,
      0.486,
      0.343,
      0.555,
      0.67,
      0.385,
      0.73,
      0.761,
      0.616,
      0.585,
      0.621,
      0.623,
      0.64,
      0.674,
      0.363,
      0.402,
      0.479,
      0.491,
      1.0,
      0.661,
      0.376,
      0.474,
      0.568,
      0.657,
      0.663,
      0.641,
      0.264,
      0.371,
      0.639,
      0.478,
      0.343,
      0.392,
      0.327,
      0.19,
      0.613,
      0.574,
      0.6,
      0.727,
      0.293,
      0.509
    ],
    [
      0.54,
      0.487,
      0.531,
      0.589,
      0.144,
      0.193,
      0.44,
      0.257,
      0.505,
      0.757,
      0.215,
      0.735,
      0.592,
      0.556,
      0.488,
      0.48,
      0.626,
      0.65,
      0.545,
      0.33,
      0.353,
      0.461,
      0.474,
      0.661,
      1.0,
      0.235,
      0.431,
      0.583,
      0.615,
      0.592,
      0.584,
      0.261,
      0.34,
      0.65,
      0.401,
      0.314,
      0.397,
      0.161,
      0.077,
      0.56,
      0.603,
      0.595,
      0.654,
      0.31,
      0.56
    ],
    [
      0.322,
      0.347,
      0.307,
      0.236,
      0.302,
      0.307,
      0.25,
      0.231,
      0.37,
      0.264,
      0.212,
      0.377,
      0.377,
      0.754,
      0.442,
      0.181,
      0.367,
      0.381,
      0.339,
      0.257,
      0.275,
      0.263,
      0.129,
      0.376,
      0.235,
      1.0,
      0.712,
      0.437,
      0.428,
      0.353,
      0.283,
      0.187,
      0.246,
      0.307,
      0.371,
      0.332,
      0.274,
      0.333,
      0.179,
      0.486,
      0.319,
      0.378,
      0.379,
      0.246,
      0.281
    ],
    [
      0.43,
      0.424,
      0.447,
      0.412,
      0.215,
      0.245,
      0.442,
      0.282,
      0.561,
      0.459,
      0.215,
      0.532,
      0.466,
      0.767,
      0.469,
      0.323,
      0.494,
      0.492,
      0.438,
      0.304,
      0.338,
      0.337,
      0.26,
      0.474,
      0.431,
      0.712,
      1.0,
      0.499,
      0.521,
      0.432,
      0.365,
      0.185,
      0.343,
      0.494,
      0.418,
      0.415,
      0.401,
      0.325,
      0.219,
      0.556,
      0.462,
      0.516,
      0.564,
      0.351,
      0.392
    ],
    [
      0.529,
      0.424,
      0.385,
      0.468,
      0.13,
      0.219,
      0.497,
      0.316,
      0.564,
      0.477,
      0.332,
      0.603,
      0.642,
      0.572,
      0.597,
      0.55,
      0.631,
      0.717,
      0.594,
      0.373,
      0.296,
      0.545,
      0.406,
      0.568,
      0.583,
      0.437,
      0.499,
      1.0,
      0.612,
      0.556,
      0.497,
      0.226,
      0.323,
      0.617,
      0.592,
      0.467,
      0.37,
      0.482,
      0.258,
      0.738,
      0.662,
      0.657,
      0.65,
      0.428,
      0.611
    ],
    [
      0.562,
      0.385,
      0.577,
      0.653,
      0.279,
      0.336,
      0.515,
      0.339,
      0.534,
      0.606,
      0.161,
      0.672,
      0.621,
      0.596,
      0.646,
      0.588,
      0.652,
      0.748,
      0.555,
      0.372,
      0.372,
      0.504,
      0.451,
      0.657,
      0.615,
      0.428,
      0.521,
      0.612,
      1.0,
      0.566,
      0.585,
      0.156,
      0.309,
      0.664,
      0.411,
      0.424,
      0.389,
      0.387,
      0.115,
      0.597,
      0.659,
      0.768,
      0.739,
      0.331,
      0.513
    ],
    [
      0.509,
      0.468,
      0.632,
      0.704,
      0.194,
      0.348,
      0.441,
      0.329,
      0.571,
      0.694,
      0.301,
      0.68,
      0.734,
      0.575,
      0.677,
      0.599,
      0.685,
      0.651,
      0.627,
      0.244,
      0.407,
      0.391,
      0.433,
      0.663,
      0.592,
      0.353,
      0.432,
      0.556,
      0.566,
      1.0,
      0.824,
      0.385,
      0.4,
      0.722,
      0.44,
      0.213,
      0.301,
      0.342,
      0.169,
      0.699,
      0.513,
      0.471,
      0.596,
      0.358,
      0.567
    ],
    [
      0.445,
      0.324,
      0.589,
      0.718,
      0.242,
      0.311,
      0.382,
      0.356,
      0.505,
      0.704,
      0.237,
      0.697,
      0.71,
      0.53,
      0.641,
      0.662,
      0.674,
      0.664,
      0.624,
      0.269,
      0.389,
      0.418,
      0.428,
      0.641,
      0.584,
      0.283,
      0.365,
      0.497,
      0.585,
      0.824,
      1.0,
      0.414,
      0.454,
      0.717,
      0.427,
      0.176,
      0.181,
      0.29,
      0.17,
      0.565,
      0.527,
      0.507,
      0.564,
      0.322,
      0.576
    ],
    [
      0.215,
      0.418,
      0.373,
      0.319,
      0.215,
      0.351,
      0.359,
      0.308,
      0.274,
      0.337,
      0.287,
      0.329,
      0.37,
      0.224,
      0.265,
      0.254,
      0.268,
      0.254,
      0.375,
      0.314,
      0.462,
      0.297,
      0.398,
      0.264,
      0.261,
      0.187,
      0.185,
      0.226,
      0.156,
      0.385,
      0.414,
      1.0,
      0.721,
      0.331,
      0.324,
      0.166,
      0.183,
      0.292,
      0.296,
      0.264,
      0.225,
      0.218,
      0.292,
      0.226,
      0.56
    ],
    [
      0.237,
      0.361,
      0.398,
      0.383,
      0.284,
      0.391,
      0.406,
      0.374,
      0.302,
      0.443,
      0.219,
      0.413,
      0.429,
      0.319,
      0.314,
      0.289,
      0.345,
      0.301,
      0.432,
      0.337,
      0.431,
      0.324,
      0.394,
      0.371,
      0.34,
      0.246,
      0.343,
      0.323,
      0.309,
      0.4,
      0.454,
      0.721,
      1.0,
      0.417,
      0.374,
      0.12,
      0.178,
      0.233,
      0.272,
      0.353,
      0.257,
      0.288,
      0.35,
      0.235,
      0.541
    ],
    [
      0.504,
      0.397,
      0.612,
      0.716,
      0.242,
      0.265,
      0.593,
      0.229,
      0.583,
      0.745,
      0.209,
      0.789,
      0.753,
      0.621,
      0.628,
      0.649,
      0.808,
      0.717,
      0.591,
      0.337,
      0.337,
      0.389,
      0.418,
      0.639,
      0.65,
      0.307,
      0.494,
      0.617,
      0.664,
      0.722,
      0.717,
      0.331,
      0.417,
      1.0,
      0.335,
      0.296,
      0.328,
      0.266,
      0.161,
      0.743,
      0.571,
      0.559,
      0.638,
      0.344,
      0.587
    ],
    [
      0.491,
      0.433,
      0.381,
      0.431,
      0.091,
      0.372,
      0.391,
      0.5,
      0.489,
      0.408,
      0.521,
      0.464,
      0.577,
      0.391,
      0.513,
      0.425,
      0.378,
      0.549,
      0.623,
      0.362,
      0.467,
      0.607,
      0.571,
      0.478,
      0.401,
      0.371,
      0.418,
      0.592,
      0.411,
      0.44,
      0.427,
      0.324,
      0.374,
      0.335,
      1.0,
      0.431,
      0.413,
      0.424,
      0.177,
      0.54,
      0.612,
      0.571,
      0.598,
      0.397,
      0.401
    ],
    [
      0.533,
      0.4,
      0.28,
      0.282,
      0.191,
      0.189,
      0.405,
      0.347,
      0.464,
      0.192,
      0.41,
      0.375,
      0.417,
      0.419,
      0.365,
      0.412,
      0.345,
      0.514,
      0.48,
      0.387,
      0.402,
      0.549,
      0.463,
      0.343,
      0.314,
      0.332,
      0.415,
      0.467,
      0.424,
      0.213,
      0.176,
      0.166,
      0.12,
      0.296,
      0.431,
      1.0,
      0.585,
      0.468,
      0.249,
      0.409,
      0.578,
      0.624,
      0.588,
      0.38,
      0.365
    ],
    [
      0.642,
      0.486,
      0.399,
      0.37,
      0.256,
      0.309,
      0.442,
      0.373,
      0.502,
      0.348,
      0.336,
      0.39,
      0.485,
      0.384,
      0.298,
      0.277,
      0.356,
      0.366,
      0.516,
      0.299,
      0.38,
      0.536,
      0.508,
      0.392,
      0.397,
      0.274,
      0.401,
      0.37,
      0.389,
      0.301,
      0.181,
      0.183,
      0.178,
      0.328,
      0.413,
      0.585,
      1.0,
      0.31,
      0.17,
      0.406,
      0.49,
      0.492,
      0.59,
      0.288,
      0.384
    ],
    [
      0.344,
      0.249,
      0.196,
      0.255,
      0.077,
      0.249,
      0.365,
      0.361,
      0.404,
      0.146,
      0.352,
      0.262,
      0.409,
      0.398,
      0.343,
      0.374,
      0.279,
      0.444,
      0.472,
      0.169,
      0.406,
      0.358,
      0.374,
      0.327,
      0.161,
      0.333,
      0.325,
      0.482,
      0.387,
      0.342,
      0.29,
      0.292,
      0.233,
      0.266,
      0.424,
      0.468,
      0.31,
      1.0,
      0.296,
      0.437,
      0.451,
      0.435,
      0.472,
      0.408,
      0.342
    ],
    [
      0.278,
      0.165,
      0.115,
      0.127,
      0.186,
      0.277,
      0.251,
      0.266,
      0.168,
      0.107,
      0.253,
      0.194,
      0.209,
      0.149,
      0.224,
      0.18,
      0.154,
      0.229,
      0.297,
      0.243,
      0.299,
      0.195,
      0.193,
      0.19,
      0.077,
      0.179,
      0.219,
      0.258,
      0.115,
      0.169,
      0.17,
      0.296,
      0.272,
      0.161,
      0.177,
      0.249,
      0.17,
      0.296,
      1.0,
      0.201,
      0.291,
      0.196,
      0.176,
      0.164,
      0.257
    ],
    [
      0.592,
      0.442,
      0.551,
      0.567,
      0.249,
      0.31,
      0.545,
      0.262,
      0.633,
      0.603,
      0.369,
      0.732,
      0.762,
      0.683,
      0.751,
      0.628,
      0.759,
      0.781,
      0.647,
      0.342,
      0.432,
      0.459,
      0.432,
      0.613,
      0.56,
      0.486,
      0.556,
      0.738,
      0.597,
      0.699,
      0.565,
      0.264,
      0.353,
      0.743,
      0.54,
      0.409,
      0.406,
      0.437,
      0.201,
      1.0,
      0.672,
      0.581,
      0.645,
      0.447,
      0.526
    ],
    [
      0.722,
      0.403,
      0.465,
      0.554,
      0.195,
      0.306,
      0.493,
      0.412,
      0.541,
      0.558,
      0.376,
      0.645,
      0.652,
      0.524,
      0.619,
      0.595,
      0.551,
      0.768,
      0.632,
      0.468,
      0.449,
      0.644,
      0.595,
      0.574,
      0.603,
      0.319,
      0.462,
      0.662,
      0.659,
      0.513,
      0.527,
      0.225,
      0.257,
      0.571,
      0.612,
      0.578,
      0.49,
      0.451,
      0.291,
      0.672,
      1.0,
      0.788,
      0.744,
      0.388,
      0.484
    ],
    [
      0.627,
      0.447,
      0.46,
      0.567,
      0.196,
      0.323,
      0.533,
      0.359,
      0.577,
      0.544,
      0.334,
      0.638,
      0.626,
      0.543,
      0.57,
      0.6,
      0.545,
      0.771,
      0.594,
      0.5,
      0.449,
      0.618,
      0.571,
      0.6,
      0.595,
      0.378,
      0.516,
      0.657,
      0.768,
      0.471,
      0.507,
      0.218,
      0.288,
      0.559,
      0.571,
      0.624,
      0.492,
      0.435,
      0.196,
      0.581,
      0.788,
      1.0,
      0.793,
      0.451,
      0.549
    ],
    [
      0.688,
      0.53,
      0.533,
      0.623,
      0.187,
      0.372,
      0.567,
      0.476,
      0.704,
      0.613,
      0.428,
      0.728,
      0.76,
      0.617,
      0.644,
      0.672,
      0.612,
      0.757,
      0.708,
      0.439,
      0.502,
      0.609,
      0.604,
      0.727,
      0.654,
      0.379,
      0.564,
      0.65,
      0.739,
      0.596,
      0.564,
      0.292,
      0.35,
      0.638,
      0.598,
      0.588,
      0.59,
      0.472,
      0.176,
      0.645,
      0.744,
      0.793,
      1.0,
      0.451,
      0.545
    ],
    [
      0.355,
      0.279,
      0.28,
      0.268,
      0.08,
      0.206,
      0.323,
      0.336,
      0.509,
      0.291,
      0.347,
      0.4,
      0.439,
      0.36,
      0.374,
      0.376,
      0.398,
      0.469,
      0.504,
      0.263,
      0.382,
      0.384,
      0.306,
      0.293,
      0.31,
      0.246,
      0.351,
      0.428,
      0.331,
      0.358,
      0.322,
      0.226,
      0.235,
      0.344,
      0.397,
      0.38,
      0.288,
      0.408,
      0.164,
      0.447,
      0.388,
      0.451,
      0.451,
      1.0,
      0.337
    ],
    [
      0.458,
      0.426,
      0.516,
      0.575,
      0.306,
      0.307,
      0.528,
      0.323,
      0.473,
      0.594,
      0.189,
      0.58,
      0.578,
      0.448,
      0.438,
      0.491,
      0.594,
      0.554,
      0.503,
      0.474,
      0.423,
      0.523,
      0.476,
      0.509,
      0.56,
      0.281,
      0.392,
      0.611,
      0.513,
      0.567,
      0.576,
      0.56,
      0.541,
      0.587,
      0.401,
      0.365,
      0.384,
      0.342,
      0.257,
      0.526,
      0.484,
      0.549,
      0.545,
      0.337,
      1.0
    ]
  ]
}