{
  "feeds": [
    "Brazil | Folha de São Paulo",
    "Brazil | O Globo (via Google News)",
    "China | CGTN Politics",
    "China | CGTN World",
    "China | Global Times",
    "China | People's Daily CN",
    "China | Xinhua English",
    "India | Dainik Bhaskar",
    "India | NDTV World",
    "India | The Hindu Intl",
    "India | Times of India",
    "Iran (Opposition / Diaspora) | Iran International EN",
    "Iran (Opposition / Diaspora) | Iran International FA",
    "Iran (Opposition / Diaspora) | RFE/RL (was Radio Farda)",
    "Iran (State) | IRNA English",
    "Iran (State) | IRNA Farsi",
    "Iran (State) | Tehran Times",
    "Israel | Haaretz",
    "Israel | Jerusalem Post",
    "Israel | Times of Israel",
    "Israel | Ynet Hebrew",
    "Japan | Japan Times",
    "Japan | NHK Japanese",
    "Nigeria | The Punch",
    "Nigeria | Vanguard",
    "Qatar | Al Jazeera Arabic",
    "Qatar | Al Jazeera English",
    "Russia | Meduza",
    "Russia | Moscow Times",
    "Russia | RT",
    "Russia | TASS English",
    "Saudi Arabia | Al Arabiya English (via Google News)",
    "Saudi Arabia | Arab News (via Google News)",
    "South Korea | Korea Herald (via Google News)",
    "South Korea | Yonhap News",
    "Turkey | Daily Sabah",
    "Turkey | Hurriyet",
    "United Kingdom | BBC World",
    "United Kingdom | The Guardian World",
    "United Kingdom | The Telegraph",
    "United States | CNN World",
    "United States | Fox News World",
    "United States | NPR World",
    "Wire Services (Factual Baseline) | AFP / France 24 EN",
    "Wire Services (Factual Baseline) | AFP / France 24 FR",
    "Wire Services (Factual Baseline) | AP News",
    "Wire Services (Factual Baseline) | Reuters (via Google News)"
  ],
  "matrix": [
    [
      1.0,
      0.486,
      0.547,
      0.575,
      0.324,
      0.393,
      0.499,
      0.321,
      0.562,
      0.603,
      0.185,
      0.554,
      0.608,
      0.635,
      0.571,
      0.559,
      0.477,
      0.537,
      0.65,
      0.43,
      0.67,
      0.352,
      0.387,
      0.435,
      0.399,
      0.524,
      0.552,
      0.477,
      0.521,
      0.669,
      0.623,
      0.51,
      0.595,
      0.192,
      0.287,
      0.601,
      0.374,
      0.632,
      0.402,
      0.337,
      0.195,
      0.431,
      0.628,
      0.598,
      0.691,
      0.513,
      0.574
    ],
    [
      0.486,
      1.0,
      0.314,
      0.304,
      0.192,
      0.285,
      0.346,
      0.376,
      0.244,
      0.327,
      0.337,
      0.296,
      0.365,
      0.286,
      0.239,
      0.46,
      0.209,
      0.21,
      0.347,
      0.22,
      0.45,
      0.215,
      0.339,
      0.52,
      0.436,
      0.242,
      0.361,
      0.269,
      0.332,
      0.213,
      0.346,
      0.309,
      0.299,
      0.346,
      0.346,
      0.36,
      0.461,
      0.374,
      0.335,
      0.265,
      0.178,
      0.313,
      0.387,
      0.356,
      0.406,
      0.346,
      0.382
    ],
    [
      0.547,
      0.314,
      1.0,
      0.751,
      0.501,
      0.505,
      0.524,
      0.327,
      0.412,
      0.632,
      0.296,
      0.548,
      0.606,
      0.475,
      0.736,
      0.533,
      0.588,
      0.459,
      0.489,
      0.394,
      0.467,
      0.353,
      0.32,
      0.41,
      0.262,
      0.474,
      0.505,
      0.303,
      0.307,
      0.517,
      0.438,
      0.575,
      0.609,
      0.354,
      0.465,
      0.621,
      0.312,
      0.535,
      0.275,
      0.206,
      0.069,
      0.373,
      0.539,
      0.505,
      0.471,
      0.378,
      0.533
    ],
    [
      0.575,
      0.304,
      0.751,
      1.0,
      0.538,
      0.522,
      0.471,
      0.26,
      0.496,
      0.592,
      0.322,
      0.498,
      0.617,
      0.409,
      0.651,
      0.532,
      0.47,
      0.461,
      0.513,
      0.331,
      0.448,
      0.415,
      0.34,
      0.432,
      0.293,
      0.489,
      0.486,
      0.257,
      0.238,
      0.496,
      0.364,
      0.585,
      0.596,
      0.282,
      0.398,
      0.547,
      0.233,
      0.468,
      0.295,
      0.242,
      0.165,
      0.385,
      0.568,
      0.496,
      0.513,
      0.303,
      0.514
    ],
    [
      0.324,
      0.192,
      0.501,
      0.538,
      1.0,
      0.555,
      0.306,
      0.295,
      0.262,
      0.352,
      0.328,
      0.33,
      0.416,
      0.239,
      0.345,
      0.326,
      0.272,
      0.171,
      0.283,
      0.125,
      0.218,
      0.339,
      0.242,
      0.347,
      0.227,
      0.317,
      0.246,
      0.189,
      0.129,
      0.271,
      0.195,
      0.19,
      0.315,
      0.18,
      0.307,
      0.283,
      0.103,
      0.247,
      0.23,
      0.091,
      0.187,
      0.182,
      0.291,
      0.31,
      0.259,
      0.327,
      0.298
    ],
    [
      0.393,
      0.285,
      0.505,
      0.522,
      0.555,
      1.0,
      0.338,
      0.444,
      0.34,
      0.366,
      0.413,
      0.247,
      0.43,
      0.232,
      0.357,
      0.568,
      0.345,
      0.27,
      0.226,
      0.197,
      0.35,
      0.389,
      0.358,
      0.403,
      0.282,
      0.412,
      0.195,
      0.208,
      0.186,
      0.316,
      0.271,
      0.247,
      0.302,
      0.263,
      0.411,
      0.286,
      0.337,
      0.369,
      0.324,
      0.249,
      0.277,
      0.216,
      0.319,
      0.338,
      0.398,
      0.381,
      0.254
    ],
    [
      0.499,
      0.346,
      0.524,
      0.471,
      0.306,
      0.338,
      1.0,
      0.265,
      0.476,
      0.547,
      0.2,
      0.429,
      0.467,
      0.471,
      0.493,
      0.447,
      0.484,
      0.478,
      0.499,
      0.411,
      0.438,
      0.447,
      0.373,
      0.373,
      0.447,
      0.577,
      0.477,
      0.276,
      0.353,
      0.496,
      0.474,
      0.534,
      0.48,
      0.325,
      0.412,
      0.483,
      0.286,
      0.506,
      0.421,
      0.365,
      0.251,
      0.457,
      0.554,
      0.488,
      0.48,
      0.382,
      0.493
    ],
    [
      0.321,
      0.376,
      0.327,
      0.26,
      0.295,
      0.444,
      0.265,
      1.0,
      0.278,
      0.35,
      0.545,
      0.24,
      0.467,
      0.245,
      0.261,
      0.484,
      0.264,
      0.31,
      0.303,
      0.268,
      0.467,
      0.244,
      0.372,
      0.411,
      0.445,
      0.298,
      0.316,
      0.17,
      0.263,
      0.147,
      0.343,
      0.198,
      0.271,
      0.254,
      0.279,
      0.293,
      0.494,
      0.359,
      0.416,
      0.371,
      0.19,
      0.292,
      0.307,
      0.274,
      0.232,
      0.364,
      0.263
    ],
    [
      0.562,
      0.244,
      0.412,
      0.496,
      0.262,
      0.34,
      0.476,
      0.278,
      1.0,
      0.54,
      0.232,
      0.447,
      0.603,
      0.454,
      0.452,
      0.508,
      0.414,
      0.369,
      0.588,
      0.178,
      0.452,
      0.363,
      0.462,
      0.338,
      0.382,
      0.51,
      0.393,
      0.319,
      0.352,
      0.545,
      0.52,
      0.572,
      0.547,
      0.258,
      0.345,
      0.457,
      0.38,
      0.553,
      0.502,
      0.26,
      0.155,
      0.435,
      0.593,
      0.465,
      0.494,
      0.293,
      0.476
    ],
    [
      0.603,
      0.327,
      0.632,
      0.592,
      0.352,
      0.366,
      0.547,
      0.35,
      0.54,
      1.0,
      0.261,
      0.495,
      0.56,
      0.493,
      0.598,
      0.479,
      0.492,
      0.564,
      0.61,
      0.426,
      0.515,
      0.523,
      0.39,
      0.418,
      0.415,
      0.559,
      0.485,
      0.304,
      0.359,
      0.564,
      0.498,
      0.557,
      0.541,
      0.274,
      0.386,
      0.666,
      0.311,
      0.585,
      0.389,
      0.249,
      0.061,
      0.46,
      0.578,
      0.58,
      0.534,
      0.32,
      0.615
    ],
    [
      0.185,
      0.337,
      0.296,
      0.322,
      0.328,
      0.413,
      0.2,
      0.545,
      0.232,
      0.261,
      1.0,
      0.183,
      0.41,
      0.112,
      0.293,
      0.499,
      0.26,
      0.275,
      0.285,
      0.268,
      0.388,
      0.261,
      0.235,
      0.409,
      0.354,
      0.257,
      0.331,
      0.065,
      0.113,
      0.066,
      0.135,
      0.172,
      0.249,
      0.312,
      0.301,
      0.272,
      0.342,
      0.202,
      0.239,
      0.204,
      0.224,
      0.205,
      0.185,
      0.201,
      0.209,
      0.2,
      0.186
    ],
    [
      0.554,
      0.296,
      0.548,
      0.498,
      0.33,
      0.247,
      0.429,
      0.24,
      0.447,
      0.495,
      0.183,
      1.0,
      0.679,
      0.616,
      0.709,
      0.543,
      0.695,
      0.476,
      0.535,
      0.372,
      0.547,
      0.35,
      0.265,
      0.367,
      0.194,
      0.604,
      0.648,
      0.491,
      0.497,
      0.642,
      0.65,
      0.661,
      0.689,
      0.195,
      0.322,
      0.709,
      0.345,
      0.595,
      0.21,
      0.266,
      0.225,
      0.494,
      0.677,
      0.554,
      0.551,
      0.44,
      0.501
    ],
    [
      0.608,
      0.365,
      0.606,
      0.617,
      0.416,
      0.43,
      0.467,
      0.467,
      0.603,
      0.56,
      0.41,
      0.679,
      1.0,
      0.641,
      0.679,
      0.657,
      0.656,
      0.545,
      0.673,
      0.416,
      0.629,
      0.51,
      0.528,
      0.541,
      0.485,
      0.69,
      0.653,
      0.502,
      0.561,
      0.62,
      0.683,
      0.621,
      0.697,
      0.312,
      0.425,
      0.668,
      0.533,
      0.734,
      0.453,
      0.371,
      0.298,
      0.602,
      0.691,
      0.655,
      0.644,
      0.474,
      0.509
    ],
    [
      0.635,
      0.286,
      0.475,
      0.409,
      0.239,
      0.232,
      0.471,
      0.245,
      0.454,
      0.493,
      0.112,
      0.616,
      0.641,
      1.0,
      0.585,
      0.498,
      0.631,
      0.446,
      0.636,
      0.409,
      0.541,
      0.399,
      0.45,
      0.313,
      0.3,
      0.573,
      0.585,
      0.781,
      0.8,
      0.726,
      0.783,
      0.542,
      0.582,
      0.173,
      0.297,
      0.641,
      0.38,
      0.668,
      0.337,
      0.376,
      0.178,
      0.604,
      0.654,
      0.707,
      0.744,
      0.361,
      0.615
    ],
    [
      0.571,
      0.239,
      0.736,
      0.651,
      0.345,
      0.357,
      0.493,
      0.261,
      0.452,
      0.598,
      0.293,
      0.709,
      0.679,
      0.585,
      1.0,
      0.644,
      0.745,
      0.66,
      0.625,
      0.519,
      0.608,
      0.402,
      0.213,
      0.445,
      0.254,
      0.617,
      0.665,
      0.412,
      0.437,
      0.626,
      0.556,
      0.718,
      0.791,
      0.232,
      0.405,
      0.707,
      0.331,
      0.543,
      0.275,
      0.296,
      0.108,
      0.476,
      0.545,
      0.569,
      0.519,
      0.283,
      0.517
    ],
    [
      0.559,
      0.46,
      0.533,
      0.532,
      0.326,
      0.568,
      0.447,
      0.484,
      0.508,
      0.479,
      0.499,
      0.543,
      0.657,
      0.498,
      0.644,
      1.0,
      0.582,
      0.464,
      0.514,
      0.369,
      0.575,
      0.341,
      0.433,
      0.499,
      0.408,
      0.53,
      0.563,
      0.425,
      0.454,
      0.445,
      0.546,
      0.531,
      0.546,
      0.247,
      0.347,
      0.556,
      0.548,
      0.53,
      0.395,
      0.317,
      0.215,
      0.405,
      0.518,
      0.468,
      0.567,
      0.364,
      0.378
    ],
    [
      0.477,
      0.209,
      0.588,
      0.47,
      0.272,
      0.345,
      0.484,
      0.264,
      0.414,
      0.492,
      0.26,
      0.695,
      0.656,
      0.631,
      0.745,
      0.582,
      1.0,
      0.548,
      0.565,
      0.535,
      0.557,
      0.41,
      0.346,
      0.275,
      0.242,
      0.667,
      0.628,
      0.453,
      0.495,
      0.553,
      0.616,
      0.571,
      0.664,
      0.189,
      0.365,
      0.648,
      0.391,
      0.576,
      0.21,
      0.333,
      0.257,
      0.506,
      0.589,
      0.626,
      0.56,
      0.35,
      0.458
    ],
    [
      0.537,
      0.21,
      0.459,
      0.461,
      0.171,
      0.27,
      0.478,
      0.31,
      0.369,
      0.564,
      0.275,
      0.476,
      0.545,
      0.446,
      0.66,
      0.464,
      0.548,
      1.0,
      0.708,
      0.781,
      0.71,
      0.383,
      0.233,
      0.437,
      0.359,
      0.61,
      0.512,
      0.232,
      0.355,
      0.536,
      0.444,
      0.53,
      0.602,
      0.127,
      0.213,
      0.58,
      0.259,
      0.553,
      0.329,
      0.384,
      0.104,
      0.458,
      0.446,
      0.43,
      0.491,
      0.251,
      0.422
    ],
    [
      0.65,
      0.347,
      0.489,
      0.513,
      0.283,
      0.226,
      0.499,
      0.303,
      0.588,
      0.61,
      0.285,
      0.535,
      0.673,
      0.636,
      0.625,
      0.514,
      0.565,
      0.708,
      1.0,
      0.576,
      0.686,
      0.476,
      0.404,
      0.445,
      0.435,
      0.656,
      0.596,
      0.386,
      0.509,
      0.628,
      0.632,
      0.629,
      0.642,
      0.183,
      0.336,
      0.672,
      0.372,
      0.637,
      0.414,
      0.405,
      0.112,
      0.574,
      0.625,
      0.63,
      0.628,
      0.385,
      0.584
    ],
    [
      0.43,
      0.22,
      0.394,
      0.331,
      0.125,
      0.197,
      0.411,
      0.268,
      0.178,
      0.426,
      0.268,
      0.372,
      0.416,
      0.409,
      0.519,
      0.369,
      0.535,
      0.781,
      0.576,
      1.0,
      0.619,
      0.414,
      0.278,
      0.315,
      0.356,
      0.538,
      0.486,
      0.181,
      0.305,
      0.423,
      0.346,
      0.304,
      0.426,
      0.192,
      0.151,
      0.469,
      0.257,
      0.484,
      0.288,
      0.504,
      0.243,
      0.428,
      0.365,
      0.392,
      0.44,
      0.196,
      0.338
    ],
    [
      0.67,
      0.45,
      0.467,
      0.448,
      0.218,
      0.35,
      0.438,
      0.467,
      0.452,
      0.515,
      0.388,
      0.547,
      0.629,
      0.541,
      0.608,
      0.575,
      0.557,
      0.71,
      0.686,
      0.619,
      1.0,
      0.379,
      0.465,
      0.484,
      0.451,
      0.597,
      0.644,
      0.288,
      0.459,
      0.555,
      0.541,
      0.517,
      0.648,
      0.308,
      0.305,
      0.611,
      0.555,
      0.69,
      0.374,
      0.51,
      0.198,
      0.496,
      0.552,
      0.559,
      0.551,
      0.453,
      0.472
    ],
    [
      0.352,
      0.215,
      0.353,
      0.415,
      0.339,
      0.389,
      0.447,
      0.244,
      0.363,
      0.523,
      0.261,
      0.35,
      0.51,
      0.399,
      0.402,
      0.341,
      0.41,
      0.383,
      0.476,
      0.414,
      0.379,
      1.0,
      0.461,
      0.409,
      0.411,
      0.61,
      0.366,
      0.257,
      0.298,
      0.393,
      0.396,
      0.346,
      0.383,
      0.273,
      0.34,
      0.393,
      0.303,
      0.487,
      0.4,
      0.361,
      0.235,
      0.464,
      0.445,
      0.502,
      0.391,
      0.177,
      0.406
    ],
    [
      0.387,
      0.339,
      0.32,
      0.34,
      0.242,
      0.358,
      0.373,
      0.372,
      0.462,
      0.39,
      0.235,
      0.265,
      0.528,
      0.45,
      0.213,
      0.433,
      0.346,
      0.233,
      0.404,
      0.278,
      0.465,
      0.461,
      1.0,
      0.316,
      0.46,
      0.47,
      0.338,
      0.312,
      0.419,
      0.311,
      0.456,
      0.238,
      0.305,
      0.293,
      0.306,
      0.398,
      0.597,
      0.541,
      0.373,
      0.357,
      0.314,
      0.478,
      0.5,
      0.473,
      0.439,
      0.386,
      0.348
    ],
    [
      0.435,
      0.52,
      0.41,
      0.432,
      0.347,
      0.403,
      0.373,
      0.411,
      0.338,
      0.418,
      0.409,
      0.367,
      0.541,
      0.313,
      0.445,
      0.499,
      0.275,
      0.437,
      0.445,
      0.315,
      0.484,
      0.409,
      0.316,
      1.0,
      0.65,
      0.404,
      0.411,
      0.229,
      0.311,
      0.32,
      0.391,
      0.399,
      0.452,
      0.277,
      0.403,
      0.425,
      0.346,
      0.465,
      0.461,
      0.238,
      0.136,
      0.314,
      0.459,
      0.411,
      0.413,
      0.257,
      0.394
    ],
    [
      0.399,
      0.436,
      0.262,
      0.293,
      0.227,
      0.282,
      0.447,
      0.445,
      0.382,
      0.415,
      0.354,
      0.194,
      0.485,
      0.3,
      0.254,
      0.408,
      0.242,
      0.359,
      0.435,
      0.356,
      0.451,
      0.411,
      0.46,
      0.65,
      1.0,
      0.397,
      0.468,
      0.215,
      0.329,
      0.262,
      0.43,
      0.278,
      0.36,
      0.245,
      0.231,
      0.377,
      0.399,
      0.458,
      0.616,
      0.464,
      0.237,
      0.366,
      0.421,
      0.447,
      0.404,
      0.301,
      0.36
    ],
    [
      0.524,
      0.242,
      0.474,
      0.489,
      0.317,
      0.412,
      0.577,
      0.298,
      0.51,
      0.559,
      0.257,
      0.604,
      0.69,
      0.573,
      0.617,
      0.53,
      0.667,
      0.61,
      0.656,
      0.538,
      0.597,
      0.61,
      0.47,
      0.404,
      0.397,
      1.0,
      0.598,
      0.383,
      0.466,
      0.599,
      0.634,
      0.583,
      0.642,
      0.204,
      0.38,
      0.619,
      0.44,
      0.716,
      0.363,
      0.359,
      0.408,
      0.591,
      0.611,
      0.653,
      0.551,
      0.375,
      0.465
    ],
    [
      0.552,
      0.361,
      0.505,
      0.486,
      0.246,
      0.195,
      0.477,
      0.316,
      0.393,
      0.485,
      0.331,
      0.648,
      0.653,
      0.585,
      0.665,
      0.563,
      0.628,
      0.512,
      0.596,
      0.486,
      0.644,
      0.366,
      0.338,
      0.411,
      0.468,
      0.598,
      1.0,
      0.423,
      0.511,
      0.578,
      0.637,
      0.608,
      0.667,
      0.267,
      0.311,
      0.645,
      0.462,
      0.633,
      0.316,
      0.434,
      0.271,
      0.6,
      0.617,
      0.622,
      0.57,
      0.399,
      0.532
    ],
    [
      0.477,
      0.269,
      0.303,
      0.257,
      0.189,
      0.208,
      0.276,
      0.17,
      0.319,
      0.304,
      0.065,
      0.491,
      0.502,
      0.781,
      0.412,
      0.425,
      0.453,
      0.232,
      0.386,
      0.181,
      0.288,
      0.257,
      0.312,
      0.229,
      0.215,
      0.383,
      0.423,
      1.0,
      0.804,
      0.608,
      0.664,
      0.316,
      0.388,
      0.081,
      0.221,
      0.412,
      0.342,
      0.433,
      0.285,
      0.249,
      0.136,
      0.492,
      0.453,
      0.522,
      0.628,
      0.295,
      0.443
    ],
    [
      0.521,
      0.332,
      0.307,
      0.238,
      0.129,
      0.186,
      0.353,
      0.263,
      0.352,
      0.359,
      0.113,
      0.497,
      0.561,
      0.8,
      0.437,
      0.454,
      0.495,
      0.355,
      0.509,
      0.305,
      0.459,
      0.298,
      0.419,
      0.311,
      0.329,
      0.466,
      0.511,
      0.804,
      1.0,
      0.632,
      0.749,
      0.374,
      0.446,
      0.107,
      0.25,
      0.487,
      0.433,
      0.543,
      0.359,
      0.356,
      0.123,
      0.564,
      0.516,
      0.586,
      0.646,
      0.292,
      0.531
    ],
    [
      0.669,
      0.213,
      0.517,
      0.496,
      0.271,
      0.316,
      0.496,
      0.147,
      0.545,
      0.564,
      0.066,
      0.642,
      0.62,
      0.726,
      0.626,
      0.445,
      0.553,
      0.536,
      0.628,
      0.423,
      0.555,
      0.393,
      0.311,
      0.32,
      0.262,
      0.599,
      0.578,
      0.608,
      0.632,
      1.0,
      0.723,
      0.614,
      0.658,
      0.171,
      0.362,
      0.662,
      0.268,
      0.659,
      0.263,
      0.354,
      0.164,
      0.527,
      0.68,
      0.626,
      0.703,
      0.401,
      0.651
    ],
    [
      0.623,
      0.346,
      0.438,
      0.364,
      0.195,
      0.271,
      0.474,
      0.343,
      0.52,
      0.498,
      0.135,
      0.65,
      0.683,
      0.783,
      0.556,
      0.546,
      0.616,
      0.444,
      0.632,
      0.346,
      0.541,
      0.396,
      0.456,
      0.391,
      0.43,
      0.634,
      0.637,
      0.664,
      0.749,
      0.723,
      1.0,
      0.584,
      0.606,
      0.211,
      0.389,
      0.651,
      0.477,
      0.71,
      0.418,
      0.342,
      0.21,
      0.598,
      0.705,
      0.654,
      0.68,
      0.41,
      0.632
    ],
    [
      0.51,
      0.309,
      0.575,
      0.585,
      0.19,
      0.247,
      0.534,
      0.198,
      0.572,
      0.557,
      0.172,
      0.661,
      0.621,
      0.542,
      0.718,
      0.531,
      0.571,
      0.53,
      0.629,
      0.304,
      0.517,
      0.346,
      0.238,
      0.399,
      0.278,
      0.583,
      0.608,
      0.316,
      0.374,
      0.614,
      0.584,
      1.0,
      0.792,
      0.343,
      0.449,
      0.695,
      0.289,
      0.573,
      0.216,
      0.259,
      0.089,
      0.494,
      0.595,
      0.583,
      0.522,
      0.291,
      0.58
    ],
    [
      0.595,
      0.299,
      0.609,
      0.596,
      0.315,
      0.302,
      0.48,
      0.271,
      0.547,
      0.541,
      0.249,
      0.689,
      0.697,
      0.582,
      0.791,
      0.546,
      0.664,
      0.602,
      0.642,
      0.426,
      0.648,
      0.383,
      0.305,
      0.452,
      0.36,
      0.642,
      0.667,
      0.388,
      0.446,
      0.658,
      0.606,
      0.792,
      1.0,
      0.382,
      0.461,
      0.704,
      0.358,
      0.632,
      0.249,
      0.377,
      0.228,
      0.476,
      0.585,
      0.565,
      0.528,
      0.354,
      0.574
    ],
    [
      0.192,
      0.346,
      0.354,
      0.282,
      0.18,
      0.263,
      0.325,
      0.254,
      0.258,
      0.274,
      0.312,
      0.195,
      0.312,
      0.173,
      0.232,
      0.247,
      0.189,
      0.127,
      0.183,
      0.192,
      0.308,
      0.273,
      0.293,
      0.277,
      0.245,
      0.204,
      0.267,
      0.081,
      0.107,
      0.171,
      0.211,
      0.343,
      0.382,
      1.0,
      0.647,
      0.191,
      0.254,
      0.33,
      0.078,
      0.281,
      0.231,
      0.183,
      0.219,
      0.265,
      0.155,
      0.113,
      0.46
    ],
    [
      0.287,
      0.346,
      0.465,
      0.398,
      0.307,
      0.411,
      0.412,
      0.279,
      0.345,
      0.386,
      0.301,
      0.322,
      0.425,
      0.297,
      0.405,
      0.347,
      0.365,
      0.213,
      0.336,
      0.151,
      0.305,
      0.34,
      0.306,
      0.403,
      0.231,
      0.38,
      0.311,
      0.221,
      0.25,
      0.362,
      0.389,
      0.449,
      0.461,
      0.647,
      1.0,
      0.369,
      0.293,
      0.366,
      0.158,
      0.154,
      0.169,
      0.238,
      0.373,
      0.397,
      0.277,
      0.194,
      0.472
    ],
    [
      0.601,
      0.36,
      0.621,
      0.547,
      0.283,
      0.286,
      0.483,
      0.293,
      0.457,
      0.666,
      0.272,
      0.709,
      0.668,
      0.641,
      0.707,
      0.556,
      0.648,
      0.58,
      0.672,
      0.469,
      0.611,
      0.393,
      0.398,
      0.425,
      0.377,
      0.619,
      0.645,
      0.412,
      0.487,
      0.662,
      0.651,
      0.695,
      0.704,
      0.191,
      0.369,
      1.0,
      0.403,
      0.634,
      0.31,
      0.313,
      0.11,
      0.578,
      0.652,
      0.633,
      0.646,
      0.428,
      0.604
    ],
    [
      0.374,
      0.461,
      0.312,
      0.233,
      0.103,
      0.337,
      0.286,
      0.494,
      0.38,
      0.311,
      0.342,
      0.345,
      0.533,
      0.38,
      0.331,
      0.548,
      0.391,
      0.259,
      0.372,
      0.257,
      0.555,
      0.303,
      0.597,
      0.346,
      0.399,
      0.44,
      0.462,
      0.342,
      0.433,
      0.268,
      0.477,
      0.289,
      0.358,
      0.254,
      0.293,
      0.403,
      1.0,
      0.513,
      0.399,
      0.307,
      0.25,
      0.446,
      0.424,
      0.377,
      0.434,
      0.412,
      0.231
    ],
    [
      0.632,
      0.374,
      0.535,
      0.468,
      0.247,
      0.369,
      0.506,
      0.359,
      0.553,
      0.585,
      0.202,
      0.595,
      0.734,
      0.668,
      0.543,
      0.53,
      0.576,
      0.553,
      0.637,
      0.484,
      0.69,
      0.487,
      0.541,
      0.465,
      0.458,
      0.716,
      0.633,
      0.433,
      0.543,
      0.659,
      0.71,
      0.573,
      0.632,
      0.33,
      0.366,
      0.634,
      0.513,
      1.0,
      0.378,
      0.396,
      0.29,
      0.557,
      0.734,
      0.652,
      0.639,
      0.443,
      0.515
    ],
    [
      0.402,
      0.335,
      0.275,
      0.295,
      0.23,
      0.324,
      0.421,
      0.416,
      0.502,
      0.389,
      0.239,
      0.21,
      0.453,
      0.337,
      0.275,
      0.395,
      0.21,
      0.329,
      0.414,
      0.288,
      0.374,
      0.4,
      0.373,
      0.461,
      0.616,
      0.363,
      0.316,
      0.285,
      0.359,
      0.263,
      0.418,
      0.216,
      0.249,
      0.078,
      0.158,
      0.31,
      0.399,
      0.378,
      1.0,
      0.362,
      0.122,
      0.439,
      0.442,
      0.289,
      0.348,
      0.316,
      0.28
    ],
    [
      0.337,
      0.265,
      0.206,
      0.242,
      0.091,
      0.249,
      0.365,
      0.371,
      0.26,
      0.249,
      0.204,
      0.266,
      0.371,
      0.376,
      0.296,
      0.317,
      0.333,
      0.384,
      0.405,
      0.504,
      0.51,
      0.361,
      0.357,
      0.238,
      0.464,
      0.359,
      0.434,
      0.249,
      0.356,
      0.354,
      0.342,
      0.259,
      0.377,
      0.281,
      0.154,
      0.313,
      0.307,
      0.396,
      0.362,
      1.0,
      0.296,
      0.363,
      0.288,
      0.385,
      0.416,
      0.324,
      0.365
    ],
    [
      0.195,
      0.178,
      0.069,
      0.165,
      0.187,
      0.277,
      0.251,
      0.19,
      0.155,
      0.061,
      0.224,
      0.225,
      0.298,
      0.178,
      0.108,
      0.215,
      0.257,
      0.104,
      0.112,
      0.243,
      0.198,
      0.235,
      0.314,
      0.136,
      0.237,
      0.408,
      0.271,
      0.136,
      0.123,
      0.164,
      0.21,
      0.089,
      0.228,
      0.231,
      0.169,
      0.11,
      0.25,
      0.29,
      0.122,
      0.296,
      1.0,
      0.214,
      0.27,
      0.198,
      0.261,
      0.325,
      0.158
    ],
    [
      0.431,
      0.313,
      0.373,
      0.385,
      0.182,
      0.216,
      0.457,
      0.292,
      0.435,
      0.46,
      0.205,
      0.494,
      0.602,
      0.604,
      0.476,
      0.405,
      0.506,
      0.458,
      0.574,
      0.428,
      0.496,
      0.464,
      0.478,
      0.314,
      0.366,
      0.591,
      0.6,
      0.492,
      0.564,
      0.527,
      0.598,
      0.494,
      0.476,
      0.183,
      0.238,
      0.578,
      0.446,
      0.557,
      0.439,
      0.363,
      0.214,
      1.0,
      0.596,
      0.621,
      0.524,
      0.378,
      0.439
    ],
    [
      0.628,
      0.387,
      0.539,
      0.568,
      0.291,
      0.319,
      0.554,
      0.307,
      0.593,
      0.578,
      0.185,
      0.677,
      0.691,
      0.654,
      0.545,
      0.518,
      0.589,
      0.446,
      0.625,
      0.365,
      0.552,
      0.445,
      0.5,
      0.459,
      0.421,
      0.611,
      0.617,
      0.453,
      0.516,
      0.68,
      0.705,
      0.595,
      0.585,
      0.219,
      0.373,
      0.652,
      0.424,
      0.734,
      0.442,
      0.288,
      0.27,
      0.596,
      1.0,
      0.596,
      0.656,
      0.509,
      0.575
    ],
    [
      0.598,
      0.356,
      0.505,
      0.496,
      0.31,
      0.338,
      0.488,
      0.274,
      0.465,
      0.58,
      0.201,
      0.554,
      0.655,
      0.707,
      0.569,
      0.468,
      0.626,
      0.43,
      0.63,
      0.392,
      0.559,
      0.502,
      0.473,
      0.411,
      0.447,
      0.653,
      0.622,
      0.522,
      0.586,
      0.626,
      0.654,
      0.583,
      0.565,
      0.265,
      0.397,
      0.633,
      0.377,
      0.652,
      0.289,
      0.385,
      0.198,
      0.621,
      0.596,
      1.0,
      0.606,
      0.366,
      0.551
    ],
    [
      0.691,
      0.406,
      0.471,
      0.513,
      0.259,
      0.398,
      0.48,
      0.232,
      0.494,
      0.534,
      0.209,
      0.551,
      0.644,
      0.744,
      0.519,
      0.567,
      0.56,
      0.491,
      0.628,
      0.44,
      0.551,
      0.391,
      0.439,
      0.413,
      0.404,
      0.551,
      0.57,
      0.628,
      0.646,
      0.703,
      0.68,
      0.522,
      0.528,
      0.155,
      0.277,
      0.646,
      0.434,
      0.639,
      0.348,
      0.416,
      0.261,
      0.524,
      0.656,
      0.606,
      1.0,
      0.469,
      0.607
    ],
    [
      0.513,
      0.346,
      0.378,
      0.303,
      0.327,
      0.381,
      0.382,
      0.364,
      0.293,
      0.32,
      0.2,
      0.44,
      0.474,
      0.361,
      0.283,
      0.364,
      0.35,
      0.251,
      0.385,
      0.196,
      0.453,
      0.177,
      0.386,
      0.257,
      0.301,
      0.375,
      0.399,
      0.295,
      0.292,
      0.401,
      0.41,
      0.291,
      0.354,
      0.113,
      0.194,
      0.428,
      0.412,
      0.443,
      0.316,
      0.324,
      0.325,
      0.378,
      0.509,
      0.366,
      0.469,
      1.0,
      0.26
    ],
    [
      0.574,
      0.382,
      0.533,
      0.514,
      0.298,
      0.254,
      0.493,
      0.263,
      0.476,
      0.615,
      0.186,
      0.501,
      0.509,
      0.615,
      0.517,
      0.378,
      0.458,
      0.422,
      0.584,
      0.338,
      0.472,
      0.406,
      0.348,
      0.394,
      0.36,
      0.465,
      0.532,
      0.443,
      0.531,
      0.651,
      0.632,
      0.58,
      0.574,
      0.46,
      0.472,
      0.604,
      0.231,
      0.515,
      0.28,
      0.365,
      0.158,
      0.439,
      0.575,
      0.551,
      0.607,
      0.26,
      1.0
    ]
  ]
}