{
  "feeds": [
    "Brazil | Folha de São Paulo",
    "Brazil | O Globo (via Google News)",
    "China | CGTN Politics",
    "China | CGTN World",
    "China | Global Times",
    "China | People's Daily CN",
    "China | Xinhua English",
    "India | Dainik Bhaskar",
    "India | NDTV World",
    "India | The Hindu Intl",
    "India | Times of India",
    "Iran (Opposition / Diaspora) | Iran International EN",
    "Iran (Opposition / Diaspora) | Iran International FA",
    "Iran (Opposition / Diaspora) | RFE/RL (was Radio Farda)",
    "Iran (State) | IRNA English",
    "Iran (State) | IRNA Farsi",
    "Iran (State) | Tehran Times",
    "Israel | Haaretz",
    "Israel | Jerusalem Post",
    "Israel | Times of Israel",
    "Israel | Ynet Hebrew",
    "Japan | Japan Times",
    "Japan | NHK Japanese",
    "Nigeria | The Punch",
    "Nigeria | Vanguard",
    "Qatar | Al Jazeera Arabic",
    "Qatar | Al Jazeera English",
    "Russia | Meduza",
    "Russia | Moscow Times",
    "Russia | RT",
    "Russia | TASS English",
    "Saudi Arabia | Al Arabiya English (via Google News)",
    "Saudi Arabia | Arab News (via Google News)",
    "South Korea | Korea Herald (via Google News)",
    "South Korea | Yonhap News",
    "Turkey | Daily Sabah",
    "Turkey | Hurriyet",
    "United Kingdom | BBC World",
    "United Kingdom | The Guardian World",
    "United Kingdom | The Telegraph",
    "United States | CNN World",
    "United States | Fox News World",
    "United States | NPR World",
    "Wire Services (Factual Baseline) | AFP / France 24 EN",
    "Wire Services (Factual Baseline) | AFP / France 24 FR",
    "Wire Services (Factual Baseline) | AP News",
    "Wire Services (Factual Baseline) | Reuters (via Google News)"
  ],
  "matrix": [
    [
      1.0,
      0.444,
      0.45,
      0.483,
      0.37,
      0.491,
      0.513,
      0.442,
      0.583,
      0.457,
      0.445,
      0.518,
      0.661,
      0.514,
      0.517,
      0.346,
      0.478,
      0.382,
      0.614,
      0.475,
      0.704,
      0.411,
      0.473,
      0.565,
      0.531,
      0.577,
      0.464,
      0.476,
      0.42,
      0.611,
      0.447,
      0.473,
      0.422,
      0.2,
      0.237,
      0.483,
      0.52,
      0.545,
      0.745,
      0.447,
      0.33,
      0.451,
      0.637,
      0.63,
      0.668,
      0.571,
      0.323
    ],
    [
      0.444,
      1.0,
      0.216,
      0.283,
      0.077,
      0.222,
      0.314,
      0.303,
      0.421,
      0.251,
      0.286,
      0.168,
      0.361,
      0.314,
      0.293,
      0.304,
      0.146,
      0.197,
      0.245,
      0.282,
      0.574,
      0.269,
      0.217,
      0.405,
      0.371,
      0.34,
      0.214,
      0.295,
      0.329,
      0.279,
      0.307,
      0.296,
      0.259,
      0.329,
      0.335,
      0.231,
      0.398,
      0.364,
      0.4,
      0.309,
      0.084,
      0.311,
      0.285,
      0.333,
      0.414,
      0.279,
      0.186
    ],
    [
      0.45,
      0.216,
      1.0,
      0.751,
      0.469,
      0.505,
      0.524,
      0.331,
      0.479,
      0.606,
      0.26,
      0.579,
      0.515,
      0.458,
      0.644,
      0.417,
      0.614,
      0.395,
      0.586,
      0.533,
      0.432,
      0.373,
      0.48,
      0.493,
      0.411,
      0.538,
      0.429,
      0.327,
      0.303,
      0.431,
      0.373,
      0.607,
      0.663,
      0.438,
      0.428,
      0.433,
      0.375,
      0.326,
      0.416,
      0.206,
      0.069,
      0.513,
      0.543,
      0.595,
      0.539,
      0.351,
      0.368
    ],
    [
      0.483,
      0.283,
      0.751,
      1.0,
      0.563,
      0.522,
      0.471,
      0.241,
      0.536,
      0.569,
      0.29,
      0.547,
      0.518,
      0.423,
      0.638,
      0.329,
      0.585,
      0.408,
      0.568,
      0.521,
      0.401,
      0.397,
      0.51,
      0.463,
      0.391,
      0.554,
      0.373,
      0.265,
      0.22,
      0.473,
      0.361,
      0.558,
      0.61,
      0.361,
      0.396,
      0.433,
      0.282,
      0.337,
      0.405,
      0.242,
      0.165,
      0.47,
      0.501,
      0.515,
      0.535,
      0.231,
      0.377
    ],
    [
      0.37,
      0.077,
      0.469,
      0.563,
      1.0,
      0.557,
      0.253,
      0.145,
      0.326,
      0.297,
      0.256,
      0.304,
      0.231,
      0.219,
      0.272,
      0.258,
      0.348,
      0.153,
      0.292,
      0.202,
      0.221,
      0.336,
      0.326,
      0.339,
      0.315,
      0.343,
      0.131,
      0.191,
      0.158,
      0.309,
      0.201,
      0.186,
      0.236,
      0.227,
      0.29,
      0.156,
      0.154,
      0.183,
      0.329,
      0.078,
      0.191,
      0.204,
      0.257,
      0.236,
      0.256,
      0.155,
      0.2
    ],
    [
      0.491,
      0.222,
      0.505,
      0.522,
      0.557,
      1.0,
      0.338,
      0.413,
      0.349,
      0.317,
      0.375,
      0.291,
      0.389,
      0.244,
      0.382,
      0.566,
      0.474,
      0.228,
      0.313,
      0.226,
      0.483,
      0.371,
      0.514,
      0.454,
      0.381,
      0.413,
      0.167,
      0.297,
      0.188,
      0.269,
      0.302,
      0.232,
      0.293,
      0.268,
      0.394,
      0.235,
      0.427,
      0.123,
      0.401,
      0.249,
      0.277,
      0.192,
      0.342,
      0.403,
      0.395,
      0.361,
      0.279
    ],
    [
      0.513,
      0.314,
      0.524,
      0.471,
      0.253,
      0.338,
      1.0,
      0.26,
      0.514,
      0.492,
      0.302,
      0.413,
      0.501,
      0.42,
      0.52,
      0.275,
      0.436,
      0.437,
      0.5,
      0.557,
      0.456,
      0.416,
      0.468,
      0.42,
      0.441,
      0.573,
      0.428,
      0.361,
      0.387,
      0.52,
      0.387,
      0.467,
      0.395,
      0.425,
      0.333,
      0.515,
      0.418,
      0.489,
      0.499,
      0.365,
      0.251,
      0.464,
      0.535,
      0.519,
      0.517,
      0.491,
      0.362
    ],
    [
      0.442,
      0.303,
      0.331,
      0.241,
      0.145,
      0.413,
      0.26,
      1.0,
      0.4,
      0.431,
      0.621,
      0.245,
      0.551,
      0.145,
      0.288,
      0.519,
      0.319,
      0.301,
      0.327,
      0.408,
      0.648,
      0.294,
      0.413,
      0.322,
      0.481,
      0.321,
      0.445,
      0.329,
      0.218,
      0.281,
      0.221,
      0.236,
      0.275,
      0.362,
      0.376,
      0.212,
      0.659,
      0.262,
      0.461,
      0.403,
      0.234,
      0.284,
      0.322,
      0.392,
      0.349,
      0.431,
      0.188
    ],
    [
      0.583,
      0.421,
      0.479,
      0.536,
      0.326,
      0.349,
      0.514,
      0.4,
      1.0,
      0.666,
      0.454,
      0.65,
      0.645,
      0.605,
      0.63,
      0.358,
      0.544,
      0.378,
      0.679,
      0.519,
      0.584,
      0.418,
      0.477,
      0.421,
      0.414,
      0.613,
      0.447,
      0.471,
      0.438,
      0.578,
      0.511,
      0.601,
      0.584,
      0.407,
      0.328,
      0.515,
      0.402,
      0.459,
      0.495,
      0.464,
      0.36,
      0.507,
      0.612,
      0.542,
      0.63,
      0.515,
      0.504
    ],
    [
      0.457,
      0.251,
      0.606,
      0.569,
      0.297,
      0.317,
      0.492,
      0.431,
      0.666,
      1.0,
      0.319,
      0.737,
      0.67,
      0.582,
      0.726,
      0.439,
      0.686,
      0.352,
      0.719,
      0.601,
      0.45,
      0.46,
      0.483,
      0.391,
      0.383,
      0.5,
      0.44,
      0.404,
      0.419,
      0.535,
      0.486,
      0.618,
      0.599,
      0.511,
      0.413,
      0.511,
      0.376,
      0.422,
      0.416,
      0.23,
      0.177,
      0.567,
      0.619,
      0.607,
      0.542,
      0.413,
      0.481
    ],
    [
      0.445,
      0.286,
      0.26,
      0.29,
      0.256,
      0.375,
      0.302,
      0.621,
      0.454,
      0.319,
      1.0,
      0.176,
      0.378,
      0.152,
      0.249,
      0.287,
      0.246,
      0.216,
      0.336,
      0.246,
      0.494,
      0.261,
      0.349,
      0.35,
      0.429,
      0.411,
      0.323,
      0.22,
      0.105,
      0.323,
      0.201,
      0.286,
      0.271,
      0.333,
      0.297,
      0.198,
      0.417,
      0.221,
      0.417,
      0.292,
      0.323,
      0.144,
      0.236,
      0.254,
      0.314,
      0.338,
      0.222
    ],
    [
      0.518,
      0.168,
      0.579,
      0.547,
      0.304,
      0.291,
      0.413,
      0.245,
      0.65,
      0.737,
      0.176,
      1.0,
      0.713,
      0.707,
      0.791,
      0.376,
      0.801,
      0.374,
      0.727,
      0.622,
      0.417,
      0.49,
      0.461,
      0.392,
      0.379,
      0.561,
      0.504,
      0.436,
      0.397,
      0.537,
      0.538,
      0.671,
      0.625,
      0.305,
      0.285,
      0.577,
      0.321,
      0.328,
      0.337,
      0.258,
      0.237,
      0.583,
      0.673,
      0.604,
      0.636,
      0.396,
      0.498
    ],
    [
      0.661,
      0.361,
      0.515,
      0.518,
      0.231,
      0.389,
      0.501,
      0.551,
      0.645,
      0.67,
      0.378,
      0.713,
      1.0,
      0.625,
      0.704,
      0.511,
      0.66,
      0.565,
      0.699,
      0.684,
      0.7,
      0.503,
      0.526,
      0.46,
      0.508,
      0.636,
      0.598,
      0.546,
      0.532,
      0.646,
      0.493,
      0.594,
      0.605,
      0.367,
      0.324,
      0.578,
      0.6,
      0.535,
      0.546,
      0.453,
      0.225,
      0.613,
      0.643,
      0.673,
      0.712,
      0.55,
      0.419
    ],
    [
      0.514,
      0.314,
      0.458,
      0.423,
      0.219,
      0.244,
      0.42,
      0.145,
      0.605,
      0.582,
      0.152,
      0.707,
      0.625,
      1.0,
      0.658,
      0.264,
      0.629,
      0.263,
      0.659,
      0.464,
      0.379,
      0.458,
      0.378,
      0.382,
      0.288,
      0.506,
      0.387,
      0.622,
      0.678,
      0.616,
      0.677,
      0.594,
      0.49,
      0.22,
      0.2,
      0.604,
      0.387,
      0.489,
      0.391,
      0.302,
      0.159,
      0.498,
      0.69,
      0.595,
      0.647,
      0.506,
      0.502
    ],
    [
      0.517,
      0.293,
      0.644,
      0.638,
      0.272,
      0.382,
      0.52,
      0.288,
      0.63,
      0.726,
      0.249,
      0.791,
      0.704,
      0.658,
      1.0,
      0.478,
      0.747,
      0.491,
      0.716,
      0.662,
      0.47,
      0.433,
      0.433,
      0.491,
      0.424,
      0.588,
      0.537,
      0.486,
      0.416,
      0.537,
      0.524,
      0.731,
      0.631,
      0.321,
      0.289,
      0.628,
      0.394,
      0.39,
      0.412,
      0.284,
      0.094,
      0.636,
      0.635,
      0.648,
      0.631,
      0.358,
      0.417
    ],
    [
      0.346,
      0.304,
      0.417,
      0.329,
      0.258,
      0.566,
      0.275,
      0.519,
      0.358,
      0.439,
      0.287,
      0.376,
      0.511,
      0.264,
      0.478,
      1.0,
      0.501,
      0.386,
      0.357,
      0.405,
      0.49,
      0.296,
      0.364,
      0.346,
      0.37,
      0.419,
      0.302,
      0.362,
      0.235,
      0.242,
      0.333,
      0.329,
      0.348,
      0.272,
      0.219,
      0.326,
      0.49,
      0.161,
      0.342,
      0.225,
      0.2,
      0.426,
      0.408,
      0.341,
      0.343,
      0.212,
      0.175
    ],
    [
      0.478,
      0.146,
      0.614,
      0.585,
      0.348,
      0.474,
      0.436,
      0.319,
      0.544,
      0.686,
      0.246,
      0.801,
      0.66,
      0.629,
      0.747,
      0.501,
      1.0,
      0.46,
      0.679,
      0.638,
      0.439,
      0.475,
      0.563,
      0.41,
      0.382,
      0.622,
      0.454,
      0.373,
      0.346,
      0.524,
      0.541,
      0.639,
      0.643,
      0.312,
      0.344,
      0.554,
      0.413,
      0.294,
      0.345,
      0.253,
      0.235,
      0.511,
      0.616,
      0.56,
      0.631,
      0.382,
      0.501
    ],
    [
      0.382,
      0.197,
      0.395,
      0.408,
      0.153,
      0.228,
      0.437,
      0.301,
      0.378,
      0.352,
      0.216,
      0.374,
      0.565,
      0.263,
      0.491,
      0.386,
      0.46,
      1.0,
      0.534,
      0.701,
      0.443,
      0.331,
      0.375,
      0.309,
      0.337,
      0.616,
      0.673,
      0.236,
      0.185,
      0.423,
      0.216,
      0.482,
      0.523,
      0.204,
      0.116,
      0.53,
      0.374,
      0.35,
      0.319,
      0.4,
      0.239,
      0.581,
      0.338,
      0.509,
      0.484,
      0.24,
      0.206
    ],
    [
      0.614,
      0.245,
      0.586,
      0.568,
      0.292,
      0.313,
      0.5,
      0.327,
      0.679,
      0.719,
      0.336,
      0.727,
      0.699,
      0.659,
      0.716,
      0.357,
      0.679,
      0.534,
      1.0,
      0.72,
      0.54,
      0.437,
      0.513,
      0.419,
      0.414,
      0.669,
      0.596,
      0.463,
      0.433,
      0.683,
      0.566,
      0.688,
      0.665,
      0.345,
      0.281,
      0.614,
      0.396,
      0.494,
      0.47,
      0.387,
      0.21,
      0.627,
      0.612,
      0.646,
      0.703,
      0.519,
      0.473
    ],
    [
      0.475,
      0.282,
      0.533,
      0.521,
      0.202,
      0.226,
      0.557,
      0.408,
      0.519,
      0.601,
      0.246,
      0.622,
      0.684,
      0.464,
      0.662,
      0.405,
      0.638,
      0.701,
      0.72,
      1.0,
      0.604,
      0.356,
      0.442,
      0.299,
      0.393,
      0.683,
      0.702,
      0.413,
      0.322,
      0.555,
      0.391,
      0.685,
      0.577,
      0.31,
      0.239,
      0.64,
      0.457,
      0.463,
      0.398,
      0.443,
      0.185,
      0.721,
      0.485,
      0.57,
      0.598,
      0.403,
      0.35
    ],
    [
      0.704,
      0.574,
      0.432,
      0.401,
      0.221,
      0.483,
      0.456,
      0.648,
      0.584,
      0.45,
      0.494,
      0.417,
      0.7,
      0.379,
      0.47,
      0.49,
      0.439,
      0.443,
      0.54,
      0.604,
      1.0,
      0.357,
      0.475,
      0.462,
      0.56,
      0.605,
      0.453,
      0.479,
      0.397,
      0.489,
      0.384,
      0.437,
      0.442,
      0.329,
      0.393,
      0.453,
      0.706,
      0.501,
      0.603,
      0.516,
      0.238,
      0.466,
      0.471,
      0.574,
      0.619,
      0.623,
      0.322
    ],
    [
      0.411,
      0.269,
      0.373,
      0.397,
      0.336,
      0.371,
      0.416,
      0.294,
      0.418,
      0.46,
      0.261,
      0.49,
      0.503,
      0.458,
      0.433,
      0.296,
      0.475,
      0.331,
      0.437,
      0.356,
      0.357,
      1.0,
      0.594,
      0.47,
      0.415,
      0.477,
      0.29,
      0.391,
      0.408,
      0.425,
      0.452,
      0.26,
      0.317,
      0.473,
      0.511,
      0.38,
      0.337,
      0.303,
      0.317,
      0.271,
      0.368,
      0.31,
      0.488,
      0.447,
      0.504,
      0.319,
      0.428
    ],
    [
      0.473,
      0.217,
      0.48,
      0.51,
      0.326,
      0.514,
      0.468,
      0.413,
      0.477,
      0.483,
      0.349,
      0.461,
      0.526,
      0.378,
      0.433,
      0.364,
      0.563,
      0.375,
      0.513,
      0.442,
      0.475,
      0.594,
      1.0,
      0.436,
      0.476,
      0.563,
      0.341,
      0.313,
      0.288,
      0.353,
      0.4,
      0.388,
      0.512,
      0.455,
      0.433,
      0.352,
      0.375,
      0.276,
      0.437,
      0.338,
      0.362,
      0.271,
      0.485,
      0.472,
      0.502,
      0.435,
      0.491
    ],
    [
      0.565,
      0.405,
      0.493,
      0.463,
      0.339,
      0.454,
      0.42,
      0.322,
      0.421,
      0.391,
      0.35,
      0.392,
      0.46,
      0.382,
      0.491,
      0.346,
      0.41,
      0.309,
      0.419,
      0.299,
      0.462,
      0.47,
      0.436,
      1.0,
      0.697,
      0.413,
      0.329,
      0.27,
      0.246,
      0.448,
      0.39,
      0.414,
      0.393,
      0.34,
      0.377,
      0.386,
      0.392,
      0.396,
      0.498,
      0.233,
      0.168,
      0.328,
      0.467,
      0.477,
      0.508,
      0.38,
      0.327
    ],
    [
      0.531,
      0.371,
      0.411,
      0.391,
      0.315,
      0.381,
      0.441,
      0.481,
      0.414,
      0.383,
      0.429,
      0.379,
      0.508,
      0.288,
      0.424,
      0.37,
      0.382,
      0.337,
      0.414,
      0.393,
      0.56,
      0.415,
      0.476,
      0.697,
      1.0,
      0.413,
      0.362,
      0.303,
      0.222,
      0.396,
      0.346,
      0.352,
      0.357,
      0.328,
      0.332,
      0.393,
      0.543,
      0.366,
      0.492,
      0.244,
      0.2,
      0.392,
      0.439,
      0.477,
      0.486,
      0.398,
      0.362
    ],
    [
      0.577,
      0.34,
      0.538,
      0.554,
      0.343,
      0.413,
      0.573,
      0.321,
      0.613,
      0.5,
      0.411,
      0.561,
      0.636,
      0.506,
      0.588,
      0.419,
      0.622,
      0.616,
      0.669,
      0.683,
      0.605,
      0.477,
      0.563,
      0.413,
      0.413,
      1.0,
      0.57,
      0.493,
      0.413,
      0.564,
      0.505,
      0.578,
      0.575,
      0.311,
      0.312,
      0.573,
      0.418,
      0.429,
      0.454,
      0.417,
      0.348,
      0.531,
      0.521,
      0.571,
      0.688,
      0.434,
      0.407
    ],
    [
      0.464,
      0.214,
      0.429,
      0.373,
      0.131,
      0.167,
      0.428,
      0.445,
      0.447,
      0.44,
      0.323,
      0.504,
      0.598,
      0.387,
      0.537,
      0.302,
      0.454,
      0.673,
      0.596,
      0.702,
      0.453,
      0.29,
      0.341,
      0.329,
      0.362,
      0.57,
      1.0,
      0.321,
      0.253,
      0.469,
      0.25,
      0.541,
      0.498,
      0.183,
      0.111,
      0.612,
      0.413,
      0.363,
      0.39,
      0.45,
      0.22,
      0.642,
      0.421,
      0.585,
      0.517,
      0.348,
      0.248
    ],
    [
      0.476,
      0.295,
      0.327,
      0.265,
      0.191,
      0.297,
      0.361,
      0.329,
      0.471,
      0.404,
      0.22,
      0.436,
      0.546,
      0.622,
      0.486,
      0.362,
      0.373,
      0.236,
      0.463,
      0.413,
      0.479,
      0.391,
      0.313,
      0.27,
      0.303,
      0.493,
      0.321,
      1.0,
      0.825,
      0.424,
      0.638,
      0.361,
      0.307,
      0.141,
      0.214,
      0.342,
      0.494,
      0.47,
      0.346,
      0.404,
      0.2,
      0.407,
      0.554,
      0.491,
      0.486,
      0.48,
      0.395
    ],
    [
      0.42,
      0.329,
      0.303,
      0.22,
      0.158,
      0.188,
      0.387,
      0.218,
      0.438,
      0.419,
      0.105,
      0.397,
      0.532,
      0.678,
      0.416,
      0.235,
      0.346,
      0.185,
      0.433,
      0.322,
      0.397,
      0.408,
      0.288,
      0.246,
      0.222,
      0.413,
      0.253,
      0.825,
      1.0,
      0.403,
      0.662,
      0.288,
      0.296,
      0.227,
      0.215,
      0.336,
      0.444,
      0.493,
      0.288,
      0.312,
      0.066,
      0.383,
      0.534,
      0.467,
      0.472,
      0.472,
      0.35
    ],
    [
      0.611,
      0.279,
      0.431,
      0.473,
      0.309,
      0.269,
      0.52,
      0.281,
      0.578,
      0.535,
      0.323,
      0.537,
      0.646,
      0.616,
      0.537,
      0.242,
      0.524,
      0.423,
      0.683,
      0.555,
      0.489,
      0.425,
      0.353,
      0.448,
      0.396,
      0.564,
      0.469,
      0.424,
      0.403,
      1.0,
      0.505,
      0.532,
      0.444,
      0.255,
      0.224,
      0.596,
      0.355,
      0.567,
      0.545,
      0.396,
      0.154,
      0.477,
      0.581,
      0.618,
      0.708,
      0.58,
      0.412
    ],
    [
      0.447,
      0.307,
      0.373,
      0.361,
      0.201,
      0.302,
      0.387,
      0.221,
      0.511,
      0.486,
      0.201,
      0.538,
      0.493,
      0.677,
      0.524,
      0.333,
      0.541,
      0.216,
      0.566,
      0.391,
      0.384,
      0.452,
      0.4,
      0.39,
      0.346,
      0.505,
      0.25,
      0.638,
      0.662,
      0.505,
      1.0,
      0.406,
      0.402,
      0.259,
      0.272,
      0.467,
      0.361,
      0.395,
      0.267,
      0.254,
      0.19,
      0.383,
      0.638,
      0.519,
      0.574,
      0.473,
      0.584
    ],
    [
      0.473,
      0.296,
      0.607,
      0.558,
      0.186,
      0.232,
      0.467,
      0.236,
      0.601,
      0.618,
      0.286,
      0.671,
      0.594,
      0.594,
      0.731,
      0.329,
      0.639,
      0.482,
      0.688,
      0.685,
      0.437,
      0.26,
      0.388,
      0.414,
      0.352,
      0.578,
      0.541,
      0.361,
      0.288,
      0.532,
      0.406,
      1.0,
      0.759,
      0.324,
      0.225,
      0.62,
      0.345,
      0.374,
      0.346,
      0.306,
      0.118,
      0.656,
      0.584,
      0.512,
      0.553,
      0.294,
      0.465
    ],
    [
      0.422,
      0.259,
      0.663,
      0.61,
      0.236,
      0.293,
      0.395,
      0.275,
      0.584,
      0.599,
      0.271,
      0.625,
      0.605,
      0.49,
      0.631,
      0.348,
      0.643,
      0.523,
      0.665,
      0.577,
      0.442,
      0.317,
      0.512,
      0.393,
      0.357,
      0.575,
      0.498,
      0.307,
      0.296,
      0.444,
      0.402,
      0.759,
      1.0,
      0.492,
      0.386,
      0.433,
      0.348,
      0.276,
      0.259,
      0.313,
      0.141,
      0.561,
      0.551,
      0.502,
      0.543,
      0.307,
      0.478
    ],
    [
      0.2,
      0.329,
      0.438,
      0.361,
      0.227,
      0.268,
      0.425,
      0.362,
      0.407,
      0.511,
      0.333,
      0.305,
      0.367,
      0.22,
      0.321,
      0.272,
      0.312,
      0.204,
      0.345,
      0.31,
      0.329,
      0.473,
      0.455,
      0.34,
      0.328,
      0.311,
      0.183,
      0.141,
      0.227,
      0.255,
      0.259,
      0.324,
      0.492,
      1.0,
      0.738,
      0.229,
      0.283,
      0.12,
      0.198,
      0.229,
      0.199,
      0.258,
      0.302,
      0.234,
      0.292,
      0.243,
      0.404
    ],
    [
      0.237,
      0.335,
      0.428,
      0.396,
      0.29,
      0.394,
      0.333,
      0.376,
      0.328,
      0.413,
      0.297,
      0.285,
      0.324,
      0.2,
      0.289,
      0.219,
      0.344,
      0.116,
      0.281,
      0.239,
      0.393,
      0.511,
      0.433,
      0.377,
      0.332,
      0.312,
      0.111,
      0.214,
      0.215,
      0.224,
      0.272,
      0.225,
      0.386,
      0.738,
      1.0,
      0.183,
      0.346,
      0.099,
      0.218,
      0.234,
      0.191,
      0.182,
      0.278,
      0.287,
      0.314,
      0.286,
      0.372
    ],
    [
      0.483,
      0.231,
      0.433,
      0.433,
      0.156,
      0.235,
      0.515,
      0.212,
      0.515,
      0.511,
      0.198,
      0.577,
      0.578,
      0.604,
      0.628,
      0.326,
      0.554,
      0.53,
      0.614,
      0.64,
      0.453,
      0.38,
      0.352,
      0.386,
      0.393,
      0.573,
      0.612,
      0.342,
      0.336,
      0.596,
      0.467,
      0.62,
      0.433,
      0.229,
      0.183,
      1.0,
      0.365,
      0.46,
      0.377,
      0.362,
      0.152,
      0.645,
      0.568,
      0.586,
      0.577,
      0.388,
      0.405
    ],
    [
      0.52,
      0.398,
      0.375,
      0.282,
      0.154,
      0.427,
      0.418,
      0.659,
      0.402,
      0.376,
      0.417,
      0.321,
      0.6,
      0.387,
      0.394,
      0.49,
      0.413,
      0.374,
      0.396,
      0.457,
      0.706,
      0.337,
      0.375,
      0.392,
      0.543,
      0.418,
      0.413,
      0.494,
      0.444,
      0.355,
      0.361,
      0.345,
      0.348,
      0.283,
      0.346,
      0.365,
      1.0,
      0.443,
      0.459,
      0.418,
      0.124,
      0.438,
      0.511,
      0.496,
      0.471,
      0.522,
      0.26
    ],
    [
      0.545,
      0.364,
      0.326,
      0.337,
      0.183,
      0.123,
      0.489,
      0.262,
      0.459,
      0.422,
      0.221,
      0.328,
      0.535,
      0.489,
      0.39,
      0.161,
      0.294,
      0.35,
      0.494,
      0.463,
      0.501,
      0.303,
      0.276,
      0.396,
      0.366,
      0.429,
      0.363,
      0.47,
      0.493,
      0.567,
      0.395,
      0.374,
      0.276,
      0.12,
      0.099,
      0.46,
      0.443,
      1.0,
      0.544,
      0.375,
      0.124,
      0.452,
      0.526,
      0.5,
      0.528,
      0.505,
      0.332
    ],
    [
      0.745,
      0.4,
      0.416,
      0.405,
      0.329,
      0.401,
      0.499,
      0.461,
      0.495,
      0.416,
      0.417,
      0.337,
      0.546,
      0.391,
      0.412,
      0.342,
      0.345,
      0.319,
      0.47,
      0.398,
      0.603,
      0.317,
      0.437,
      0.498,
      0.492,
      0.454,
      0.39,
      0.346,
      0.288,
      0.545,
      0.267,
      0.346,
      0.259,
      0.198,
      0.218,
      0.377,
      0.459,
      0.544,
      1.0,
      0.379,
      0.248,
      0.359,
      0.479,
      0.575,
      0.535,
      0.551,
      0.22
    ],
    [
      0.447,
      0.309,
      0.206,
      0.242,
      0.078,
      0.249,
      0.365,
      0.403,
      0.464,
      0.23,
      0.292,
      0.258,
      0.453,
      0.302,
      0.284,
      0.225,
      0.253,
      0.4,
      0.387,
      0.443,
      0.516,
      0.271,
      0.338,
      0.233,
      0.244,
      0.417,
      0.45,
      0.404,
      0.312,
      0.396,
      0.254,
      0.306,
      0.313,
      0.229,
      0.234,
      0.362,
      0.418,
      0.375,
      0.379,
      1.0,
      0.296,
      0.35,
      0.333,
      0.424,
      0.474,
      0.401,
      0.323
    ],
    [
      0.33,
      0.084,
      0.069,
      0.165,
      0.191,
      0.277,
      0.251,
      0.234,
      0.36,
      0.177,
      0.323,
      0.237,
      0.225,
      0.159,
      0.094,
      0.2,
      0.235,
      0.239,
      0.21,
      0.185,
      0.238,
      0.368,
      0.362,
      0.168,
      0.2,
      0.348,
      0.22,
      0.2,
      0.066,
      0.154,
      0.19,
      0.118,
      0.141,
      0.199,
      0.191,
      0.152,
      0.124,
      0.124,
      0.248,
      0.296,
      1.0,
      0.101,
      0.265,
      0.134,
      0.246,
      0.257,
      0.338
    ],
    [
      0.451,
      0.311,
      0.513,
      0.47,
      0.204,
      0.192,
      0.464,
      0.284,
      0.507,
      0.567,
      0.144,
      0.583,
      0.613,
      0.498,
      0.636,
      0.426,
      0.511,
      0.581,
      0.627,
      0.721,
      0.466,
      0.31,
      0.271,
      0.328,
      0.392,
      0.531,
      0.642,
      0.407,
      0.383,
      0.477,
      0.383,
      0.656,
      0.561,
      0.258,
      0.182,
      0.645,
      0.438,
      0.452,
      0.359,
      0.35,
      0.101,
      1.0,
      0.543,
      0.562,
      0.522,
      0.264,
      0.3
    ],
    [
      0.637,
      0.285,
      0.543,
      0.501,
      0.257,
      0.342,
      0.535,
      0.322,
      0.612,
      0.619,
      0.236,
      0.673,
      0.643,
      0.69,
      0.635,
      0.408,
      0.616,
      0.338,
      0.612,
      0.485,
      0.471,
      0.488,
      0.485,
      0.467,
      0.439,
      0.521,
      0.421,
      0.554,
      0.534,
      0.581,
      0.638,
      0.584,
      0.551,
      0.302,
      0.278,
      0.568,
      0.511,
      0.526,
      0.479,
      0.333,
      0.265,
      0.543,
      1.0,
      0.621,
      0.638,
      0.536,
      0.47
    ],
    [
      0.63,
      0.333,
      0.595,
      0.515,
      0.236,
      0.403,
      0.519,
      0.392,
      0.542,
      0.607,
      0.254,
      0.604,
      0.673,
      0.595,
      0.648,
      0.341,
      0.56,
      0.509,
      0.646,
      0.57,
      0.574,
      0.447,
      0.472,
      0.477,
      0.477,
      0.571,
      0.585,
      0.491,
      0.467,
      0.618,
      0.519,
      0.512,
      0.502,
      0.234,
      0.287,
      0.586,
      0.496,
      0.5,
      0.575,
      0.424,
      0.134,
      0.562,
      0.621,
      1.0,
      0.773,
      0.607,
      0.464
    ],
    [
      0.668,
      0.414,
      0.539,
      0.535,
      0.256,
      0.395,
      0.517,
      0.349,
      0.63,
      0.542,
      0.314,
      0.636,
      0.712,
      0.647,
      0.631,
      0.343,
      0.631,
      0.484,
      0.703,
      0.598,
      0.619,
      0.504,
      0.502,
      0.508,
      0.486,
      0.688,
      0.517,
      0.486,
      0.472,
      0.708,
      0.574,
      0.553,
      0.543,
      0.292,
      0.314,
      0.577,
      0.471,
      0.528,
      0.535,
      0.474,
      0.246,
      0.522,
      0.638,
      0.773,
      1.0,
      0.585,
      0.449
    ],
    [
      0.571,
      0.279,
      0.351,
      0.231,
      0.155,
      0.361,
      0.491,
      0.431,
      0.515,
      0.413,
      0.338,
      0.396,
      0.55,
      0.506,
      0.358,
      0.212,
      0.382,
      0.24,
      0.519,
      0.403,
      0.623,
      0.319,
      0.435,
      0.38,
      0.398,
      0.434,
      0.348,
      0.48,
      0.472,
      0.58,
      0.473,
      0.294,
      0.307,
      0.243,
      0.286,
      0.388,
      0.522,
      0.505,
      0.551,
      0.401,
      0.257,
      0.264,
      0.536,
      0.607,
      0.585,
      1.0,
      0.465
    ],
    [
      0.323,
      0.186,
      0.368,
      0.377,
      0.2,
      0.279,
      0.362,
      0.188,
      0.504,
      0.481,
      0.222,
      0.498,
      0.419,
      0.502,
      0.417,
      0.175,
      0.501,
      0.206,
      0.473,
      0.35,
      0.322,
      0.428,
      0.491,
      0.327,
      0.362,
      0.407,
      0.248,
      0.395,
      0.35,
      0.412,
      0.584,
      0.465,
      0.478,
      0.404,
      0.372,
      0.405,
      0.26,
      0.332,
      0.22,
      0.323,
      0.338,
      0.3,
      0.47,
      0.464,
      0.449,
      0.465,
      1.0
    ]
  ]
}