{
  "feeds": [
    "Brazil | Folha de São Paulo",
    "Brazil | O Globo (via Google News)",
    "China | CGTN Politics",
    "China | CGTN World",
    "China | Global Times",
    "China | People's Daily CN",
    "China | Xinhua English",
    "India | Dainik Bhaskar",
    "India | NDTV World",
    "India | The Hindu Intl",
    "India | Times of India",
    "Iran (Opposition / Diaspora) | Iran International EN",
    "Iran (Opposition / Diaspora) | Iran International FA",
    "Iran (Opposition / Diaspora) | RFE/RL (was Radio Farda)",
    "Israel | Haaretz",
    "Israel | Jerusalem Post",
    "Israel | Times of Israel",
    "Israel | Ynet Hebrew",
    "Japan | Japan Times",
    "Japan | NHK Japanese",
    "Nigeria | Vanguard",
    "Qatar | Al Jazeera Arabic",
    "Qatar | Al Jazeera English",
    "Russia | Meduza",
    "Russia | Moscow Times",
    "Russia | RT",
    "Russia | TASS English",
    "Saudi Arabia | Al Arabiya English (via Google News)",
    "Saudi Arabia | Arab News (via Google News)",
    "South Korea | Korea Herald (via Google News)",
    "South Korea | Yonhap News",
    "Turkey | Daily Sabah",
    "Turkey | Hurriyet",
    "United Kingdom | BBC World",
    "United Kingdom | The Guardian World",
    "United Kingdom | The Telegraph",
    "United States | CNN World",
    "United States | Fox News World",
    "United States | NPR World",
    "Wire Services (Factual Baseline) | AFP / France 24 EN",
    "Wire Services (Factual Baseline) | AFP / France 24 FR",
    "Wire Services (Factual Baseline) | AP News",
    "Wire Services (Factual Baseline) | Reuters (via Google News)"
  ],
  "matrix": [
    [
      1.0,
      0.392,
      0.6,
      0.525,
      0.215,
      0.372,
      0.476,
      0.368,
      0.705,
      0.735,
      0.384,
      0.757,
      0.661,
      0.765,
      0.74,
      0.631,
      0.746,
      0.712,
      0.395,
      0.473,
      0.364,
      0.76,
      0.675,
      0.497,
      0.5,
      0.751,
      0.632,
      0.606,
      0.584,
      0.324,
      0.29,
      0.671,
      0.362,
      0.687,
      0.415,
      0.379,
      0.285,
      0.725,
      0.67,
      0.636,
      0.733,
      0.517,
      0.569
    ],
    [
      0.392,
      1.0,
      0.301,
      0.294,
      0.17,
      0.333,
      0.388,
      0.434,
      0.332,
      0.357,
      0.478,
      0.333,
      0.319,
      0.315,
      0.284,
      0.272,
      0.283,
      0.446,
      0.212,
      0.367,
      0.443,
      0.445,
      0.333,
      0.362,
      0.272,
      0.335,
      0.281,
      0.434,
      0.359,
      0.437,
      0.299,
      0.364,
      0.441,
      0.409,
      0.446,
      0.42,
      0.305,
      0.376,
      0.347,
      0.316,
      0.535,
      0.412,
      0.476
    ],
    [
      0.6,
      0.301,
      1.0,
      0.702,
      0.422,
      0.437,
      0.518,
      0.304,
      0.521,
      0.693,
      0.346,
      0.66,
      0.657,
      0.579,
      0.598,
      0.576,
      0.614,
      0.554,
      0.527,
      0.495,
      0.339,
      0.562,
      0.583,
      0.354,
      0.38,
      0.601,
      0.437,
      0.515,
      0.612,
      0.372,
      0.46,
      0.692,
      0.286,
      0.474,
      0.315,
      0.246,
      0.201,
      0.634,
      0.521,
      0.615,
      0.572,
      0.404,
      0.53
    ],
    [
      0.525,
      0.294,
      0.702,
      1.0,
      0.477,
      0.449,
      0.512,
      0.311,
      0.493,
      0.621,
      0.296,
      0.526,
      0.608,
      0.516,
      0.475,
      0.545,
      0.522,
      0.497,
      0.46,
      0.448,
      0.268,
      0.466,
      0.508,
      0.402,
      0.479,
      0.544,
      0.51,
      0.549,
      0.589,
      0.318,
      0.392,
      0.609,
      0.246,
      0.337,
      0.29,
      0.251,
      0.125,
      0.556,
      0.44,
      0.555,
      0.433,
      0.459,
      0.566
    ],
    [
      0.215,
      0.17,
      0.422,
      0.477,
      1.0,
      0.531,
      0.203,
      0.246,
      0.119,
      0.214,
      0.18,
      0.248,
      0.157,
      0.157,
      0.099,
      0.178,
      0.132,
      0.144,
      0.339,
      0.421,
      0.238,
      0.194,
      0.035,
      0.204,
      0.162,
      0.108,
      0.093,
      0.131,
      0.217,
      0.224,
      0.357,
      0.277,
      0.018,
      0.096,
      0.122,
      0.057,
      0.195,
      0.14,
      0.168,
      0.086,
      0.184,
      0.193,
      0.166
    ],
    [
      0.372,
      0.333,
      0.437,
      0.449,
      0.531,
      1.0,
      0.338,
      0.391,
      0.238,
      0.375,
      0.404,
      0.304,
      0.36,
      0.258,
      0.243,
      0.251,
      0.26,
      0.432,
      0.342,
      0.625,
      0.523,
      0.428,
      0.167,
      0.334,
      0.237,
      0.245,
      0.169,
      0.257,
      0.273,
      0.305,
      0.506,
      0.338,
      0.259,
      0.098,
      0.272,
      0.249,
      0.277,
      0.231,
      0.24,
      0.201,
      0.374,
      0.309,
      0.303
    ],
    [
      0.476,
      0.388,
      0.518,
      0.512,
      0.203,
      0.338,
      1.0,
      0.237,
      0.496,
      0.647,
      0.286,
      0.455,
      0.51,
      0.456,
      0.47,
      0.505,
      0.519,
      0.534,
      0.323,
      0.405,
      0.401,
      0.571,
      0.396,
      0.348,
      0.32,
      0.576,
      0.4,
      0.448,
      0.415,
      0.435,
      0.471,
      0.592,
      0.322,
      0.454,
      0.422,
      0.365,
      0.251,
      0.478,
      0.478,
      0.499,
      0.513,
      0.43,
      0.443
    ],
    [
      0.368,
      0.434,
      0.304,
      0.311,
      0.246,
      0.391,
      0.237,
      1.0,
      0.41,
      0.37,
      0.655,
      0.291,
      0.399,
      0.227,
      0.31,
      0.332,
      0.343,
      0.483,
      0.243,
      0.54,
      0.486,
      0.342,
      0.316,
      0.263,
      0.162,
      0.205,
      0.239,
      0.357,
      0.248,
      0.328,
      0.373,
      0.323,
      0.587,
      0.299,
      0.331,
      0.416,
      0.251,
      0.25,
      0.226,
      0.24,
      0.472,
      0.398,
      0.354
    ],
    [
      0.705,
      0.332,
      0.521,
      0.493,
      0.119,
      0.238,
      0.496,
      0.41,
      1.0,
      0.694,
      0.383,
      0.609,
      0.736,
      0.617,
      0.715,
      0.721,
      0.764,
      0.74,
      0.31,
      0.386,
      0.266,
      0.682,
      0.653,
      0.34,
      0.337,
      0.595,
      0.537,
      0.622,
      0.665,
      0.35,
      0.301,
      0.616,
      0.486,
      0.578,
      0.369,
      0.468,
      0.181,
      0.623,
      0.528,
      0.702,
      0.635,
      0.417,
      0.588
    ],
    [
      0.735,
      0.357,
      0.693,
      0.621,
      0.214,
      0.375,
      0.647,
      0.37,
      0.694,
      1.0,
      0.412,
      0.734,
      0.791,
      0.733,
      0.762,
      0.759,
      0.794,
      0.72,
      0.47,
      0.525,
      0.434,
      0.682,
      0.7,
      0.478,
      0.488,
      0.754,
      0.614,
      0.669,
      0.657,
      0.395,
      0.47,
      0.794,
      0.414,
      0.581,
      0.386,
      0.415,
      0.174,
      0.81,
      0.631,
      0.735,
      0.749,
      0.576,
      0.681
    ],
    [
      0.384,
      0.478,
      0.346,
      0.296,
      0.18,
      0.404,
      0.286,
      0.655,
      0.383,
      0.412,
      1.0,
      0.335,
      0.395,
      0.278,
      0.394,
      0.36,
      0.381,
      0.498,
      0.219,
      0.468,
      0.499,
      0.438,
      0.321,
      0.312,
      0.175,
      0.333,
      0.278,
      0.347,
      0.308,
      0.353,
      0.306,
      0.378,
      0.459,
      0.365,
      0.148,
      0.397,
      0.297,
      0.3,
      0.177,
      0.249,
      0.439,
      0.338,
      0.361
    ],
    [
      0.757,
      0.333,
      0.66,
      0.526,
      0.248,
      0.304,
      0.455,
      0.291,
      0.609,
      0.734,
      0.335,
      1.0,
      0.679,
      0.79,
      0.668,
      0.634,
      0.688,
      0.617,
      0.381,
      0.418,
      0.234,
      0.595,
      0.688,
      0.457,
      0.521,
      0.708,
      0.636,
      0.72,
      0.617,
      0.283,
      0.259,
      0.7,
      0.341,
      0.522,
      0.289,
      0.235,
      0.176,
      0.772,
      0.629,
      0.622,
      0.596,
      0.432,
      0.57
    ],
    [
      0.661,
      0.319,
      0.657,
      0.608,
      0.157,
      0.36,
      0.51,
      0.399,
      0.736,
      0.791,
      0.395,
      0.679,
      1.0,
      0.672,
      0.773,
      0.782,
      0.775,
      0.766,
      0.443,
      0.479,
      0.302,
      0.666,
      0.691,
      0.458,
      0.472,
      0.645,
      0.619,
      0.71,
      0.666,
      0.387,
      0.399,
      0.751,
      0.524,
      0.512,
      0.293,
      0.374,
      0.256,
      0.716,
      0.553,
      0.759,
      0.65,
      0.409,
      0.687
    ],
    [
      0.765,
      0.315,
      0.579,
      0.516,
      0.157,
      0.258,
      0.456,
      0.227,
      0.617,
      0.733,
      0.278,
      0.79,
      0.672,
      1.0,
      0.723,
      0.649,
      0.676,
      0.638,
      0.422,
      0.414,
      0.203,
      0.588,
      0.673,
      0.576,
      0.676,
      0.735,
      0.72,
      0.704,
      0.63,
      0.306,
      0.33,
      0.725,
      0.293,
      0.545,
      0.284,
      0.314,
      0.164,
      0.828,
      0.708,
      0.73,
      0.596,
      0.458,
      0.582
    ],
    [
      0.74,
      0.284,
      0.598,
      0.475,
      0.099,
      0.243,
      0.47,
      0.31,
      0.715,
      0.762,
      0.394,
      0.668,
      0.773,
      0.723,
      1.0,
      0.813,
      0.795,
      0.804,
      0.364,
      0.385,
      0.273,
      0.692,
      0.671,
      0.413,
      0.464,
      0.681,
      0.642,
      0.632,
      0.63,
      0.264,
      0.306,
      0.718,
      0.366,
      0.637,
      0.245,
      0.357,
      0.141,
      0.806,
      0.603,
      0.732,
      0.617,
      0.432,
      0.554
    ],
    [
      0.631,
      0.272,
      0.576,
      0.545,
      0.178,
      0.251,
      0.505,
      0.332,
      0.721,
      0.759,
      0.36,
      0.634,
      0.782,
      0.649,
      0.813,
      1.0,
      0.836,
      0.767,
      0.398,
      0.405,
      0.24,
      0.623,
      0.67,
      0.371,
      0.391,
      0.655,
      0.592,
      0.669,
      0.677,
      0.286,
      0.304,
      0.738,
      0.434,
      0.573,
      0.28,
      0.358,
      0.182,
      0.746,
      0.513,
      0.674,
      0.586,
      0.452,
      0.64
    ],
    [
      0.746,
      0.283,
      0.614,
      0.522,
      0.132,
      0.26,
      0.519,
      0.343,
      0.764,
      0.794,
      0.381,
      0.688,
      0.775,
      0.676,
      0.795,
      0.836,
      1.0,
      0.731,
      0.366,
      0.441,
      0.259,
      0.739,
      0.71,
      0.444,
      0.402,
      0.686,
      0.604,
      0.598,
      0.662,
      0.345,
      0.32,
      0.718,
      0.413,
      0.637,
      0.265,
      0.437,
      0.29,
      0.709,
      0.575,
      0.719,
      0.687,
      0.433,
      0.642
    ],
    [
      0.712,
      0.446,
      0.554,
      0.497,
      0.144,
      0.432,
      0.534,
      0.483,
      0.74,
      0.72,
      0.498,
      0.617,
      0.766,
      0.638,
      0.804,
      0.767,
      0.731,
      1.0,
      0.4,
      0.559,
      0.358,
      0.742,
      0.651,
      0.459,
      0.428,
      0.643,
      0.558,
      0.635,
      0.59,
      0.375,
      0.407,
      0.64,
      0.597,
      0.61,
      0.406,
      0.471,
      0.248,
      0.694,
      0.6,
      0.68,
      0.666,
      0.48,
      0.566
    ],
    [
      0.395,
      0.212,
      0.527,
      0.46,
      0.339,
      0.342,
      0.323,
      0.243,
      0.31,
      0.47,
      0.219,
      0.381,
      0.443,
      0.422,
      0.364,
      0.398,
      0.366,
      0.4,
      1.0,
      0.478,
      0.235,
      0.288,
      0.503,
      0.367,
      0.366,
      0.345,
      0.34,
      0.336,
      0.345,
      0.403,
      0.428,
      0.415,
      0.186,
      0.21,
      0.18,
      0.178,
      0.167,
      0.465,
      0.386,
      0.399,
      0.401,
      0.238,
      0.41
    ],
    [
      0.473,
      0.367,
      0.495,
      0.448,
      0.421,
      0.625,
      0.405,
      0.54,
      0.386,
      0.525,
      0.468,
      0.418,
      0.479,
      0.414,
      0.385,
      0.405,
      0.441,
      0.559,
      0.478,
      1.0,
      0.503,
      0.466,
      0.388,
      0.394,
      0.282,
      0.401,
      0.301,
      0.391,
      0.35,
      0.344,
      0.512,
      0.429,
      0.44,
      0.3,
      0.236,
      0.385,
      0.286,
      0.385,
      0.372,
      0.331,
      0.496,
      0.462,
      0.447
    ],
    [
      0.364,
      0.443,
      0.339,
      0.268,
      0.238,
      0.523,
      0.401,
      0.486,
      0.266,
      0.434,
      0.499,
      0.234,
      0.302,
      0.203,
      0.273,
      0.24,
      0.259,
      0.358,
      0.235,
      0.503,
      1.0,
      0.34,
      0.25,
      0.259,
      0.148,
      0.266,
      0.126,
      0.255,
      0.238,
      0.306,
      0.37,
      0.31,
      0.335,
      0.236,
      0.389,
      0.278,
      0.218,
      0.274,
      0.204,
      0.19,
      0.471,
      0.385,
      0.328
    ],
    [
      0.76,
      0.445,
      0.562,
      0.466,
      0.194,
      0.428,
      0.571,
      0.342,
      0.682,
      0.682,
      0.438,
      0.595,
      0.666,
      0.588,
      0.692,
      0.623,
      0.739,
      0.742,
      0.288,
      0.466,
      0.34,
      1.0,
      0.542,
      0.539,
      0.407,
      0.627,
      0.501,
      0.498,
      0.582,
      0.331,
      0.304,
      0.651,
      0.453,
      0.698,
      0.391,
      0.497,
      0.361,
      0.609,
      0.506,
      0.566,
      0.665,
      0.403,
      0.515
    ],
    [
      0.675,
      0.333,
      0.583,
      0.508,
      0.035,
      0.167,
      0.396,
      0.316,
      0.653,
      0.7,
      0.321,
      0.688,
      0.691,
      0.673,
      0.671,
      0.67,
      0.71,
      0.651,
      0.503,
      0.388,
      0.25,
      0.542,
      1.0,
      0.378,
      0.476,
      0.648,
      0.65,
      0.619,
      0.569,
      0.314,
      0.263,
      0.607,
      0.441,
      0.54,
      0.317,
      0.315,
      0.15,
      0.755,
      0.609,
      0.733,
      0.635,
      0.457,
      0.63
    ],
    [
      0.497,
      0.362,
      0.354,
      0.402,
      0.204,
      0.334,
      0.348,
      0.263,
      0.34,
      0.478,
      0.312,
      0.457,
      0.458,
      0.576,
      0.413,
      0.371,
      0.444,
      0.459,
      0.367,
      0.394,
      0.259,
      0.539,
      0.378,
      1.0,
      0.767,
      0.459,
      0.623,
      0.447,
      0.376,
      0.381,
      0.322,
      0.497,
      0.406,
      0.358,
      0.266,
      0.419,
      0.268,
      0.524,
      0.421,
      0.423,
      0.437,
      0.37,
      0.446
    ],
    [
      0.5,
      0.272,
      0.38,
      0.479,
      0.162,
      0.237,
      0.32,
      0.162,
      0.337,
      0.488,
      0.175,
      0.521,
      0.472,
      0.676,
      0.464,
      0.391,
      0.402,
      0.428,
      0.366,
      0.282,
      0.148,
      0.407,
      0.476,
      0.767,
      1.0,
      0.457,
      0.732,
      0.527,
      0.412,
      0.245,
      0.223,
      0.534,
      0.29,
      0.351,
      0.28,
      0.305,
      0.163,
      0.627,
      0.516,
      0.508,
      0.37,
      0.376,
      0.412
    ],
    [
      0.751,
      0.335,
      0.601,
      0.544,
      0.108,
      0.245,
      0.576,
      0.205,
      0.595,
      0.754,
      0.333,
      0.708,
      0.645,
      0.735,
      0.681,
      0.655,
      0.686,
      0.643,
      0.345,
      0.401,
      0.266,
      0.627,
      0.648,
      0.459,
      0.457,
      1.0,
      0.628,
      0.641,
      0.59,
      0.334,
      0.33,
      0.742,
      0.314,
      0.554,
      0.354,
      0.333,
      0.206,
      0.774,
      0.629,
      0.665,
      0.648,
      0.486,
      0.625
    ],
    [
      0.632,
      0.281,
      0.437,
      0.51,
      0.093,
      0.169,
      0.4,
      0.239,
      0.537,
      0.614,
      0.278,
      0.636,
      0.619,
      0.72,
      0.642,
      0.592,
      0.604,
      0.558,
      0.34,
      0.301,
      0.126,
      0.501,
      0.65,
      0.623,
      0.732,
      0.628,
      1.0,
      0.646,
      0.497,
      0.297,
      0.203,
      0.598,
      0.389,
      0.446,
      0.232,
      0.346,
      0.151,
      0.724,
      0.601,
      0.655,
      0.477,
      0.461,
      0.584
    ],
    [
      0.606,
      0.434,
      0.515,
      0.549,
      0.131,
      0.257,
      0.448,
      0.357,
      0.622,
      0.669,
      0.347,
      0.72,
      0.71,
      0.704,
      0.632,
      0.669,
      0.598,
      0.635,
      0.336,
      0.391,
      0.255,
      0.498,
      0.619,
      0.447,
      0.527,
      0.641,
      0.646,
      1.0,
      0.722,
      0.406,
      0.325,
      0.679,
      0.42,
      0.437,
      0.275,
      0.348,
      0.112,
      0.712,
      0.526,
      0.61,
      0.481,
      0.474,
      0.672
    ],
    [
      0.584,
      0.359,
      0.612,
      0.589,
      0.217,
      0.273,
      0.415,
      0.248,
      0.665,
      0.657,
      0.308,
      0.617,
      0.666,
      0.63,
      0.63,
      0.677,
      0.662,
      0.59,
      0.345,
      0.35,
      0.238,
      0.582,
      0.569,
      0.376,
      0.412,
      0.59,
      0.497,
      0.722,
      1.0,
      0.427,
      0.385,
      0.666,
      0.29,
      0.47,
      0.221,
      0.347,
      0.19,
      0.614,
      0.491,
      0.609,
      0.474,
      0.392,
      0.707
    ],
    [
      0.324,
      0.437,
      0.372,
      0.318,
      0.224,
      0.305,
      0.435,
      0.328,
      0.35,
      0.395,
      0.353,
      0.283,
      0.387,
      0.306,
      0.264,
      0.286,
      0.345,
      0.375,
      0.403,
      0.344,
      0.306,
      0.331,
      0.314,
      0.381,
      0.245,
      0.334,
      0.297,
      0.406,
      0.427,
      1.0,
      0.701,
      0.37,
      0.293,
      0.229,
      0.224,
      0.352,
      0.307,
      0.262,
      0.366,
      0.343,
      0.386,
      0.191,
      0.562
    ],
    [
      0.29,
      0.299,
      0.46,
      0.392,
      0.357,
      0.506,
      0.471,
      0.373,
      0.301,
      0.47,
      0.306,
      0.259,
      0.399,
      0.33,
      0.306,
      0.304,
      0.32,
      0.407,
      0.428,
      0.512,
      0.37,
      0.304,
      0.263,
      0.322,
      0.223,
      0.33,
      0.203,
      0.325,
      0.385,
      0.701,
      1.0,
      0.422,
      0.239,
      0.152,
      0.202,
      0.267,
      0.198,
      0.287,
      0.312,
      0.349,
      0.413,
      0.254,
      0.453
    ],
    [
      0.671,
      0.364,
      0.692,
      0.609,
      0.277,
      0.338,
      0.592,
      0.323,
      0.616,
      0.794,
      0.378,
      0.7,
      0.751,
      0.725,
      0.718,
      0.738,
      0.718,
      0.64,
      0.415,
      0.429,
      0.31,
      0.651,
      0.607,
      0.497,
      0.534,
      0.742,
      0.598,
      0.679,
      0.666,
      0.37,
      0.422,
      1.0,
      0.339,
      0.54,
      0.313,
      0.37,
      0.196,
      0.781,
      0.562,
      0.639,
      0.612,
      0.456,
      0.643
    ],
    [
      0.362,
      0.441,
      0.286,
      0.246,
      0.018,
      0.259,
      0.322,
      0.587,
      0.486,
      0.414,
      0.459,
      0.341,
      0.524,
      0.293,
      0.366,
      0.434,
      0.413,
      0.597,
      0.186,
      0.44,
      0.335,
      0.453,
      0.441,
      0.406,
      0.29,
      0.314,
      0.389,
      0.42,
      0.29,
      0.293,
      0.239,
      0.339,
      1.0,
      0.389,
      0.379,
      0.476,
      0.156,
      0.345,
      0.308,
      0.359,
      0.485,
      0.389,
      0.426
    ],
    [
      0.687,
      0.409,
      0.474,
      0.337,
      0.096,
      0.098,
      0.454,
      0.299,
      0.578,
      0.581,
      0.365,
      0.522,
      0.512,
      0.545,
      0.637,
      0.573,
      0.637,
      0.61,
      0.21,
      0.3,
      0.236,
      0.698,
      0.54,
      0.358,
      0.351,
      0.554,
      0.446,
      0.437,
      0.47,
      0.229,
      0.152,
      0.54,
      0.389,
      1.0,
      0.366,
      0.357,
      0.265,
      0.575,
      0.477,
      0.458,
      0.6,
      0.418,
      0.356
    ],
    [
      0.415,
      0.446,
      0.315,
      0.29,
      0.122,
      0.272,
      0.422,
      0.331,
      0.369,
      0.386,
      0.148,
      0.289,
      0.293,
      0.284,
      0.245,
      0.28,
      0.265,
      0.406,
      0.18,
      0.236,
      0.389,
      0.391,
      0.317,
      0.266,
      0.28,
      0.354,
      0.232,
      0.275,
      0.221,
      0.224,
      0.202,
      0.313,
      0.379,
      0.366,
      1.0,
      0.304,
      0.113,
      0.351,
      0.546,
      0.422,
      0.559,
      0.354,
      0.317
    ],
    [
      0.379,
      0.42,
      0.246,
      0.251,
      0.057,
      0.249,
      0.365,
      0.416,
      0.468,
      0.415,
      0.397,
      0.235,
      0.374,
      0.314,
      0.357,
      0.358,
      0.437,
      0.471,
      0.178,
      0.385,
      0.278,
      0.497,
      0.315,
      0.419,
      0.305,
      0.333,
      0.346,
      0.348,
      0.347,
      0.352,
      0.267,
      0.37,
      0.476,
      0.357,
      0.304,
      1.0,
      0.296,
      0.309,
      0.245,
      0.332,
      0.456,
      0.319,
      0.45
    ],
    [
      0.285,
      0.305,
      0.201,
      0.125,
      0.195,
      0.277,
      0.251,
      0.251,
      0.181,
      0.174,
      0.297,
      0.176,
      0.256,
      0.164,
      0.141,
      0.182,
      0.29,
      0.248,
      0.167,
      0.286,
      0.218,
      0.361,
      0.15,
      0.268,
      0.163,
      0.206,
      0.151,
      0.112,
      0.19,
      0.307,
      0.198,
      0.196,
      0.156,
      0.265,
      0.113,
      0.296,
      1.0,
      0.08,
      0.254,
      0.1,
      0.211,
      0.192,
      0.278
    ],
    [
      0.725,
      0.376,
      0.634,
      0.556,
      0.14,
      0.231,
      0.478,
      0.25,
      0.623,
      0.81,
      0.3,
      0.772,
      0.716,
      0.828,
      0.806,
      0.746,
      0.709,
      0.694,
      0.465,
      0.385,
      0.274,
      0.609,
      0.755,
      0.524,
      0.627,
      0.774,
      0.724,
      0.712,
      0.614,
      0.262,
      0.287,
      0.781,
      0.345,
      0.575,
      0.351,
      0.309,
      0.08,
      1.0,
      0.646,
      0.746,
      0.652,
      0.522,
      0.627
    ],
    [
      0.67,
      0.347,
      0.521,
      0.44,
      0.168,
      0.24,
      0.478,
      0.226,
      0.528,
      0.631,
      0.177,
      0.629,
      0.553,
      0.708,
      0.603,
      0.513,
      0.575,
      0.6,
      0.386,
      0.372,
      0.204,
      0.506,
      0.609,
      0.421,
      0.516,
      0.629,
      0.601,
      0.526,
      0.491,
      0.366,
      0.312,
      0.562,
      0.308,
      0.477,
      0.546,
      0.245,
      0.254,
      0.646,
      1.0,
      0.736,
      0.6,
      0.436,
      0.518
    ],
    [
      0.636,
      0.316,
      0.615,
      0.555,
      0.086,
      0.201,
      0.499,
      0.24,
      0.702,
      0.735,
      0.249,
      0.622,
      0.759,
      0.73,
      0.732,
      0.674,
      0.719,
      0.68,
      0.399,
      0.331,
      0.19,
      0.566,
      0.733,
      0.423,
      0.508,
      0.665,
      0.655,
      0.61,
      0.609,
      0.343,
      0.349,
      0.639,
      0.359,
      0.458,
      0.422,
      0.332,
      0.1,
      0.746,
      0.736,
      1.0,
      0.724,
      0.391,
      0.606
    ],
    [
      0.733,
      0.535,
      0.572,
      0.433,
      0.184,
      0.374,
      0.513,
      0.472,
      0.635,
      0.749,
      0.439,
      0.596,
      0.65,
      0.596,
      0.617,
      0.586,
      0.687,
      0.666,
      0.401,
      0.496,
      0.471,
      0.665,
      0.635,
      0.437,
      0.37,
      0.648,
      0.477,
      0.481,
      0.474,
      0.386,
      0.413,
      0.612,
      0.485,
      0.6,
      0.559,
      0.456,
      0.211,
      0.652,
      0.6,
      0.724,
      1.0,
      0.411,
      0.565
    ],
    [
      0.517,
      0.412,
      0.404,
      0.459,
      0.193,
      0.309,
      0.43,
      0.398,
      0.417,
      0.576,
      0.338,
      0.432,
      0.409,
      0.458,
      0.432,
      0.452,
      0.433,
      0.48,
      0.238,
      0.462,
      0.385,
      0.403,
      0.457,
      0.37,
      0.376,
      0.486,
      0.461,
      0.474,
      0.392,
      0.191,
      0.254,
      0.456,
      0.389,
      0.418,
      0.354,
      0.319,
      0.192,
      0.522,
      0.436,
      0.391,
      0.411,
      1.0,
      0.443
    ],
    [
      0.569,
      0.476,
      0.53,
      0.566,
      0.166,
      0.303,
      0.443,
      0.354,
      0.588,
      0.681,
      0.361,
      0.57,
      0.687,
      0.582,
      0.554,
      0.64,
      0.642,
      0.566,
      0.41,
      0.447,
      0.328,
      0.515,
      0.63,
      0.446,
      0.412,
      0.625,
      0.584,
      0.672,
      0.707,
      0.562,
      0.453,
      0.643,
      0.426,
      0.356,
      0.317,
      0.45,
      0.278,
      0.627,
      0.518,
      0.606,
      0.565,
      0.443,
      1.0
    ]
  ]
}