{
  "feeds": [
    "Brazil | Folha de São Paulo",
    "Brazil | O Globo (via Google News)",
    "China | CGTN Politics",
    "China | CGTN World",
    "China | Global Times",
    "China | People's Daily CN",
    "China | Xinhua English",
    "India | Dainik Bhaskar",
    "India | NDTV World",
    "India | The Hindu Intl",
    "India | Times of India",
    "Iran (Opposition / Diaspora) | Iran International EN",
    "Iran (Opposition / Diaspora) | Iran International FA",
    "Iran (Opposition / Diaspora) | RFE/RL (was Radio Farda)",
    "Israel | Haaretz",
    "Israel | Jerusalem Post",
    "Israel | Times of Israel",
    "Israel | Ynet Hebrew",
    "Japan | Japan Times",
    "Japan | NHK Japanese",
    "Nigeria | The Punch",
    "Nigeria | Vanguard",
    "Qatar | Al Jazeera Arabic",
    "Qatar | Al Jazeera English",
    "Russia | Meduza",
    "Russia | Moscow Times",
    "Russia | RT",
    "Russia | TASS English",
    "Saudi Arabia | Al Arabiya English (via Google News)",
    "Saudi Arabia | Arab News (via Google News)",
    "South Korea | Korea Herald (via Google News)",
    "South Korea | Yonhap News",
    "Turkey | Daily Sabah",
    "Turkey | Hurriyet",
    "United Kingdom | BBC World",
    "United Kingdom | The Guardian World",
    "United Kingdom | The Telegraph",
    "United States | CNN World",
    "United States | Fox News World",
    "United States | NPR World",
    "Wire Services (Factual Baseline) | AFP / France 24 EN",
    "Wire Services (Factual Baseline) | AFP / France 24 FR",
    "Wire Services (Factual Baseline) | AP News",
    "Wire Services (Factual Baseline) | Reuters (via Google News)"
  ],
  "matrix": [
    [
      1.0,
      0.557,
      0.635,
      0.545,
      0.168,
      0.276,
      0.499,
      0.367,
      0.742,
      0.736,
      0.322,
      0.717,
      0.679,
      0.781,
      0.601,
      0.735,
      0.608,
      0.632,
      0.512,
      0.624,
      0.492,
      0.554,
      0.706,
      0.67,
      0.463,
      0.45,
      0.669,
      0.612,
      0.513,
      0.624,
      0.256,
      0.276,
      0.665,
      0.475,
      0.486,
      0.667,
      0.346,
      0.193,
      0.721,
      0.755,
      0.673,
      0.636,
      0.67,
      0.631
    ],
    [
      0.557,
      1.0,
      0.405,
      0.425,
      0.102,
      0.283,
      0.438,
      0.375,
      0.397,
      0.389,
      0.306,
      0.42,
      0.482,
      0.386,
      0.349,
      0.457,
      0.437,
      0.558,
      0.311,
      0.48,
      0.49,
      0.489,
      0.446,
      0.434,
      0.453,
      0.395,
      0.393,
      0.427,
      0.496,
      0.47,
      0.438,
      0.397,
      0.326,
      0.53,
      0.461,
      0.582,
      0.424,
      0.178,
      0.469,
      0.43,
      0.408,
      0.446,
      0.337,
      0.443
    ],
    [
      0.635,
      0.405,
      1.0,
      0.662,
      0.38,
      0.391,
      0.595,
      0.232,
      0.673,
      0.716,
      0.186,
      0.704,
      0.697,
      0.674,
      0.704,
      0.718,
      0.738,
      0.565,
      0.617,
      0.577,
      0.494,
      0.469,
      0.741,
      0.644,
      0.472,
      0.47,
      0.653,
      0.56,
      0.652,
      0.686,
      0.275,
      0.33,
      0.729,
      0.305,
      0.356,
      0.391,
      0.288,
      0.178,
      0.694,
      0.599,
      0.536,
      0.5,
      0.526,
      0.715
    ],
    [
      0.545,
      0.425,
      0.662,
      1.0,
      0.403,
      0.363,
      0.505,
      0.174,
      0.656,
      0.671,
      0.197,
      0.54,
      0.639,
      0.658,
      0.534,
      0.636,
      0.579,
      0.456,
      0.514,
      0.503,
      0.456,
      0.444,
      0.615,
      0.541,
      0.433,
      0.461,
      0.576,
      0.636,
      0.629,
      0.674,
      0.358,
      0.326,
      0.668,
      0.331,
      0.32,
      0.409,
      0.281,
      0.219,
      0.556,
      0.57,
      0.546,
      0.514,
      0.506,
      0.719
    ],
    [
      0.168,
      0.102,
      0.38,
      0.403,
      1.0,
      0.538,
      0.232,
      0.262,
      0.284,
      0.193,
      0.193,
      0.255,
      0.162,
      0.189,
      0.154,
      0.193,
      0.204,
      0.202,
      0.384,
      0.184,
      0.208,
      0.261,
      0.192,
      0.057,
      0.176,
      0.133,
      0.265,
      0.241,
      0.1,
      0.202,
      0.153,
      0.347,
      0.164,
      0.206,
      0.212,
      0.186,
      0.077,
      0.186,
      0.236,
      0.112,
      0.135,
      0.21,
      0.166,
      0.18
    ],
    [
      0.276,
      0.283,
      0.391,
      0.363,
      0.538,
      1.0,
      0.338,
      0.406,
      0.321,
      0.215,
      0.351,
      0.206,
      0.268,
      0.215,
      0.211,
      0.229,
      0.237,
      0.424,
      0.435,
      0.381,
      0.402,
      0.443,
      0.31,
      0.123,
      0.238,
      0.187,
      0.278,
      0.304,
      0.289,
      0.307,
      0.274,
      0.492,
      0.164,
      0.315,
      0.229,
      0.278,
      0.249,
      0.277,
      0.242,
      0.222,
      0.195,
      0.379,
      0.298,
      0.254
    ],
    [
      0.499,
      0.438,
      0.595,
      0.505,
      0.232,
      0.338,
      1.0,
      0.209,
      0.506,
      0.475,
      0.172,
      0.393,
      0.502,
      0.427,
      0.459,
      0.445,
      0.521,
      0.525,
      0.479,
      0.374,
      0.43,
      0.416,
      0.54,
      0.399,
      0.322,
      0.287,
      0.464,
      0.407,
      0.452,
      0.448,
      0.404,
      0.423,
      0.488,
      0.362,
      0.324,
      0.446,
      0.365,
      0.251,
      0.512,
      0.477,
      0.412,
      0.467,
      0.415,
      0.514
    ],
    [
      0.367,
      0.375,
      0.232,
      0.174,
      0.262,
      0.406,
      0.209,
      1.0,
      0.38,
      0.221,
      0.654,
      0.29,
      0.323,
      0.215,
      0.18,
      0.274,
      0.263,
      0.515,
      0.327,
      0.284,
      0.311,
      0.487,
      0.324,
      0.187,
      0.234,
      0.195,
      0.228,
      0.276,
      0.206,
      0.284,
      0.202,
      0.309,
      0.132,
      0.556,
      0.385,
      0.443,
      0.403,
      0.295,
      0.315,
      0.202,
      0.175,
      0.282,
      0.377,
      0.208
    ],
    [
      0.742,
      0.397,
      0.673,
      0.656,
      0.284,
      0.321,
      0.506,
      0.38,
      1.0,
      0.75,
      0.387,
      0.657,
      0.711,
      0.81,
      0.656,
      0.737,
      0.696,
      0.596,
      0.627,
      0.591,
      0.524,
      0.544,
      0.775,
      0.705,
      0.383,
      0.422,
      0.71,
      0.643,
      0.627,
      0.71,
      0.255,
      0.313,
      0.721,
      0.357,
      0.345,
      0.526,
      0.383,
      0.254,
      0.676,
      0.697,
      0.617,
      0.614,
      0.559,
      0.759
    ],
    [
      0.736,
      0.389,
      0.716,
      0.671,
      0.193,
      0.215,
      0.475,
      0.221,
      0.75,
      1.0,
      0.173,
      0.737,
      0.743,
      0.816,
      0.728,
      0.767,
      0.721,
      0.564,
      0.564,
      0.623,
      0.509,
      0.457,
      0.785,
      0.704,
      0.558,
      0.584,
      0.715,
      0.738,
      0.559,
      0.659,
      0.186,
      0.213,
      0.749,
      0.361,
      0.412,
      0.477,
      0.308,
      0.181,
      0.747,
      0.724,
      0.656,
      0.545,
      0.552,
      0.746
    ],
    [
      0.322,
      0.306,
      0.186,
      0.197,
      0.193,
      0.351,
      0.172,
      0.654,
      0.387,
      0.173,
      1.0,
      0.183,
      0.275,
      0.258,
      0.182,
      0.262,
      0.239,
      0.362,
      0.277,
      0.27,
      0.302,
      0.416,
      0.309,
      0.224,
      0.113,
      0.078,
      0.156,
      0.192,
      0.19,
      0.224,
      0.211,
      0.349,
      0.118,
      0.383,
      0.281,
      0.317,
      0.199,
      0.193,
      0.202,
      0.221,
      0.181,
      0.246,
      0.314,
      0.191
    ],
    [
      0.717,
      0.42,
      0.704,
      0.54,
      0.255,
      0.206,
      0.393,
      0.29,
      0.657,
      0.737,
      0.183,
      1.0,
      0.708,
      0.675,
      0.711,
      0.763,
      0.684,
      0.516,
      0.462,
      0.588,
      0.471,
      0.46,
      0.714,
      0.636,
      0.441,
      0.421,
      0.65,
      0.501,
      0.488,
      0.622,
      0.149,
      0.166,
      0.693,
      0.335,
      0.363,
      0.449,
      0.314,
      0.193,
      0.742,
      0.636,
      0.49,
      0.474,
      0.437,
      0.638
    ],
    [
      0.679,
      0.482,
      0.697,
      0.639,
      0.162,
      0.268,
      0.502,
      0.323,
      0.711,
      0.743,
      0.275,
      0.708,
      1.0,
      0.696,
      0.819,
      0.84,
      0.874,
      0.704,
      0.513,
      0.562,
      0.605,
      0.535,
      0.837,
      0.69,
      0.4,
      0.407,
      0.612,
      0.621,
      0.707,
      0.745,
      0.276,
      0.291,
      0.759,
      0.484,
      0.397,
      0.511,
      0.34,
      0.148,
      0.73,
      0.617,
      0.603,
      0.565,
      0.564,
      0.713
    ],
    [
      0.781,
      0.386,
      0.674,
      0.658,
      0.189,
      0.215,
      0.427,
      0.215,
      0.81,
      0.816,
      0.258,
      0.675,
      0.696,
      1.0,
      0.687,
      0.758,
      0.691,
      0.531,
      0.515,
      0.669,
      0.45,
      0.423,
      0.749,
      0.711,
      0.476,
      0.507,
      0.69,
      0.714,
      0.55,
      0.646,
      0.189,
      0.247,
      0.807,
      0.315,
      0.34,
      0.489,
      0.285,
      0.178,
      0.637,
      0.776,
      0.707,
      0.607,
      0.609,
      0.721
    ],
    [
      0.601,
      0.349,
      0.704,
      0.534,
      0.154,
      0.211,
      0.459,
      0.18,
      0.656,
      0.728,
      0.182,
      0.711,
      0.819,
      0.687,
      1.0,
      0.805,
      0.863,
      0.679,
      0.548,
      0.517,
      0.488,
      0.434,
      0.842,
      0.74,
      0.313,
      0.351,
      0.632,
      0.482,
      0.604,
      0.705,
      0.25,
      0.233,
      0.772,
      0.277,
      0.271,
      0.342,
      0.29,
      0.153,
      0.701,
      0.628,
      0.563,
      0.518,
      0.478,
      0.668
    ],
    [
      0.735,
      0.457,
      0.718,
      0.636,
      0.193,
      0.229,
      0.445,
      0.274,
      0.737,
      0.767,
      0.262,
      0.763,
      0.84,
      0.758,
      0.805,
      1.0,
      0.829,
      0.668,
      0.548,
      0.586,
      0.55,
      0.536,
      0.815,
      0.734,
      0.408,
      0.44,
      0.633,
      0.617,
      0.639,
      0.754,
      0.236,
      0.262,
      0.768,
      0.452,
      0.449,
      0.511,
      0.338,
      0.135,
      0.746,
      0.712,
      0.6,
      0.583,
      0.57,
      0.727
    ],
    [
      0.608,
      0.437,
      0.738,
      0.579,
      0.204,
      0.237,
      0.521,
      0.263,
      0.696,
      0.721,
      0.239,
      0.684,
      0.874,
      0.691,
      0.863,
      0.829,
      1.0,
      0.714,
      0.5,
      0.528,
      0.569,
      0.489,
      0.853,
      0.718,
      0.351,
      0.35,
      0.603,
      0.577,
      0.657,
      0.688,
      0.261,
      0.297,
      0.725,
      0.373,
      0.363,
      0.451,
      0.378,
      0.164,
      0.735,
      0.585,
      0.596,
      0.549,
      0.543,
      0.728
    ],
    [
      0.632,
      0.558,
      0.565,
      0.456,
      0.202,
      0.424,
      0.525,
      0.515,
      0.596,
      0.564,
      0.362,
      0.516,
      0.704,
      0.531,
      0.679,
      0.668,
      0.714,
      1.0,
      0.549,
      0.461,
      0.6,
      0.586,
      0.74,
      0.583,
      0.335,
      0.303,
      0.523,
      0.473,
      0.525,
      0.576,
      0.324,
      0.349,
      0.536,
      0.536,
      0.424,
      0.562,
      0.517,
      0.272,
      0.687,
      0.564,
      0.521,
      0.629,
      0.577,
      0.545
    ],
    [
      0.512,
      0.311,
      0.617,
      0.514,
      0.384,
      0.435,
      0.479,
      0.327,
      0.627,
      0.564,
      0.277,
      0.462,
      0.513,
      0.515,
      0.548,
      0.548,
      0.5,
      0.549,
      1.0,
      0.41,
      0.426,
      0.494,
      0.598,
      0.484,
      0.262,
      0.297,
      0.535,
      0.465,
      0.463,
      0.549,
      0.322,
      0.402,
      0.52,
      0.262,
      0.314,
      0.377,
      0.24,
      0.263,
      0.504,
      0.518,
      0.404,
      0.438,
      0.402,
      0.494
    ],
    [
      0.624,
      0.48,
      0.577,
      0.503,
      0.184,
      0.381,
      0.374,
      0.284,
      0.591,
      0.623,
      0.27,
      0.588,
      0.562,
      0.669,
      0.517,
      0.586,
      0.528,
      0.461,
      0.41,
      1.0,
      0.452,
      0.514,
      0.594,
      0.592,
      0.43,
      0.413,
      0.52,
      0.584,
      0.45,
      0.519,
      0.206,
      0.322,
      0.546,
      0.37,
      0.309,
      0.423,
      0.358,
      0.255,
      0.524,
      0.582,
      0.526,
      0.554,
      0.495,
      0.588
    ],
    [
      0.492,
      0.49,
      0.494,
      0.456,
      0.208,
      0.402,
      0.43,
      0.311,
      0.524,
      0.509,
      0.302,
      0.471,
      0.605,
      0.45,
      0.488,
      0.55,
      0.569,
      0.6,
      0.426,
      0.452,
      1.0,
      0.72,
      0.56,
      0.471,
      0.301,
      0.269,
      0.429,
      0.437,
      0.563,
      0.559,
      0.307,
      0.368,
      0.469,
      0.392,
      0.286,
      0.508,
      0.334,
      0.129,
      0.496,
      0.451,
      0.443,
      0.533,
      0.377,
      0.547
    ],
    [
      0.554,
      0.489,
      0.469,
      0.444,
      0.261,
      0.443,
      0.416,
      0.487,
      0.544,
      0.457,
      0.416,
      0.46,
      0.535,
      0.423,
      0.434,
      0.536,
      0.489,
      0.586,
      0.494,
      0.514,
      0.72,
      1.0,
      0.527,
      0.463,
      0.243,
      0.214,
      0.432,
      0.397,
      0.46,
      0.519,
      0.304,
      0.44,
      0.344,
      0.511,
      0.374,
      0.565,
      0.447,
      0.294,
      0.459,
      0.456,
      0.407,
      0.588,
      0.466,
      0.495
    ],
    [
      0.706,
      0.446,
      0.741,
      0.615,
      0.192,
      0.31,
      0.54,
      0.324,
      0.775,
      0.785,
      0.309,
      0.714,
      0.837,
      0.749,
      0.842,
      0.815,
      0.853,
      0.74,
      0.598,
      0.594,
      0.56,
      0.527,
      1.0,
      0.758,
      0.42,
      0.45,
      0.702,
      0.636,
      0.672,
      0.762,
      0.297,
      0.269,
      0.775,
      0.348,
      0.329,
      0.509,
      0.393,
      0.255,
      0.761,
      0.696,
      0.638,
      0.621,
      0.588,
      0.787
    ],
    [
      0.67,
      0.434,
      0.644,
      0.541,
      0.057,
      0.123,
      0.399,
      0.187,
      0.705,
      0.704,
      0.224,
      0.636,
      0.69,
      0.711,
      0.74,
      0.734,
      0.718,
      0.583,
      0.484,
      0.592,
      0.471,
      0.463,
      0.758,
      1.0,
      0.345,
      0.395,
      0.657,
      0.53,
      0.566,
      0.666,
      0.182,
      0.159,
      0.715,
      0.321,
      0.307,
      0.44,
      0.355,
      0.155,
      0.697,
      0.642,
      0.555,
      0.522,
      0.49,
      0.698
    ],
    [
      0.463,
      0.453,
      0.472,
      0.433,
      0.176,
      0.238,
      0.322,
      0.234,
      0.383,
      0.558,
      0.113,
      0.441,
      0.4,
      0.476,
      0.313,
      0.408,
      0.351,
      0.335,
      0.262,
      0.43,
      0.301,
      0.243,
      0.42,
      0.345,
      1.0,
      0.847,
      0.448,
      0.66,
      0.392,
      0.382,
      0.161,
      0.159,
      0.418,
      0.354,
      0.398,
      0.489,
      0.32,
      0.16,
      0.441,
      0.454,
      0.429,
      0.306,
      0.299,
      0.479
    ],
    [
      0.45,
      0.395,
      0.47,
      0.461,
      0.133,
      0.187,
      0.287,
      0.195,
      0.422,
      0.584,
      0.078,
      0.421,
      0.407,
      0.507,
      0.351,
      0.44,
      0.35,
      0.303,
      0.297,
      0.413,
      0.269,
      0.214,
      0.45,
      0.395,
      0.847,
      1.0,
      0.444,
      0.69,
      0.389,
      0.393,
      0.134,
      0.149,
      0.483,
      0.311,
      0.35,
      0.391,
      0.304,
      0.217,
      0.418,
      0.488,
      0.432,
      0.278,
      0.318,
      0.465
    ],
    [
      0.669,
      0.393,
      0.653,
      0.576,
      0.265,
      0.278,
      0.464,
      0.228,
      0.71,
      0.715,
      0.156,
      0.65,
      0.612,
      0.69,
      0.632,
      0.633,
      0.603,
      0.523,
      0.535,
      0.52,
      0.429,
      0.432,
      0.702,
      0.657,
      0.448,
      0.444,
      1.0,
      0.637,
      0.518,
      0.58,
      0.171,
      0.197,
      0.6,
      0.238,
      0.417,
      0.463,
      0.36,
      0.182,
      0.675,
      0.65,
      0.694,
      0.547,
      0.454,
      0.704
    ],
    [
      0.612,
      0.427,
      0.56,
      0.636,
      0.241,
      0.304,
      0.407,
      0.276,
      0.643,
      0.738,
      0.192,
      0.501,
      0.621,
      0.714,
      0.482,
      0.617,
      0.577,
      0.473,
      0.465,
      0.584,
      0.437,
      0.397,
      0.636,
      0.53,
      0.66,
      0.69,
      0.637,
      1.0,
      0.512,
      0.551,
      0.164,
      0.262,
      0.578,
      0.374,
      0.44,
      0.482,
      0.373,
      0.239,
      0.514,
      0.633,
      0.659,
      0.563,
      0.537,
      0.688
    ],
    [
      0.513,
      0.496,
      0.652,
      0.629,
      0.1,
      0.289,
      0.452,
      0.206,
      0.627,
      0.559,
      0.19,
      0.488,
      0.707,
      0.55,
      0.604,
      0.639,
      0.657,
      0.525,
      0.463,
      0.45,
      0.563,
      0.46,
      0.672,
      0.566,
      0.392,
      0.389,
      0.518,
      0.512,
      1.0,
      0.805,
      0.422,
      0.364,
      0.663,
      0.298,
      0.277,
      0.382,
      0.362,
      0.063,
      0.528,
      0.525,
      0.449,
      0.486,
      0.45,
      0.719
    ],
    [
      0.624,
      0.47,
      0.686,
      0.674,
      0.202,
      0.307,
      0.448,
      0.284,
      0.71,
      0.659,
      0.224,
      0.622,
      0.745,
      0.646,
      0.705,
      0.754,
      0.688,
      0.576,
      0.549,
      0.519,
      0.559,
      0.519,
      0.762,
      0.666,
      0.382,
      0.393,
      0.58,
      0.551,
      0.805,
      1.0,
      0.449,
      0.364,
      0.708,
      0.341,
      0.242,
      0.449,
      0.371,
      0.205,
      0.61,
      0.586,
      0.498,
      0.483,
      0.476,
      0.78
    ],
    [
      0.256,
      0.438,
      0.275,
      0.358,
      0.153,
      0.274,
      0.404,
      0.202,
      0.255,
      0.186,
      0.211,
      0.149,
      0.276,
      0.189,
      0.25,
      0.236,
      0.261,
      0.324,
      0.322,
      0.206,
      0.307,
      0.304,
      0.297,
      0.182,
      0.161,
      0.134,
      0.171,
      0.164,
      0.422,
      0.449,
      1.0,
      0.628,
      0.208,
      0.256,
      0.085,
      0.183,
      0.277,
      0.2,
      0.258,
      0.179,
      0.115,
      0.153,
      0.18,
      0.377
    ],
    [
      0.276,
      0.397,
      0.33,
      0.326,
      0.347,
      0.492,
      0.423,
      0.309,
      0.313,
      0.213,
      0.349,
      0.166,
      0.291,
      0.247,
      0.233,
      0.262,
      0.297,
      0.349,
      0.402,
      0.322,
      0.368,
      0.44,
      0.269,
      0.159,
      0.159,
      0.149,
      0.197,
      0.262,
      0.364,
      0.364,
      0.628,
      1.0,
      0.227,
      0.335,
      0.227,
      0.255,
      0.268,
      0.297,
      0.239,
      0.207,
      0.173,
      0.254,
      0.242,
      0.281
    ],
    [
      0.665,
      0.326,
      0.729,
      0.668,
      0.164,
      0.164,
      0.488,
      0.132,
      0.721,
      0.749,
      0.118,
      0.693,
      0.759,
      0.807,
      0.772,
      0.768,
      0.725,
      0.536,
      0.52,
      0.546,
      0.469,
      0.344,
      0.775,
      0.715,
      0.418,
      0.483,
      0.6,
      0.578,
      0.663,
      0.708,
      0.208,
      0.227,
      1.0,
      0.248,
      0.241,
      0.401,
      0.233,
      0.108,
      0.65,
      0.703,
      0.584,
      0.539,
      0.552,
      0.707
    ],
    [
      0.475,
      0.53,
      0.305,
      0.331,
      0.206,
      0.315,
      0.362,
      0.556,
      0.357,
      0.361,
      0.383,
      0.335,
      0.484,
      0.315,
      0.277,
      0.452,
      0.373,
      0.536,
      0.262,
      0.37,
      0.392,
      0.511,
      0.348,
      0.321,
      0.354,
      0.311,
      0.238,
      0.374,
      0.298,
      0.341,
      0.256,
      0.335,
      0.248,
      1.0,
      0.487,
      0.498,
      0.4,
      0.166,
      0.388,
      0.349,
      0.247,
      0.334,
      0.403,
      0.271
    ],
    [
      0.486,
      0.461,
      0.356,
      0.32,
      0.212,
      0.229,
      0.324,
      0.385,
      0.345,
      0.412,
      0.281,
      0.363,
      0.397,
      0.34,
      0.271,
      0.449,
      0.363,
      0.424,
      0.314,
      0.309,
      0.286,
      0.374,
      0.329,
      0.307,
      0.398,
      0.35,
      0.417,
      0.44,
      0.277,
      0.242,
      0.085,
      0.227,
      0.241,
      0.487,
      1.0,
      0.426,
      0.353,
      0.037,
      0.419,
      0.462,
      0.393,
      0.456,
      0.403,
      0.325
    ],
    [
      0.667,
      0.582,
      0.391,
      0.409,
      0.186,
      0.278,
      0.446,
      0.443,
      0.526,
      0.477,
      0.317,
      0.449,
      0.511,
      0.489,
      0.342,
      0.511,
      0.451,
      0.562,
      0.377,
      0.423,
      0.508,
      0.565,
      0.509,
      0.44,
      0.489,
      0.391,
      0.463,
      0.482,
      0.382,
      0.449,
      0.183,
      0.255,
      0.401,
      0.498,
      0.426,
      1.0,
      0.393,
      0.174,
      0.526,
      0.457,
      0.542,
      0.534,
      0.411,
      0.448
    ],
    [
      0.346,
      0.424,
      0.288,
      0.281,
      0.077,
      0.249,
      0.365,
      0.403,
      0.383,
      0.308,
      0.199,
      0.314,
      0.34,
      0.285,
      0.29,
      0.338,
      0.378,
      0.517,
      0.24,
      0.358,
      0.334,
      0.447,
      0.393,
      0.355,
      0.32,
      0.304,
      0.36,
      0.373,
      0.362,
      0.371,
      0.277,
      0.268,
      0.233,
      0.4,
      0.353,
      0.393,
      1.0,
      0.296,
      0.425,
      0.39,
      0.286,
      0.465,
      0.373,
      0.458
    ],
    [
      0.193,
      0.178,
      0.178,
      0.219,
      0.186,
      0.277,
      0.251,
      0.295,
      0.254,
      0.181,
      0.193,
      0.193,
      0.148,
      0.178,
      0.153,
      0.135,
      0.164,
      0.272,
      0.263,
      0.255,
      0.129,
      0.294,
      0.255,
      0.155,
      0.16,
      0.217,
      0.182,
      0.239,
      0.063,
      0.205,
      0.2,
      0.297,
      0.108,
      0.166,
      0.037,
      0.174,
      0.296,
      1.0,
      0.211,
      0.209,
      0.115,
      0.227,
      0.321,
      0.222
    ],
    [
      0.721,
      0.469,
      0.694,
      0.556,
      0.236,
      0.242,
      0.512,
      0.315,
      0.676,
      0.747,
      0.202,
      0.742,
      0.73,
      0.637,
      0.701,
      0.746,
      0.735,
      0.687,
      0.504,
      0.524,
      0.496,
      0.459,
      0.761,
      0.697,
      0.441,
      0.418,
      0.675,
      0.514,
      0.528,
      0.61,
      0.258,
      0.239,
      0.65,
      0.388,
      0.419,
      0.526,
      0.425,
      0.211,
      1.0,
      0.59,
      0.547,
      0.51,
      0.494,
      0.683
    ],
    [
      0.755,
      0.43,
      0.599,
      0.57,
      0.112,
      0.222,
      0.477,
      0.202,
      0.697,
      0.724,
      0.221,
      0.636,
      0.617,
      0.776,
      0.628,
      0.712,
      0.585,
      0.564,
      0.518,
      0.582,
      0.451,
      0.456,
      0.696,
      0.642,
      0.454,
      0.488,
      0.65,
      0.633,
      0.525,
      0.586,
      0.179,
      0.207,
      0.703,
      0.349,
      0.462,
      0.457,
      0.39,
      0.209,
      0.59,
      1.0,
      0.668,
      0.684,
      0.636,
      0.622
    ],
    [
      0.673,
      0.408,
      0.536,
      0.546,
      0.135,
      0.195,
      0.412,
      0.175,
      0.617,
      0.656,
      0.181,
      0.49,
      0.603,
      0.707,
      0.563,
      0.6,
      0.596,
      0.521,
      0.404,
      0.526,
      0.443,
      0.407,
      0.638,
      0.555,
      0.429,
      0.432,
      0.694,
      0.659,
      0.449,
      0.498,
      0.115,
      0.173,
      0.584,
      0.247,
      0.393,
      0.542,
      0.286,
      0.115,
      0.547,
      0.668,
      1.0,
      0.641,
      0.549,
      0.613
    ],
    [
      0.636,
      0.446,
      0.5,
      0.514,
      0.21,
      0.379,
      0.467,
      0.282,
      0.614,
      0.545,
      0.246,
      0.474,
      0.565,
      0.607,
      0.518,
      0.583,
      0.549,
      0.629,
      0.438,
      0.554,
      0.533,
      0.588,
      0.621,
      0.522,
      0.306,
      0.278,
      0.547,
      0.563,
      0.486,
      0.483,
      0.153,
      0.254,
      0.539,
      0.334,
      0.456,
      0.534,
      0.465,
      0.227,
      0.51,
      0.684,
      0.641,
      1.0,
      0.587,
      0.595
    ],
    [
      0.67,
      0.337,
      0.526,
      0.506,
      0.166,
      0.298,
      0.415,
      0.377,
      0.559,
      0.552,
      0.314,
      0.437,
      0.564,
      0.609,
      0.478,
      0.57,
      0.543,
      0.577,
      0.402,
      0.495,
      0.377,
      0.466,
      0.588,
      0.49,
      0.299,
      0.318,
      0.454,
      0.537,
      0.45,
      0.476,
      0.18,
      0.242,
      0.552,
      0.403,
      0.403,
      0.411,
      0.373,
      0.321,
      0.494,
      0.636,
      0.549,
      0.587,
      1.0,
      0.525
    ],
    [
      0.631,
      0.443,
      0.715,
      0.719,
      0.18,
      0.254,
      0.514,
      0.208,
      0.759,
      0.746,
      0.191,
      0.638,
      0.713,
      0.721,
      0.668,
      0.727,
      0.728,
      0.545,
      0.494,
      0.588,
      0.547,
      0.495,
      0.787,
      0.698,
      0.479,
      0.465,
      0.704,
      0.688,
      0.719,
      0.78,
      0.377,
      0.281,
      0.707,
      0.271,
      0.325,
      0.448,
      0.458,
      0.222,
      0.683,
      0.622,
      0.613,
      0.595,
      0.525,
      1.0
    ]
  ]
}