{
  "feeds": [
    "Brazil | Folha de São Paulo",
    "Brazil | O Globo (via Google News)",
    "China | CGTN Politics",
    "China | CGTN World",
    "China | Global Times",
    "China | People's Daily CN",
    "China | Xinhua English",
    "India | Dainik Bhaskar",
    "India | NDTV World",
    "India | The Hindu Intl",
    "India | Times of India",
    "Iran (Opposition / Diaspora) | Iran International EN",
    "Iran (Opposition / Diaspora) | Iran International FA",
    "Iran (Opposition / Diaspora) | RFE/RL (was Radio Farda)",
    "Iran (State) | Tehran Times",
    "Israel | Haaretz",
    "Israel | Jerusalem Post",
    "Israel | Times of Israel",
    "Israel | Ynet Hebrew",
    "Japan | Japan Times",
    "Japan | NHK Japanese",
    "Nigeria | Vanguard",
    "Qatar | Al Jazeera Arabic",
    "Qatar | Al Jazeera English",
    "Russia | Meduza",
    "Russia | Moscow Times",
    "Russia | RT",
    "Russia | TASS English",
    "Saudi Arabia | Al Arabiya English (via Google News)",
    "Saudi Arabia | Arab News (via Google News)",
    "South Korea | Korea Herald (via Google News)",
    "South Korea | Yonhap News",
    "Turkey | Daily Sabah",
    "Turkey | Hurriyet",
    "United Kingdom | BBC World",
    "United Kingdom | The Guardian World",
    "United Kingdom | The Telegraph",
    "United States | CNN World",
    "United States | Fox News World",
    "United States | NPR World",
    "Wire Services (Factual Baseline) | AFP / France 24 EN",
    "Wire Services (Factual Baseline) | AFP / France 24 FR",
    "Wire Services (Factual Baseline) | AP News",
    "Wire Services (Factual Baseline) | Reuters (via Google News)"
  ],
  "matrix": [
    [
      1.0,
      0.318,
      0.604,
      0.661,
      0.237,
      0.369,
      0.499,
      0.385,
      0.774,
      0.743,
      0.641,
      0.804,
      0.768,
      0.716,
      0.738,
      0.662,
      0.73,
      0.73,
      0.824,
      0.477,
      0.568,
      0.677,
      0.745,
      0.741,
      0.376,
      0.458,
      0.691,
      0.54,
      0.697,
      0.607,
      0.321,
      0.379,
      0.788,
      0.574,
      0.68,
      0.436,
      0.41,
      0.268,
      0.751,
      0.737,
      0.717,
      0.752,
      0.574,
      0.648
    ],
    [
      0.318,
      1.0,
      0.444,
      0.37,
      0.178,
      0.459,
      0.349,
      0.444,
      0.381,
      0.29,
      0.434,
      0.247,
      0.362,
      0.229,
      0.248,
      0.18,
      0.203,
      0.286,
      0.383,
      0.267,
      0.309,
      0.259,
      0.367,
      0.282,
      0.204,
      0.252,
      0.259,
      0.25,
      0.39,
      0.319,
      0.429,
      0.347,
      0.326,
      0.428,
      0.275,
      0.476,
      0.226,
      0.179,
      0.296,
      0.254,
      0.184,
      0.25,
      0.358,
      0.324
    ],
    [
      0.604,
      0.444,
      1.0,
      0.641,
      0.477,
      0.566,
      0.555,
      0.337,
      0.711,
      0.601,
      0.671,
      0.608,
      0.677,
      0.572,
      0.551,
      0.535,
      0.576,
      0.604,
      0.609,
      0.583,
      0.579,
      0.588,
      0.549,
      0.674,
      0.328,
      0.276,
      0.493,
      0.534,
      0.625,
      0.593,
      0.479,
      0.544,
      0.655,
      0.461,
      0.503,
      0.439,
      0.252,
      0.21,
      0.623,
      0.588,
      0.527,
      0.593,
      0.508,
      0.594
    ],
    [
      0.661,
      0.37,
      0.641,
      1.0,
      0.343,
      0.459,
      0.536,
      0.303,
      0.593,
      0.519,
      0.584,
      0.563,
      0.631,
      0.581,
      0.514,
      0.539,
      0.561,
      0.582,
      0.599,
      0.534,
      0.445,
      0.536,
      0.588,
      0.584,
      0.311,
      0.362,
      0.584,
      0.498,
      0.557,
      0.508,
      0.298,
      0.355,
      0.619,
      0.586,
      0.456,
      0.424,
      0.356,
      0.241,
      0.589,
      0.505,
      0.501,
      0.524,
      0.426,
      0.556
    ],
    [
      0.237,
      0.178,
      0.477,
      0.343,
      1.0,
      0.538,
      0.232,
      0.207,
      0.315,
      0.231,
      0.327,
      0.242,
      0.255,
      0.183,
      0.252,
      0.136,
      0.193,
      0.223,
      0.239,
      0.416,
      0.311,
      0.13,
      0.172,
      0.345,
      0.21,
      0.149,
      0.223,
      0.278,
      0.133,
      0.177,
      0.219,
      0.35,
      0.237,
      0.217,
      0.121,
      0.214,
      0.077,
      0.186,
      0.288,
      0.248,
      0.113,
      0.193,
      0.16,
      0.172
    ],
    [
      0.369,
      0.459,
      0.566,
      0.459,
      0.538,
      1.0,
      0.338,
      0.459,
      0.407,
      0.278,
      0.472,
      0.298,
      0.443,
      0.255,
      0.338,
      0.203,
      0.251,
      0.31,
      0.363,
      0.362,
      0.403,
      0.21,
      0.392,
      0.359,
      0.218,
      0.187,
      0.282,
      0.267,
      0.298,
      0.298,
      0.327,
      0.36,
      0.249,
      0.471,
      0.189,
      0.312,
      0.249,
      0.277,
      0.253,
      0.26,
      0.218,
      0.259,
      0.317,
      0.28
    ],
    [
      0.499,
      0.349,
      0.555,
      0.536,
      0.232,
      0.338,
      1.0,
      0.357,
      0.53,
      0.499,
      0.541,
      0.449,
      0.525,
      0.456,
      0.457,
      0.427,
      0.496,
      0.538,
      0.456,
      0.508,
      0.54,
      0.474,
      0.489,
      0.44,
      0.303,
      0.287,
      0.524,
      0.374,
      0.436,
      0.386,
      0.428,
      0.476,
      0.494,
      0.455,
      0.513,
      0.432,
      0.365,
      0.251,
      0.55,
      0.459,
      0.46,
      0.486,
      0.511,
      0.484
    ],
    [
      0.385,
      0.444,
      0.337,
      0.303,
      0.207,
      0.459,
      0.357,
      1.0,
      0.42,
      0.264,
      0.562,
      0.334,
      0.463,
      0.162,
      0.301,
      0.238,
      0.263,
      0.311,
      0.406,
      0.208,
      0.416,
      0.222,
      0.365,
      0.234,
      0.232,
      0.339,
      0.259,
      0.206,
      0.332,
      0.301,
      0.287,
      0.321,
      0.252,
      0.632,
      0.363,
      0.442,
      0.422,
      0.227,
      0.272,
      0.262,
      0.193,
      0.239,
      0.416,
      0.218
    ],
    [
      0.774,
      0.381,
      0.711,
      0.593,
      0.315,
      0.407,
      0.53,
      0.42,
      1.0,
      0.783,
      0.737,
      0.768,
      0.789,
      0.722,
      0.646,
      0.596,
      0.69,
      0.715,
      0.788,
      0.597,
      0.673,
      0.719,
      0.662,
      0.79,
      0.438,
      0.384,
      0.637,
      0.621,
      0.726,
      0.623,
      0.388,
      0.511,
      0.772,
      0.53,
      0.638,
      0.385,
      0.33,
      0.154,
      0.729,
      0.752,
      0.698,
      0.757,
      0.588,
      0.765
    ],
    [
      0.743,
      0.29,
      0.601,
      0.519,
      0.231,
      0.278,
      0.499,
      0.264,
      0.783,
      1.0,
      0.57,
      0.79,
      0.731,
      0.739,
      0.7,
      0.589,
      0.7,
      0.646,
      0.752,
      0.522,
      0.612,
      0.682,
      0.605,
      0.703,
      0.56,
      0.46,
      0.674,
      0.625,
      0.703,
      0.551,
      0.268,
      0.338,
      0.764,
      0.435,
      0.644,
      0.338,
      0.302,
      0.183,
      0.769,
      0.755,
      0.732,
      0.729,
      0.497,
      0.71
    ],
    [
      0.641,
      0.434,
      0.671,
      0.584,
      0.327,
      0.472,
      0.541,
      0.562,
      0.737,
      0.57,
      1.0,
      0.62,
      0.751,
      0.541,
      0.612,
      0.583,
      0.663,
      0.677,
      0.708,
      0.479,
      0.579,
      0.624,
      0.619,
      0.701,
      0.348,
      0.306,
      0.501,
      0.462,
      0.607,
      0.526,
      0.501,
      0.519,
      0.616,
      0.57,
      0.589,
      0.471,
      0.401,
      0.261,
      0.54,
      0.574,
      0.61,
      0.653,
      0.585,
      0.622
    ],
    [
      0.804,
      0.247,
      0.608,
      0.563,
      0.242,
      0.298,
      0.449,
      0.334,
      0.768,
      0.79,
      0.62,
      1.0,
      0.748,
      0.741,
      0.782,
      0.638,
      0.689,
      0.652,
      0.767,
      0.532,
      0.563,
      0.688,
      0.628,
      0.753,
      0.436,
      0.45,
      0.625,
      0.581,
      0.69,
      0.557,
      0.217,
      0.355,
      0.777,
      0.553,
      0.605,
      0.269,
      0.323,
      0.207,
      0.766,
      0.773,
      0.692,
      0.713,
      0.561,
      0.643
    ],
    [
      0.768,
      0.362,
      0.677,
      0.631,
      0.255,
      0.443,
      0.525,
      0.463,
      0.789,
      0.731,
      0.751,
      0.748,
      1.0,
      0.724,
      0.732,
      0.703,
      0.763,
      0.721,
      0.808,
      0.511,
      0.647,
      0.696,
      0.67,
      0.74,
      0.446,
      0.419,
      0.621,
      0.564,
      0.721,
      0.65,
      0.356,
      0.445,
      0.748,
      0.644,
      0.642,
      0.433,
      0.303,
      0.201,
      0.666,
      0.645,
      0.725,
      0.788,
      0.566,
      0.661
    ],
    [
      0.716,
      0.229,
      0.572,
      0.581,
      0.183,
      0.255,
      0.456,
      0.162,
      0.722,
      0.739,
      0.541,
      0.741,
      0.724,
      1.0,
      0.622,
      0.618,
      0.699,
      0.647,
      0.687,
      0.492,
      0.542,
      0.683,
      0.522,
      0.694,
      0.581,
      0.478,
      0.656,
      0.569,
      0.64,
      0.5,
      0.193,
      0.3,
      0.796,
      0.502,
      0.613,
      0.268,
      0.319,
      0.141,
      0.692,
      0.761,
      0.744,
      0.723,
      0.487,
      0.7
    ],
    [
      0.738,
      0.248,
      0.551,
      0.514,
      0.252,
      0.338,
      0.457,
      0.301,
      0.646,
      0.7,
      0.612,
      0.782,
      0.732,
      0.622,
      1.0,
      0.689,
      0.68,
      0.634,
      0.747,
      0.427,
      0.455,
      0.566,
      0.556,
      0.717,
      0.413,
      0.411,
      0.552,
      0.516,
      0.696,
      0.537,
      0.28,
      0.32,
      0.656,
      0.521,
      0.525,
      0.272,
      0.343,
      0.224,
      0.736,
      0.653,
      0.646,
      0.706,
      0.523,
      0.517
    ],
    [
      0.662,
      0.18,
      0.535,
      0.539,
      0.136,
      0.203,
      0.427,
      0.238,
      0.596,
      0.589,
      0.583,
      0.638,
      0.703,
      0.618,
      0.689,
      1.0,
      0.81,
      0.772,
      0.753,
      0.444,
      0.455,
      0.593,
      0.524,
      0.622,
      0.233,
      0.255,
      0.532,
      0.326,
      0.618,
      0.493,
      0.203,
      0.271,
      0.601,
      0.45,
      0.601,
      0.245,
      0.329,
      0.114,
      0.597,
      0.614,
      0.733,
      0.77,
      0.436,
      0.567
    ],
    [
      0.73,
      0.203,
      0.576,
      0.561,
      0.193,
      0.251,
      0.496,
      0.263,
      0.69,
      0.7,
      0.663,
      0.689,
      0.763,
      0.699,
      0.68,
      0.81,
      1.0,
      0.838,
      0.785,
      0.517,
      0.557,
      0.77,
      0.665,
      0.787,
      0.371,
      0.336,
      0.551,
      0.475,
      0.668,
      0.519,
      0.272,
      0.336,
      0.757,
      0.48,
      0.717,
      0.239,
      0.273,
      0.154,
      0.657,
      0.698,
      0.829,
      0.833,
      0.564,
      0.692
    ],
    [
      0.73,
      0.286,
      0.604,
      0.582,
      0.223,
      0.31,
      0.538,
      0.311,
      0.715,
      0.646,
      0.677,
      0.652,
      0.721,
      0.647,
      0.634,
      0.772,
      0.838,
      1.0,
      0.775,
      0.542,
      0.583,
      0.671,
      0.668,
      0.708,
      0.31,
      0.3,
      0.618,
      0.459,
      0.643,
      0.479,
      0.367,
      0.417,
      0.718,
      0.452,
      0.609,
      0.335,
      0.424,
      0.254,
      0.627,
      0.719,
      0.751,
      0.796,
      0.609,
      0.652
    ],
    [
      0.824,
      0.383,
      0.609,
      0.599,
      0.239,
      0.363,
      0.456,
      0.406,
      0.788,
      0.752,
      0.708,
      0.767,
      0.808,
      0.687,
      0.747,
      0.753,
      0.785,
      0.775,
      1.0,
      0.489,
      0.611,
      0.716,
      0.716,
      0.756,
      0.347,
      0.355,
      0.611,
      0.561,
      0.71,
      0.587,
      0.315,
      0.388,
      0.751,
      0.577,
      0.732,
      0.368,
      0.405,
      0.24,
      0.705,
      0.735,
      0.721,
      0.804,
      0.656,
      0.684
    ],
    [
      0.477,
      0.267,
      0.583,
      0.534,
      0.416,
      0.362,
      0.508,
      0.208,
      0.597,
      0.522,
      0.479,
      0.532,
      0.511,
      0.492,
      0.427,
      0.444,
      0.517,
      0.542,
      0.489,
      1.0,
      0.567,
      0.522,
      0.428,
      0.516,
      0.359,
      0.31,
      0.544,
      0.596,
      0.414,
      0.424,
      0.39,
      0.547,
      0.522,
      0.321,
      0.379,
      0.188,
      0.184,
      0.292,
      0.52,
      0.528,
      0.463,
      0.452,
      0.469,
      0.575
    ],
    [
      0.568,
      0.309,
      0.579,
      0.445,
      0.311,
      0.403,
      0.54,
      0.416,
      0.673,
      0.612,
      0.579,
      0.563,
      0.647,
      0.542,
      0.455,
      0.455,
      0.557,
      0.583,
      0.611,
      0.567,
      1.0,
      0.6,
      0.488,
      0.598,
      0.407,
      0.372,
      0.477,
      0.528,
      0.54,
      0.475,
      0.481,
      0.671,
      0.601,
      0.476,
      0.565,
      0.251,
      0.296,
      0.155,
      0.563,
      0.564,
      0.578,
      0.619,
      0.551,
      0.589
    ],
    [
      0.677,
      0.259,
      0.588,
      0.536,
      0.13,
      0.21,
      0.474,
      0.222,
      0.719,
      0.682,
      0.624,
      0.688,
      0.696,
      0.683,
      0.566,
      0.593,
      0.77,
      0.671,
      0.716,
      0.522,
      0.6,
      1.0,
      0.617,
      0.764,
      0.354,
      0.313,
      0.509,
      0.569,
      0.643,
      0.588,
      0.282,
      0.413,
      0.768,
      0.448,
      0.726,
      0.257,
      0.193,
      0.149,
      0.644,
      0.654,
      0.78,
      0.75,
      0.571,
      0.791
    ],
    [
      0.745,
      0.367,
      0.549,
      0.588,
      0.172,
      0.392,
      0.489,
      0.365,
      0.662,
      0.605,
      0.619,
      0.628,
      0.67,
      0.522,
      0.556,
      0.524,
      0.665,
      0.668,
      0.716,
      0.428,
      0.488,
      0.617,
      1.0,
      0.66,
      0.331,
      0.335,
      0.622,
      0.583,
      0.549,
      0.456,
      0.294,
      0.333,
      0.591,
      0.493,
      0.638,
      0.393,
      0.314,
      0.341,
      0.564,
      0.632,
      0.606,
      0.642,
      0.568,
      0.57
    ],
    [
      0.741,
      0.282,
      0.674,
      0.584,
      0.345,
      0.359,
      0.44,
      0.234,
      0.79,
      0.703,
      0.701,
      0.753,
      0.74,
      0.694,
      0.717,
      0.622,
      0.787,
      0.708,
      0.756,
      0.516,
      0.598,
      0.764,
      0.66,
      1.0,
      0.329,
      0.298,
      0.521,
      0.551,
      0.688,
      0.562,
      0.381,
      0.454,
      0.782,
      0.458,
      0.628,
      0.269,
      0.205,
      0.132,
      0.697,
      0.742,
      0.729,
      0.793,
      0.581,
      0.704
    ],
    [
      0.376,
      0.204,
      0.328,
      0.311,
      0.21,
      0.218,
      0.303,
      0.232,
      0.438,
      0.56,
      0.348,
      0.436,
      0.446,
      0.581,
      0.413,
      0.233,
      0.371,
      0.31,
      0.347,
      0.359,
      0.407,
      0.354,
      0.331,
      0.329,
      1.0,
      0.733,
      0.44,
      0.621,
      0.402,
      0.313,
      0.196,
      0.213,
      0.446,
      0.367,
      0.364,
      0.225,
      0.247,
      0.216,
      0.48,
      0.441,
      0.386,
      0.391,
      0.345,
      0.384
    ],
    [
      0.458,
      0.252,
      0.276,
      0.362,
      0.149,
      0.187,
      0.287,
      0.339,
      0.384,
      0.46,
      0.306,
      0.45,
      0.419,
      0.478,
      0.411,
      0.255,
      0.336,
      0.3,
      0.355,
      0.31,
      0.372,
      0.313,
      0.335,
      0.298,
      0.733,
      1.0,
      0.397,
      0.536,
      0.39,
      0.283,
      0.183,
      0.192,
      0.435,
      0.479,
      0.369,
      0.353,
      0.262,
      0.183,
      0.529,
      0.344,
      0.368,
      0.363,
      0.335,
      0.255
    ],
    [
      0.691,
      0.259,
      0.493,
      0.584,
      0.223,
      0.282,
      0.524,
      0.259,
      0.637,
      0.674,
      0.501,
      0.625,
      0.621,
      0.656,
      0.552,
      0.532,
      0.551,
      0.618,
      0.611,
      0.544,
      0.477,
      0.509,
      0.622,
      0.521,
      0.44,
      0.397,
      1.0,
      0.58,
      0.534,
      0.429,
      0.213,
      0.291,
      0.608,
      0.403,
      0.565,
      0.349,
      0.373,
      0.28,
      0.639,
      0.638,
      0.617,
      0.582,
      0.515,
      0.576
    ],
    [
      0.54,
      0.25,
      0.534,
      0.498,
      0.278,
      0.267,
      0.374,
      0.206,
      0.621,
      0.625,
      0.462,
      0.581,
      0.564,
      0.569,
      0.516,
      0.326,
      0.475,
      0.459,
      0.561,
      0.596,
      0.528,
      0.569,
      0.583,
      0.551,
      0.621,
      0.536,
      0.58,
      1.0,
      0.542,
      0.485,
      0.335,
      0.486,
      0.579,
      0.348,
      0.45,
      0.15,
      0.217,
      0.267,
      0.593,
      0.525,
      0.494,
      0.509,
      0.49,
      0.548
    ],
    [
      0.697,
      0.39,
      0.625,
      0.557,
      0.133,
      0.298,
      0.436,
      0.332,
      0.726,
      0.703,
      0.607,
      0.69,
      0.721,
      0.64,
      0.696,
      0.618,
      0.668,
      0.643,
      0.71,
      0.414,
      0.54,
      0.643,
      0.549,
      0.688,
      0.402,
      0.39,
      0.534,
      0.542,
      1.0,
      0.751,
      0.404,
      0.409,
      0.752,
      0.505,
      0.508,
      0.333,
      0.392,
      0.133,
      0.71,
      0.618,
      0.651,
      0.695,
      0.491,
      0.65
    ],
    [
      0.607,
      0.319,
      0.593,
      0.508,
      0.177,
      0.298,
      0.386,
      0.301,
      0.623,
      0.551,
      0.526,
      0.557,
      0.65,
      0.5,
      0.537,
      0.493,
      0.519,
      0.479,
      0.587,
      0.424,
      0.475,
      0.588,
      0.456,
      0.562,
      0.313,
      0.283,
      0.429,
      0.485,
      0.751,
      1.0,
      0.484,
      0.514,
      0.621,
      0.375,
      0.401,
      0.309,
      0.353,
      0.247,
      0.539,
      0.428,
      0.484,
      0.513,
      0.456,
      0.583
    ],
    [
      0.321,
      0.429,
      0.479,
      0.298,
      0.219,
      0.327,
      0.428,
      0.287,
      0.388,
      0.268,
      0.501,
      0.217,
      0.356,
      0.193,
      0.28,
      0.203,
      0.272,
      0.367,
      0.315,
      0.39,
      0.481,
      0.282,
      0.294,
      0.381,
      0.196,
      0.183,
      0.213,
      0.335,
      0.404,
      0.484,
      1.0,
      0.716,
      0.319,
      0.194,
      0.222,
      0.271,
      0.289,
      0.259,
      0.247,
      0.201,
      0.2,
      0.294,
      0.407,
      0.4
    ],
    [
      0.379,
      0.347,
      0.544,
      0.355,
      0.35,
      0.36,
      0.476,
      0.321,
      0.511,
      0.338,
      0.519,
      0.355,
      0.445,
      0.3,
      0.32,
      0.271,
      0.336,
      0.417,
      0.388,
      0.547,
      0.671,
      0.413,
      0.333,
      0.454,
      0.213,
      0.192,
      0.291,
      0.486,
      0.409,
      0.514,
      0.716,
      1.0,
      0.428,
      0.279,
      0.283,
      0.181,
      0.189,
      0.178,
      0.352,
      0.351,
      0.304,
      0.368,
      0.471,
      0.417
    ],
    [
      0.788,
      0.326,
      0.655,
      0.619,
      0.237,
      0.249,
      0.494,
      0.252,
      0.772,
      0.764,
      0.616,
      0.777,
      0.748,
      0.796,
      0.656,
      0.601,
      0.757,
      0.718,
      0.751,
      0.522,
      0.601,
      0.768,
      0.591,
      0.782,
      0.446,
      0.435,
      0.608,
      0.579,
      0.752,
      0.621,
      0.319,
      0.428,
      1.0,
      0.505,
      0.648,
      0.354,
      0.291,
      0.145,
      0.808,
      0.786,
      0.719,
      0.746,
      0.604,
      0.733
    ],
    [
      0.574,
      0.428,
      0.461,
      0.586,
      0.217,
      0.471,
      0.455,
      0.632,
      0.53,
      0.435,
      0.57,
      0.553,
      0.644,
      0.502,
      0.521,
      0.45,
      0.48,
      0.452,
      0.577,
      0.321,
      0.476,
      0.448,
      0.493,
      0.458,
      0.367,
      0.479,
      0.403,
      0.348,
      0.505,
      0.375,
      0.194,
      0.279,
      0.505,
      1.0,
      0.493,
      0.436,
      0.419,
      0.167,
      0.518,
      0.443,
      0.446,
      0.487,
      0.454,
      0.42
    ],
    [
      0.68,
      0.275,
      0.503,
      0.456,
      0.121,
      0.189,
      0.513,
      0.363,
      0.638,
      0.644,
      0.589,
      0.605,
      0.642,
      0.613,
      0.525,
      0.601,
      0.717,
      0.609,
      0.732,
      0.379,
      0.565,
      0.726,
      0.638,
      0.628,
      0.364,
      0.369,
      0.565,
      0.45,
      0.508,
      0.401,
      0.222,
      0.283,
      0.648,
      0.493,
      1.0,
      0.398,
      0.296,
      0.203,
      0.602,
      0.673,
      0.703,
      0.705,
      0.572,
      0.651
    ],
    [
      0.436,
      0.476,
      0.439,
      0.424,
      0.214,
      0.312,
      0.432,
      0.442,
      0.385,
      0.338,
      0.471,
      0.269,
      0.433,
      0.268,
      0.272,
      0.245,
      0.239,
      0.335,
      0.368,
      0.188,
      0.251,
      0.257,
      0.393,
      0.269,
      0.225,
      0.353,
      0.349,
      0.15,
      0.333,
      0.309,
      0.271,
      0.181,
      0.354,
      0.436,
      0.398,
      1.0,
      0.368,
      0.109,
      0.357,
      0.286,
      0.22,
      0.298,
      0.288,
      0.205
    ],
    [
      0.41,
      0.226,
      0.252,
      0.356,
      0.077,
      0.249,
      0.365,
      0.422,
      0.33,
      0.302,
      0.401,
      0.323,
      0.303,
      0.319,
      0.343,
      0.329,
      0.273,
      0.424,
      0.405,
      0.184,
      0.296,
      0.193,
      0.314,
      0.205,
      0.247,
      0.262,
      0.373,
      0.217,
      0.392,
      0.353,
      0.289,
      0.189,
      0.291,
      0.419,
      0.296,
      0.368,
      1.0,
      0.296,
      0.293,
      0.309,
      0.286,
      0.297,
      0.314,
      0.272
    ],
    [
      0.268,
      0.179,
      0.21,
      0.241,
      0.186,
      0.277,
      0.251,
      0.227,
      0.154,
      0.183,
      0.261,
      0.207,
      0.201,
      0.141,
      0.224,
      0.114,
      0.154,
      0.254,
      0.24,
      0.292,
      0.155,
      0.149,
      0.341,
      0.132,
      0.216,
      0.183,
      0.28,
      0.267,
      0.133,
      0.247,
      0.259,
      0.178,
      0.145,
      0.167,
      0.203,
      0.109,
      0.296,
      1.0,
      0.118,
      0.158,
      0.126,
      0.141,
      0.277,
      0.208
    ],
    [
      0.751,
      0.296,
      0.623,
      0.589,
      0.288,
      0.253,
      0.55,
      0.272,
      0.729,
      0.769,
      0.54,
      0.766,
      0.666,
      0.692,
      0.736,
      0.597,
      0.657,
      0.627,
      0.705,
      0.52,
      0.563,
      0.644,
      0.564,
      0.697,
      0.48,
      0.529,
      0.639,
      0.593,
      0.71,
      0.539,
      0.247,
      0.352,
      0.808,
      0.518,
      0.602,
      0.357,
      0.293,
      0.118,
      1.0,
      0.732,
      0.682,
      0.725,
      0.563,
      0.587
    ],
    [
      0.737,
      0.254,
      0.588,
      0.505,
      0.248,
      0.26,
      0.459,
      0.262,
      0.752,
      0.755,
      0.574,
      0.773,
      0.645,
      0.761,
      0.653,
      0.614,
      0.698,
      0.719,
      0.735,
      0.528,
      0.564,
      0.654,
      0.632,
      0.742,
      0.441,
      0.344,
      0.638,
      0.525,
      0.618,
      0.428,
      0.201,
      0.351,
      0.786,
      0.443,
      0.673,
      0.286,
      0.309,
      0.158,
      0.732,
      1.0,
      0.707,
      0.715,
      0.607,
      0.694
    ],
    [
      0.717,
      0.184,
      0.527,
      0.501,
      0.113,
      0.218,
      0.46,
      0.193,
      0.698,
      0.732,
      0.61,
      0.692,
      0.725,
      0.744,
      0.646,
      0.733,
      0.829,
      0.751,
      0.721,
      0.463,
      0.578,
      0.78,
      0.606,
      0.729,
      0.386,
      0.368,
      0.617,
      0.494,
      0.651,
      0.484,
      0.2,
      0.304,
      0.719,
      0.446,
      0.703,
      0.22,
      0.286,
      0.126,
      0.682,
      0.707,
      1.0,
      0.9,
      0.487,
      0.72
    ],
    [
      0.752,
      0.25,
      0.593,
      0.524,
      0.193,
      0.259,
      0.486,
      0.239,
      0.757,
      0.729,
      0.653,
      0.713,
      0.788,
      0.723,
      0.706,
      0.77,
      0.833,
      0.796,
      0.804,
      0.452,
      0.619,
      0.75,
      0.642,
      0.793,
      0.391,
      0.363,
      0.582,
      0.509,
      0.695,
      0.513,
      0.294,
      0.368,
      0.746,
      0.487,
      0.705,
      0.298,
      0.297,
      0.141,
      0.725,
      0.715,
      0.9,
      1.0,
      0.559,
      0.679
    ],
    [
      0.574,
      0.358,
      0.508,
      0.426,
      0.16,
      0.317,
      0.511,
      0.416,
      0.588,
      0.497,
      0.585,
      0.561,
      0.566,
      0.487,
      0.523,
      0.436,
      0.564,
      0.609,
      0.656,
      0.469,
      0.551,
      0.571,
      0.568,
      0.581,
      0.345,
      0.335,
      0.515,
      0.49,
      0.491,
      0.456,
      0.407,
      0.471,
      0.604,
      0.454,
      0.572,
      0.288,
      0.314,
      0.277,
      0.563,
      0.607,
      0.487,
      0.559,
      1.0,
      0.575
    ],
    [
      0.648,
      0.324,
      0.594,
      0.556,
      0.172,
      0.28,
      0.484,
      0.218,
      0.765,
      0.71,
      0.622,
      0.643,
      0.661,
      0.7,
      0.517,
      0.567,
      0.692,
      0.652,
      0.684,
      0.575,
      0.589,
      0.791,
      0.57,
      0.704,
      0.384,
      0.255,
      0.576,
      0.548,
      0.65,
      0.583,
      0.4,
      0.417,
      0.733,
      0.42,
      0.651,
      0.205,
      0.272,
      0.208,
      0.587,
      0.694,
      0.72,
      0.679,
      0.575,
      1.0
    ]
  ]
}