{
  "feeds": [
    "Brazil | Folha de São Paulo",
    "Brazil | O Globo (via Google News)",
    "China | CGTN Politics",
    "China | CGTN World",
    "China | Global Times",
    "China | People's Daily CN",
    "China | Xinhua English",
    "India | Dainik Bhaskar",
    "India | NDTV World",
    "India | The Hindu Intl",
    "India | Times of India",
    "Iran (Opposition / Diaspora) | Iran International EN",
    "Iran (Opposition / Diaspora) | Iran International FA",
    "Iran (Opposition / Diaspora) | RFE/RL (was Radio Farda)",
    "Iran (State) | IRNA English",
    "Iran (State) | IRNA Farsi",
    "Iran (State) | Tehran Times",
    "Israel | Haaretz",
    "Israel | Jerusalem Post",
    "Israel | Times of Israel",
    "Israel | Ynet Hebrew",
    "Japan | Japan Times",
    "Japan | NHK Japanese",
    "Nigeria | The Punch",
    "Nigeria | Vanguard",
    "Qatar | Al Jazeera Arabic",
    "Qatar | Al Jazeera English",
    "Russia | Meduza",
    "Russia | Moscow Times",
    "Russia | RT",
    "Russia | TASS English",
    "Saudi Arabia | Al Arabiya English (via Google News)",
    "Saudi Arabia | Arab News (via Google News)",
    "South Korea | Korea Herald (via Google News)",
    "South Korea | Yonhap News",
    "Turkey | Daily Sabah",
    "Turkey | Hurriyet",
    "United Kingdom | BBC World",
    "United Kingdom | The Guardian World",
    "United Kingdom | The Telegraph",
    "United States | CNN World",
    "United States | Fox News World",
    "United States | NPR World",
    "Wire Services (Factual Baseline) | AFP / France 24 EN",
    "Wire Services (Factual Baseline) | AFP / France 24 FR",
    "Wire Services (Factual Baseline) | AP News",
    "Wire Services (Factual Baseline) | Reuters (via Google News)"
  ],
  "matrix": [
    [
      1.0,
      0.433,
      0.461,
      0.454,
      0.333,
      0.34,
      0.463,
      0.308,
      0.564,
      0.586,
      0.445,
      0.555,
      0.595,
      0.565,
      0.566,
      0.484,
      0.522,
      0.488,
      0.515,
      0.509,
      0.679,
      0.342,
      0.392,
      0.47,
      0.509,
      0.551,
      0.624,
      0.42,
      0.497,
      0.587,
      0.563,
      0.509,
      0.552,
      0.245,
      0.402,
      0.544,
      0.468,
      0.589,
      0.613,
      0.415,
      0.222,
      0.606,
      0.52,
      0.654,
      0.681,
      0.543,
      0.477
    ],
    [
      0.433,
      1.0,
      0.3,
      0.344,
      0.173,
      0.302,
      0.387,
      0.385,
      0.299,
      0.363,
      0.334,
      0.32,
      0.405,
      0.368,
      0.35,
      0.407,
      0.276,
      0.301,
      0.397,
      0.266,
      0.46,
      0.323,
      0.407,
      0.566,
      0.462,
      0.537,
      0.321,
      0.413,
      0.39,
      0.267,
      0.419,
      0.307,
      0.351,
      0.348,
      0.368,
      0.334,
      0.436,
      0.364,
      0.568,
      0.323,
      0.254,
      0.311,
      0.289,
      0.511,
      0.483,
      0.377,
      0.373
    ],
    [
      0.461,
      0.3,
      1.0,
      0.751,
      0.501,
      0.505,
      0.524,
      0.35,
      0.522,
      0.425,
      0.443,
      0.576,
      0.548,
      0.44,
      0.57,
      0.515,
      0.588,
      0.428,
      0.468,
      0.336,
      0.476,
      0.377,
      0.398,
      0.303,
      0.345,
      0.43,
      0.604,
      0.287,
      0.315,
      0.376,
      0.467,
      0.594,
      0.612,
      0.429,
      0.572,
      0.549,
      0.226,
      0.341,
      0.343,
      0.206,
      0.069,
      0.526,
      0.374,
      0.539,
      0.526,
      0.378,
      0.385
    ],
    [
      0.454,
      0.344,
      0.751,
      1.0,
      0.538,
      0.522,
      0.471,
      0.325,
      0.494,
      0.482,
      0.451,
      0.543,
      0.518,
      0.378,
      0.469,
      0.447,
      0.47,
      0.447,
      0.484,
      0.336,
      0.503,
      0.473,
      0.379,
      0.317,
      0.374,
      0.482,
      0.607,
      0.254,
      0.256,
      0.406,
      0.508,
      0.578,
      0.604,
      0.374,
      0.431,
      0.54,
      0.196,
      0.401,
      0.427,
      0.242,
      0.165,
      0.549,
      0.421,
      0.533,
      0.493,
      0.303,
      0.464
    ],
    [
      0.333,
      0.173,
      0.501,
      0.538,
      1.0,
      0.555,
      0.306,
      0.273,
      0.294,
      0.257,
      0.301,
      0.299,
      0.203,
      0.188,
      0.254,
      0.412,
      0.272,
      0.103,
      0.258,
      0.104,
      0.342,
      0.397,
      0.261,
      0.179,
      0.257,
      0.223,
      0.322,
      0.113,
      0.09,
      0.242,
      0.303,
      0.256,
      0.36,
      0.237,
      0.328,
      0.277,
      0.095,
      0.242,
      0.288,
      0.091,
      0.187,
      0.365,
      0.27,
      0.32,
      0.272,
      0.327,
      0.235
    ],
    [
      0.34,
      0.302,
      0.505,
      0.522,
      0.555,
      1.0,
      0.338,
      0.463,
      0.278,
      0.299,
      0.461,
      0.286,
      0.352,
      0.266,
      0.372,
      0.592,
      0.345,
      0.241,
      0.3,
      0.176,
      0.468,
      0.364,
      0.463,
      0.3,
      0.337,
      0.336,
      0.311,
      0.239,
      0.205,
      0.179,
      0.309,
      0.302,
      0.359,
      0.289,
      0.437,
      0.245,
      0.219,
      0.248,
      0.377,
      0.249,
      0.277,
      0.346,
      0.321,
      0.402,
      0.388,
      0.381,
      0.17
    ],
    [
      0.463,
      0.387,
      0.524,
      0.471,
      0.306,
      0.338,
      1.0,
      0.344,
      0.509,
      0.465,
      0.371,
      0.429,
      0.539,
      0.464,
      0.394,
      0.485,
      0.484,
      0.429,
      0.56,
      0.444,
      0.49,
      0.428,
      0.371,
      0.339,
      0.44,
      0.502,
      0.507,
      0.333,
      0.358,
      0.502,
      0.478,
      0.464,
      0.469,
      0.41,
      0.486,
      0.541,
      0.333,
      0.439,
      0.419,
      0.365,
      0.251,
      0.554,
      0.461,
      0.53,
      0.518,
      0.382,
      0.502
    ],
    [
      0.308,
      0.385,
      0.35,
      0.325,
      0.273,
      0.463,
      0.344,
      1.0,
      0.265,
      0.356,
      0.606,
      0.301,
      0.435,
      0.249,
      0.367,
      0.516,
      0.328,
      0.281,
      0.409,
      0.229,
      0.519,
      0.301,
      0.496,
      0.37,
      0.44,
      0.455,
      0.274,
      0.217,
      0.253,
      0.155,
      0.243,
      0.251,
      0.366,
      0.315,
      0.399,
      0.242,
      0.499,
      0.39,
      0.366,
      0.371,
      0.233,
      0.362,
      0.347,
      0.394,
      0.348,
      0.381,
      0.247
    ],
    [
      0.564,
      0.299,
      0.522,
      0.494,
      0.294,
      0.278,
      0.509,
      0.265,
      1.0,
      0.697,
      0.384,
      0.643,
      0.742,
      0.628,
      0.602,
      0.545,
      0.633,
      0.502,
      0.653,
      0.588,
      0.661,
      0.473,
      0.258,
      0.301,
      0.395,
      0.561,
      0.646,
      0.46,
      0.423,
      0.711,
      0.665,
      0.755,
      0.733,
      0.23,
      0.514,
      0.738,
      0.282,
      0.687,
      0.395,
      0.29,
      0.183,
      0.624,
      0.523,
      0.759,
      0.673,
      0.483,
      0.681
    ],
    [
      0.586,
      0.363,
      0.425,
      0.482,
      0.257,
      0.299,
      0.465,
      0.356,
      0.697,
      1.0,
      0.506,
      0.67,
      0.736,
      0.592,
      0.566,
      0.505,
      0.57,
      0.48,
      0.618,
      0.569,
      0.578,
      0.452,
      0.351,
      0.418,
      0.426,
      0.551,
      0.484,
      0.501,
      0.493,
      0.484,
      0.593,
      0.608,
      0.602,
      0.28,
      0.394,
      0.595,
      0.444,
      0.596,
      0.482,
      0.36,
      0.24,
      0.565,
      0.483,
      0.671,
      0.554,
      0.405,
      0.536
    ],
    [
      0.445,
      0.334,
      0.443,
      0.451,
      0.301,
      0.461,
      0.371,
      0.606,
      0.384,
      0.506,
      1.0,
      0.415,
      0.508,
      0.285,
      0.41,
      0.499,
      0.421,
      0.398,
      0.389,
      0.374,
      0.518,
      0.414,
      0.478,
      0.47,
      0.44,
      0.491,
      0.448,
      0.273,
      0.3,
      0.288,
      0.348,
      0.382,
      0.47,
      0.408,
      0.436,
      0.295,
      0.437,
      0.418,
      0.361,
      0.406,
      0.209,
      0.462,
      0.364,
      0.51,
      0.437,
      0.32,
      0.32
    ],
    [
      0.555,
      0.32,
      0.576,
      0.543,
      0.299,
      0.286,
      0.429,
      0.301,
      0.643,
      0.67,
      0.415,
      1.0,
      0.753,
      0.659,
      0.727,
      0.584,
      0.663,
      0.485,
      0.569,
      0.444,
      0.576,
      0.52,
      0.298,
      0.31,
      0.334,
      0.528,
      0.625,
      0.429,
      0.462,
      0.562,
      0.595,
      0.695,
      0.664,
      0.281,
      0.425,
      0.589,
      0.367,
      0.527,
      0.445,
      0.257,
      0.156,
      0.64,
      0.444,
      0.636,
      0.601,
      0.364,
      0.429
    ],
    [
      0.595,
      0.405,
      0.548,
      0.518,
      0.203,
      0.352,
      0.539,
      0.435,
      0.742,
      0.736,
      0.508,
      0.753,
      1.0,
      0.713,
      0.727,
      0.66,
      0.749,
      0.645,
      0.768,
      0.626,
      0.657,
      0.479,
      0.457,
      0.364,
      0.416,
      0.692,
      0.604,
      0.557,
      0.589,
      0.652,
      0.656,
      0.722,
      0.728,
      0.309,
      0.51,
      0.668,
      0.472,
      0.608,
      0.454,
      0.399,
      0.218,
      0.625,
      0.57,
      0.72,
      0.667,
      0.459,
      0.535
    ],
    [
      0.565,
      0.368,
      0.44,
      0.378,
      0.188,
      0.266,
      0.464,
      0.249,
      0.628,
      0.592,
      0.285,
      0.659,
      0.713,
      1.0,
      0.639,
      0.513,
      0.641,
      0.465,
      0.587,
      0.491,
      0.525,
      0.456,
      0.356,
      0.314,
      0.348,
      0.561,
      0.496,
      0.729,
      0.745,
      0.654,
      0.746,
      0.576,
      0.557,
      0.24,
      0.415,
      0.612,
      0.447,
      0.509,
      0.452,
      0.401,
      0.276,
      0.599,
      0.467,
      0.657,
      0.665,
      0.363,
      0.487
    ],
    [
      0.566,
      0.35,
      0.57,
      0.469,
      0.254,
      0.372,
      0.394,
      0.367,
      0.602,
      0.566,
      0.41,
      0.727,
      0.727,
      0.639,
      1.0,
      0.68,
      0.814,
      0.495,
      0.577,
      0.488,
      0.571,
      0.36,
      0.294,
      0.293,
      0.322,
      0.536,
      0.555,
      0.469,
      0.455,
      0.513,
      0.529,
      0.644,
      0.67,
      0.265,
      0.429,
      0.579,
      0.352,
      0.434,
      0.414,
      0.328,
      0.148,
      0.528,
      0.361,
      0.642,
      0.608,
      0.401,
      0.314
    ],
    [
      0.484,
      0.407,
      0.515,
      0.447,
      0.412,
      0.592,
      0.485,
      0.516,
      0.545,
      0.505,
      0.499,
      0.584,
      0.66,
      0.513,
      0.68,
      1.0,
      0.647,
      0.362,
      0.551,
      0.418,
      0.633,
      0.422,
      0.479,
      0.349,
      0.421,
      0.58,
      0.499,
      0.429,
      0.398,
      0.408,
      0.478,
      0.539,
      0.596,
      0.368,
      0.489,
      0.53,
      0.381,
      0.437,
      0.442,
      0.32,
      0.299,
      0.445,
      0.406,
      0.551,
      0.505,
      0.418,
      0.364
    ],
    [
      0.522,
      0.276,
      0.588,
      0.47,
      0.272,
      0.345,
      0.484,
      0.328,
      0.633,
      0.57,
      0.421,
      0.663,
      0.749,
      0.641,
      0.814,
      0.647,
      1.0,
      0.535,
      0.661,
      0.527,
      0.542,
      0.37,
      0.325,
      0.24,
      0.343,
      0.594,
      0.53,
      0.464,
      0.441,
      0.484,
      0.523,
      0.583,
      0.684,
      0.263,
      0.396,
      0.615,
      0.348,
      0.378,
      0.306,
      0.333,
      0.257,
      0.525,
      0.405,
      0.573,
      0.537,
      0.35,
      0.318
    ],
    [
      0.488,
      0.301,
      0.428,
      0.447,
      0.103,
      0.241,
      0.429,
      0.281,
      0.502,
      0.48,
      0.398,
      0.485,
      0.645,
      0.465,
      0.495,
      0.362,
      0.535,
      1.0,
      0.726,
      0.73,
      0.608,
      0.48,
      0.323,
      0.249,
      0.41,
      0.582,
      0.428,
      0.349,
      0.369,
      0.494,
      0.534,
      0.491,
      0.582,
      0.272,
      0.359,
      0.528,
      0.288,
      0.463,
      0.37,
      0.359,
      0.165,
      0.47,
      0.46,
      0.522,
      0.551,
      0.199,
      0.324
    ],
    [
      0.515,
      0.397,
      0.468,
      0.484,
      0.258,
      0.3,
      0.56,
      0.409,
      0.653,
      0.618,
      0.389,
      0.569,
      0.768,
      0.587,
      0.577,
      0.551,
      0.661,
      0.726,
      1.0,
      0.726,
      0.667,
      0.48,
      0.316,
      0.287,
      0.425,
      0.719,
      0.514,
      0.458,
      0.432,
      0.565,
      0.627,
      0.587,
      0.66,
      0.28,
      0.428,
      0.671,
      0.455,
      0.563,
      0.389,
      0.387,
      0.273,
      0.542,
      0.582,
      0.624,
      0.584,
      0.339,
      0.519
    ],
    [
      0.509,
      0.266,
      0.336,
      0.336,
      0.104,
      0.176,
      0.444,
      0.229,
      0.588,
      0.569,
      0.374,
      0.444,
      0.626,
      0.491,
      0.488,
      0.418,
      0.527,
      0.73,
      0.726,
      1.0,
      0.685,
      0.386,
      0.236,
      0.23,
      0.332,
      0.54,
      0.386,
      0.415,
      0.41,
      0.523,
      0.579,
      0.555,
      0.545,
      0.3,
      0.351,
      0.562,
      0.274,
      0.488,
      0.396,
      0.471,
      0.232,
      0.48,
      0.534,
      0.568,
      0.568,
      0.258,
      0.384
    ],
    [
      0.679,
      0.46,
      0.476,
      0.503,
      0.342,
      0.468,
      0.49,
      0.519,
      0.661,
      0.578,
      0.518,
      0.576,
      0.657,
      0.525,
      0.571,
      0.633,
      0.542,
      0.608,
      0.667,
      0.685,
      1.0,
      0.536,
      0.475,
      0.388,
      0.544,
      0.644,
      0.53,
      0.362,
      0.405,
      0.526,
      0.604,
      0.581,
      0.633,
      0.367,
      0.489,
      0.561,
      0.456,
      0.624,
      0.59,
      0.482,
      0.316,
      0.618,
      0.574,
      0.695,
      0.708,
      0.457,
      0.486
    ],
    [
      0.342,
      0.323,
      0.377,
      0.473,
      0.397,
      0.364,
      0.428,
      0.301,
      0.473,
      0.452,
      0.414,
      0.52,
      0.479,
      0.456,
      0.36,
      0.422,
      0.37,
      0.48,
      0.48,
      0.386,
      0.536,
      1.0,
      0.388,
      0.299,
      0.461,
      0.482,
      0.409,
      0.258,
      0.301,
      0.39,
      0.526,
      0.422,
      0.473,
      0.356,
      0.366,
      0.329,
      0.314,
      0.396,
      0.29,
      0.24,
      0.402,
      0.529,
      0.35,
      0.518,
      0.463,
      0.272,
      0.408
    ],
    [
      0.392,
      0.407,
      0.398,
      0.379,
      0.261,
      0.463,
      0.371,
      0.496,
      0.258,
      0.351,
      0.478,
      0.298,
      0.457,
      0.356,
      0.294,
      0.479,
      0.325,
      0.323,
      0.316,
      0.236,
      0.475,
      0.388,
      1.0,
      0.359,
      0.334,
      0.425,
      0.31,
      0.239,
      0.445,
      0.223,
      0.24,
      0.169,
      0.281,
      0.404,
      0.419,
      0.264,
      0.481,
      0.242,
      0.33,
      0.372,
      0.259,
      0.411,
      0.353,
      0.37,
      0.319,
      0.377,
      0.247
    ],
    [
      0.47,
      0.566,
      0.303,
      0.317,
      0.179,
      0.3,
      0.339,
      0.37,
      0.301,
      0.418,
      0.47,
      0.31,
      0.364,
      0.314,
      0.293,
      0.349,
      0.24,
      0.249,
      0.287,
      0.23,
      0.388,
      0.299,
      0.359,
      1.0,
      0.633,
      0.429,
      0.338,
      0.309,
      0.311,
      0.281,
      0.318,
      0.315,
      0.326,
      0.317,
      0.382,
      0.23,
      0.414,
      0.414,
      0.595,
      0.313,
      0.166,
      0.4,
      0.244,
      0.486,
      0.477,
      0.355,
      0.382
    ],
    [
      0.509,
      0.462,
      0.345,
      0.374,
      0.257,
      0.337,
      0.44,
      0.44,
      0.395,
      0.426,
      0.44,
      0.334,
      0.416,
      0.348,
      0.322,
      0.421,
      0.343,
      0.41,
      0.425,
      0.332,
      0.544,
      0.461,
      0.334,
      0.633,
      1.0,
      0.486,
      0.335,
      0.258,
      0.253,
      0.273,
      0.383,
      0.325,
      0.45,
      0.311,
      0.295,
      0.331,
      0.372,
      0.43,
      0.501,
      0.368,
      0.312,
      0.395,
      0.341,
      0.513,
      0.539,
      0.384,
      0.376
    ],
    [
      0.551,
      0.537,
      0.43,
      0.482,
      0.223,
      0.336,
      0.502,
      0.455,
      0.561,
      0.551,
      0.491,
      0.528,
      0.692,
      0.561,
      0.536,
      0.58,
      0.594,
      0.582,
      0.719,
      0.54,
      0.644,
      0.482,
      0.425,
      0.429,
      0.486,
      1.0,
      0.559,
      0.492,
      0.478,
      0.514,
      0.581,
      0.525,
      0.584,
      0.242,
      0.382,
      0.589,
      0.499,
      0.564,
      0.593,
      0.461,
      0.263,
      0.568,
      0.46,
      0.656,
      0.634,
      0.428,
      0.538
    ],
    [
      0.624,
      0.321,
      0.604,
      0.607,
      0.322,
      0.311,
      0.507,
      0.274,
      0.646,
      0.484,
      0.448,
      0.625,
      0.604,
      0.496,
      0.555,
      0.499,
      0.53,
      0.428,
      0.514,
      0.386,
      0.53,
      0.409,
      0.31,
      0.338,
      0.335,
      0.559,
      1.0,
      0.301,
      0.35,
      0.608,
      0.497,
      0.618,
      0.624,
      0.307,
      0.488,
      0.639,
      0.195,
      0.54,
      0.453,
      0.264,
      0.152,
      0.666,
      0.505,
      0.641,
      0.638,
      0.449,
      0.565
    ],
    [
      0.42,
      0.413,
      0.287,
      0.254,
      0.113,
      0.239,
      0.333,
      0.217,
      0.46,
      0.501,
      0.273,
      0.429,
      0.557,
      0.729,
      0.469,
      0.429,
      0.464,
      0.349,
      0.458,
      0.415,
      0.362,
      0.258,
      0.239,
      0.309,
      0.258,
      0.492,
      0.301,
      1.0,
      0.831,
      0.475,
      0.675,
      0.416,
      0.404,
      0.179,
      0.334,
      0.523,
      0.403,
      0.412,
      0.396,
      0.359,
      0.185,
      0.362,
      0.375,
      0.534,
      0.451,
      0.309,
      0.36
    ],
    [
      0.497,
      0.39,
      0.315,
      0.256,
      0.09,
      0.205,
      0.358,
      0.253,
      0.423,
      0.493,
      0.3,
      0.462,
      0.589,
      0.745,
      0.455,
      0.398,
      0.441,
      0.369,
      0.432,
      0.41,
      0.405,
      0.301,
      0.445,
      0.311,
      0.253,
      0.478,
      0.35,
      0.831,
      1.0,
      0.436,
      0.654,
      0.358,
      0.366,
      0.208,
      0.334,
      0.478,
      0.509,
      0.395,
      0.422,
      0.383,
      0.181,
      0.444,
      0.455,
      0.491,
      0.464,
      0.313,
      0.339
    ],
    [
      0.587,
      0.267,
      0.376,
      0.406,
      0.242,
      0.179,
      0.502,
      0.155,
      0.711,
      0.484,
      0.288,
      0.562,
      0.652,
      0.654,
      0.513,
      0.408,
      0.484,
      0.494,
      0.565,
      0.523,
      0.526,
      0.39,
      0.223,
      0.281,
      0.273,
      0.514,
      0.608,
      0.475,
      0.436,
      1.0,
      0.682,
      0.63,
      0.566,
      0.216,
      0.502,
      0.652,
      0.261,
      0.685,
      0.409,
      0.309,
      0.111,
      0.633,
      0.523,
      0.672,
      0.669,
      0.469,
      0.7
    ],
    [
      0.563,
      0.419,
      0.467,
      0.508,
      0.303,
      0.309,
      0.478,
      0.243,
      0.665,
      0.593,
      0.348,
      0.595,
      0.656,
      0.746,
      0.529,
      0.478,
      0.523,
      0.534,
      0.627,
      0.579,
      0.604,
      0.526,
      0.24,
      0.318,
      0.383,
      0.581,
      0.497,
      0.675,
      0.654,
      0.682,
      1.0,
      0.61,
      0.592,
      0.299,
      0.493,
      0.644,
      0.457,
      0.582,
      0.467,
      0.347,
      0.292,
      0.577,
      0.563,
      0.658,
      0.652,
      0.359,
      0.574
    ],
    [
      0.509,
      0.307,
      0.594,
      0.578,
      0.256,
      0.302,
      0.464,
      0.251,
      0.755,
      0.608,
      0.382,
      0.695,
      0.722,
      0.576,
      0.644,
      0.539,
      0.583,
      0.491,
      0.587,
      0.555,
      0.581,
      0.422,
      0.169,
      0.315,
      0.325,
      0.525,
      0.618,
      0.416,
      0.358,
      0.63,
      0.61,
      1.0,
      0.806,
      0.373,
      0.54,
      0.619,
      0.238,
      0.545,
      0.366,
      0.314,
      0.133,
      0.578,
      0.416,
      0.695,
      0.63,
      0.342,
      0.594
    ],
    [
      0.552,
      0.351,
      0.612,
      0.604,
      0.36,
      0.359,
      0.469,
      0.366,
      0.733,
      0.602,
      0.47,
      0.664,
      0.728,
      0.557,
      0.67,
      0.596,
      0.684,
      0.582,
      0.66,
      0.545,
      0.633,
      0.473,
      0.281,
      0.326,
      0.45,
      0.584,
      0.624,
      0.404,
      0.366,
      0.566,
      0.592,
      0.806,
      1.0,
      0.481,
      0.557,
      0.656,
      0.278,
      0.493,
      0.369,
      0.369,
      0.216,
      0.61,
      0.429,
      0.658,
      0.614,
      0.33,
      0.528
    ],
    [
      0.245,
      0.348,
      0.429,
      0.374,
      0.237,
      0.289,
      0.41,
      0.315,
      0.23,
      0.28,
      0.408,
      0.281,
      0.309,
      0.24,
      0.265,
      0.368,
      0.263,
      0.272,
      0.28,
      0.3,
      0.367,
      0.356,
      0.404,
      0.317,
      0.311,
      0.242,
      0.307,
      0.179,
      0.208,
      0.216,
      0.299,
      0.373,
      0.481,
      1.0,
      0.647,
      0.22,
      0.206,
      0.145,
      0.167,
      0.348,
      0.29,
      0.337,
      0.231,
      0.284,
      0.262,
      0.132,
      0.27
    ],
    [
      0.402,
      0.368,
      0.572,
      0.431,
      0.328,
      0.437,
      0.486,
      0.399,
      0.514,
      0.394,
      0.436,
      0.425,
      0.51,
      0.415,
      0.429,
      0.489,
      0.396,
      0.359,
      0.428,
      0.351,
      0.489,
      0.366,
      0.419,
      0.382,
      0.295,
      0.382,
      0.488,
      0.334,
      0.334,
      0.502,
      0.493,
      0.54,
      0.557,
      0.647,
      1.0,
      0.455,
      0.232,
      0.408,
      0.336,
      0.269,
      0.226,
      0.504,
      0.432,
      0.508,
      0.488,
      0.416,
      0.499
    ],
    [
      0.544,
      0.334,
      0.549,
      0.54,
      0.277,
      0.245,
      0.541,
      0.242,
      0.738,
      0.595,
      0.295,
      0.589,
      0.668,
      0.612,
      0.579,
      0.53,
      0.615,
      0.528,
      0.671,
      0.562,
      0.561,
      0.329,
      0.264,
      0.23,
      0.331,
      0.589,
      0.639,
      0.523,
      0.478,
      0.652,
      0.644,
      0.619,
      0.656,
      0.22,
      0.455,
      1.0,
      0.261,
      0.544,
      0.439,
      0.24,
      0.17,
      0.602,
      0.558,
      0.673,
      0.599,
      0.372,
      0.571
    ],
    [
      0.468,
      0.436,
      0.226,
      0.196,
      0.095,
      0.219,
      0.333,
      0.499,
      0.282,
      0.444,
      0.437,
      0.367,
      0.472,
      0.447,
      0.352,
      0.381,
      0.348,
      0.288,
      0.455,
      0.274,
      0.456,
      0.314,
      0.481,
      0.414,
      0.372,
      0.499,
      0.195,
      0.403,
      0.509,
      0.261,
      0.457,
      0.238,
      0.278,
      0.206,
      0.232,
      0.261,
      1.0,
      0.42,
      0.374,
      0.387,
      0.235,
      0.34,
      0.353,
      0.429,
      0.381,
      0.344,
      0.287
    ],
    [
      0.589,
      0.364,
      0.341,
      0.401,
      0.242,
      0.248,
      0.439,
      0.39,
      0.687,
      0.596,
      0.418,
      0.527,
      0.608,
      0.509,
      0.434,
      0.437,
      0.378,
      0.463,
      0.563,
      0.488,
      0.624,
      0.396,
      0.242,
      0.414,
      0.43,
      0.564,
      0.54,
      0.412,
      0.395,
      0.685,
      0.582,
      0.545,
      0.493,
      0.145,
      0.408,
      0.544,
      0.42,
      1.0,
      0.564,
      0.379,
      0.19,
      0.588,
      0.588,
      0.659,
      0.664,
      0.533,
      0.707
    ],
    [
      0.613,
      0.568,
      0.343,
      0.427,
      0.288,
      0.377,
      0.419,
      0.366,
      0.395,
      0.482,
      0.361,
      0.445,
      0.454,
      0.452,
      0.414,
      0.442,
      0.306,
      0.37,
      0.389,
      0.396,
      0.59,
      0.29,
      0.33,
      0.595,
      0.501,
      0.593,
      0.453,
      0.396,
      0.422,
      0.409,
      0.467,
      0.366,
      0.369,
      0.167,
      0.336,
      0.439,
      0.374,
      0.564,
      1.0,
      0.377,
      0.145,
      0.533,
      0.42,
      0.603,
      0.671,
      0.448,
      0.435
    ],
    [
      0.415,
      0.323,
      0.206,
      0.242,
      0.091,
      0.249,
      0.365,
      0.371,
      0.29,
      0.36,
      0.406,
      0.257,
      0.399,
      0.401,
      0.328,
      0.32,
      0.333,
      0.359,
      0.387,
      0.471,
      0.482,
      0.24,
      0.372,
      0.313,
      0.368,
      0.461,
      0.264,
      0.359,
      0.383,
      0.309,
      0.347,
      0.314,
      0.369,
      0.348,
      0.269,
      0.24,
      0.387,
      0.379,
      0.377,
      1.0,
      0.296,
      0.489,
      0.359,
      0.415,
      0.463,
      0.324,
      0.293
    ],
    [
      0.222,
      0.254,
      0.069,
      0.165,
      0.187,
      0.277,
      0.251,
      0.233,
      0.183,
      0.24,
      0.209,
      0.156,
      0.218,
      0.276,
      0.148,
      0.299,
      0.257,
      0.165,
      0.273,
      0.232,
      0.316,
      0.402,
      0.259,
      0.166,
      0.312,
      0.263,
      0.152,
      0.185,
      0.181,
      0.111,
      0.292,
      0.133,
      0.216,
      0.29,
      0.226,
      0.17,
      0.235,
      0.19,
      0.145,
      0.296,
      1.0,
      0.249,
      0.307,
      0.256,
      0.207,
      0.325,
      0.196
    ],
    [
      0.606,
      0.311,
      0.526,
      0.549,
      0.365,
      0.346,
      0.554,
      0.362,
      0.624,
      0.565,
      0.462,
      0.64,
      0.625,
      0.599,
      0.528,
      0.445,
      0.525,
      0.47,
      0.542,
      0.48,
      0.618,
      0.529,
      0.411,
      0.4,
      0.395,
      0.568,
      0.666,
      0.362,
      0.444,
      0.633,
      0.577,
      0.578,
      0.61,
      0.337,
      0.504,
      0.602,
      0.34,
      0.588,
      0.533,
      0.489,
      0.249,
      1.0,
      0.545,
      0.615,
      0.667,
      0.452,
      0.51
    ],
    [
      0.52,
      0.289,
      0.374,
      0.421,
      0.27,
      0.321,
      0.461,
      0.347,
      0.523,
      0.483,
      0.364,
      0.444,
      0.57,
      0.467,
      0.361,
      0.406,
      0.405,
      0.46,
      0.582,
      0.534,
      0.574,
      0.35,
      0.353,
      0.244,
      0.341,
      0.46,
      0.505,
      0.375,
      0.455,
      0.523,
      0.563,
      0.416,
      0.429,
      0.231,
      0.432,
      0.558,
      0.353,
      0.588,
      0.42,
      0.359,
      0.307,
      0.545,
      1.0,
      0.563,
      0.526,
      0.422,
      0.428
    ],
    [
      0.654,
      0.511,
      0.539,
      0.533,
      0.32,
      0.402,
      0.53,
      0.394,
      0.759,
      0.671,
      0.51,
      0.636,
      0.72,
      0.657,
      0.642,
      0.551,
      0.573,
      0.522,
      0.624,
      0.568,
      0.695,
      0.518,
      0.37,
      0.486,
      0.513,
      0.656,
      0.641,
      0.534,
      0.491,
      0.672,
      0.658,
      0.695,
      0.658,
      0.284,
      0.508,
      0.673,
      0.429,
      0.659,
      0.603,
      0.415,
      0.256,
      0.615,
      0.563,
      1.0,
      0.819,
      0.589,
      0.655
    ],
    [
      0.681,
      0.483,
      0.526,
      0.493,
      0.272,
      0.388,
      0.518,
      0.348,
      0.673,
      0.554,
      0.437,
      0.601,
      0.667,
      0.665,
      0.608,
      0.505,
      0.537,
      0.551,
      0.584,
      0.568,
      0.708,
      0.463,
      0.319,
      0.477,
      0.539,
      0.634,
      0.638,
      0.451,
      0.464,
      0.669,
      0.652,
      0.63,
      0.614,
      0.262,
      0.488,
      0.599,
      0.381,
      0.664,
      0.671,
      0.463,
      0.207,
      0.667,
      0.526,
      0.819,
      1.0,
      0.52,
      0.573
    ],
    [
      0.543,
      0.377,
      0.378,
      0.303,
      0.327,
      0.381,
      0.382,
      0.381,
      0.483,
      0.405,
      0.32,
      0.364,
      0.459,
      0.363,
      0.401,
      0.418,
      0.35,
      0.199,
      0.339,
      0.258,
      0.457,
      0.272,
      0.377,
      0.355,
      0.384,
      0.428,
      0.449,
      0.309,
      0.313,
      0.469,
      0.359,
      0.342,
      0.33,
      0.132,
      0.416,
      0.372,
      0.344,
      0.533,
      0.448,
      0.324,
      0.325,
      0.452,
      0.422,
      0.589,
      0.52,
      1.0,
      0.505
    ],
    [
      0.477,
      0.373,
      0.385,
      0.464,
      0.235,
      0.17,
      0.502,
      0.247,
      0.681,
      0.536,
      0.32,
      0.429,
      0.535,
      0.487,
      0.314,
      0.364,
      0.318,
      0.324,
      0.519,
      0.384,
      0.486,
      0.408,
      0.247,
      0.382,
      0.376,
      0.538,
      0.565,
      0.36,
      0.339,
      0.7,
      0.574,
      0.594,
      0.528,
      0.27,
      0.499,
      0.571,
      0.287,
      0.707,
      0.435,
      0.293,
      0.196,
      0.51,
      0.428,
      0.655,
      0.573,
      0.505,
      1.0
    ]
  ]
}